9.999999999999999547e-07 5.834331666666665341e-03 1.166766333333333142e-02 1.556999524718504153e-04
1.166766333333333142e-02 1.750099499999999836e-02 2.333432666666666530e-02 3.575816698920976757e-04
2.333432666666666530e-02 2.916765833333333224e-02 3.500098999999999572e-02 7.338873391866654241e-04
3.500098999999999572e-02 4.083432166666665919e-02 4.666765333333332960e-02 1.260397525848750517e-03
4.666765333333332960e-02 5.250098500000000001e-02 5.833431666666666349e-02 3.162909079879440075e-03
5.833431666666666349e-02 6.416764833333332696e-02 7.000097999999999043e-02 3.996258634957136277e-03
7.000097999999999043e-02 7.583431166666665391e-02 8.166764333333333126e-02 4.931600816872083390e-03
8.166764333333333126e-02 8.750097499999999473e-02 9.333430666666665820e-02 5.952732489833936075e-03
9.333430666666665820e-02 9.916763833333332168e-02 1.050009699999999851e-01 7.045122640474934389e-03
1.050009699999999851e-01 1.108343016666666625e-01 1.166676333333333260e-01 7.795331732823619457e-03
1.166676333333333260e-01 1.225009649999999894e-01 1.283342966666666529e-01 8.902443471114244306e-03
1.283342966666666529e-01 1.341676283333333164e-01 1.400009599999999799e-01 1.004279601195528018e-02
1.400009599999999799e-01 1.458342916666666433e-01 1.516676233333333068e-01 1.120763217651463833e-02
1.516676233333333068e-01 1.575009549999999980e-01 1.633342866666666615e-01 1.281963262462479033e-02
1.633342866666666615e-01 1.691676183333333250e-01 1.750009499999999885e-01 1.397813537714779480e-02
1.750009499999999885e-01 1.808342816666666519e-01 1.866676133333333154e-01 1.513981146006787223e-02
1.866676133333333154e-01 1.925009449999999789e-01 1.983342766666666424e-01 1.629917576167329643e-02
1.983342766666666424e-01 2.041676083333333058e-01 2.100009399999999693e-01 2.028182248203961799e-02
2.100009399999999693e-01 2.158342716666666328e-01 2.216676033333333240e-01 2.143134442753238250e-02
2.216676033333333240e-01 2.275009349999999875e-01 2.333342666666666509e-01 2.256534561392994909e-02
2.333342666666666509e-01 2.391675983333333144e-01 2.450009299999999779e-01 2.368039979433127218e-02
2.450009299999999779e-01 2.508342616666666136e-01 2.566675933333332771e-01 2.476666409769029409e-02
2.566675933333332771e-01 2.625009249999999406e-01 2.683342566666666040e-01 2.587834586207593546e-02
2.683342566666666040e-01 2.741675883333332675e-01 2.800009199999999310e-01 2.696207075401724218e-02
2.800009199999999310e-01 2.858342516666665944e-01 2.916675833333332579e-01 2.801579235299676840e-02
2.916675833333332579e-01 2.975009149999999214e-01 3.033342466666665849e-01 2.903776479953012329e-02
3.033342466666665849e-01 3.091675783333333039e-01 3.150009099999999673e-01 3.045196424595007431e-02
3.150009099999999673e-01 3.208342416666666308e-01 3.266675733333332943e-01 3.150637859023621562e-02
3.266675733333332943e-01 3.325009049999999577e-01 3.383342366666666212e-01 3.252163843008756827e-02
3.383342366666666212e-01 3.441675683333332847e-01 3.500008999999999482e-01 3.349687378497784307e-02
3.500008999999999482e-01 3.558342316666666116e-01 3.616675633333332751e-01 3.513884441955528876e-02
3.616675633333332751e-01 3.675008949999999386e-01 3.733342266666666021e-01 3.607222136138246021e-02
3.733342266666666021e-01 3.791675583333332655e-01 3.850008899999999290e-01 3.696227993188450078e-02
3.850008899999999290e-01 3.908342216666665925e-01 3.966675533333332559e-01 3.780886579138328235e-02
3.966675533333332559e-01 4.025008849999999194e-01 4.083342166666665829e-01 3.902238735411656112e-02
4.083342166666665829e-01 4.141675483333332464e-01 4.200008799999999098e-01 3.978617632900777190e-02
4.200008799999999098e-01 4.258342116666665733e-01 4.316675433333332368e-01 4.050661957247781580e-02
4.316675433333332368e-01 4.375008749999999003e-01 4.433342066666666192e-01 4.118406647893878975e-02
4.433342066666666192e-01 4.491675383333332827e-01 4.550008699999999462e-01 4.181896172511209014e-02
4.550008699999999462e-01 4.608342016666666097e-01 4.666675333333332731e-01 4.444094218668419999e-02
4.666675333333332731e-01 4.725008649999999366e-01 4.783341966666666001e-01 4.499014717846830380e-02
4.783341966666666001e-01 4.841675283333332636e-01 4.900008599999999270e-01 4.549877233475234373e-02
4.900008599999999270e-01 4.958341916666666460e-01 5.016675233333333095e-01 4.596754418248381879e-02
5.016675233333333095e-01 5.075008549999999730e-01 5.133341866666666364e-01 4.558711042330991503e-02
5.133341866666666364e-01 5.191675183333332999e-01 5.250008499999999634e-01 4.595146473808499332e-02
5.250008499999999634e-01 5.308341816666666269e-01 5.366675133333332903e-01 4.628101002191838120e-02
5.366675133333332903e-01 5.425008449999999538e-01 5.483341766666666173e-01 4.657657491304605102e-02
5.483341766666666173e-01 5.541675083333332807e-01 5.600008399999999442e-01 4.736110515130966675e-02
5.600008399999999442e-01 5.658341716666666077e-01 5.716675033333332712e-01 4.760630885688339753e-02
5.716675033333332712e-01 5.775008349999999346e-01 5.833341666666665981e-01 4.781810196564083987e-02
5.833341666666665981e-01 5.891674983333332616e-01 5.950008299999999251e-01 4.799744515532398254e-02
5.950008299999999251e-01 6.008341616666665885e-01 6.066674933333332520e-01 4.714468850423845364e-02
6.066674933333332520e-01 6.125008249999999155e-01 6.183341566666665789e-01 4.726656246772122094e-02
6.183341566666665789e-01 6.241674883333332424e-01 6.300008200000000169e-01 4.735777666797414548e-02
6.300008200000000169e-01 6.358341516666666804e-01 6.416674833333333439e-01 4.741934851177047328e-02
6.416674833333333439e-01 6.475008150000000073e-01 6.533341466666666708e-01 4.745229319159029874e-02
6.533341466666666708e-01 6.591674783333333343e-01 6.650008099999999978e-01 4.718659938206922616e-02
6.650008099999999978e-01 6.708341416666666612e-01 6.766674733333333247e-01 4.716519915702457183e-02
6.766674733333333247e-01 6.825008049999999882e-01 6.883341366666666516e-01 4.711804239585181547e-02
6.883341366666666516e-01 6.941674683333333151e-01 7.000007999999999786e-01 4.704611963272419678e-02
7.000007999999999786e-01 7.058341316666666421e-01 7.116674633333333055e-01 4.703861040948097844e-02
7.116674633333333055e-01 7.175007949999999690e-01 7.233341266666666325e-01 4.691983113074492395e-02
7.233341266666666325e-01 7.291674583333332960e-01 7.350007899999999594e-01 4.677913550871527770e-02
7.350007899999999594e-01 7.408341216666666229e-01 7.466674533333332864e-01 4.661746115002182722e-02
7.466674533333332864e-01 7.525007849999999499e-01 7.583341166666666133e-01 4.656591750180802403e-02
7.583341166666666133e-01 7.641674483333332768e-01 7.700007799999999403e-01 4.636503151105290238e-02
7.700007799999999403e-01 7.758341116666666037e-01 7.816674433333332672e-01 4.614587796657294155e-02
7.816674433333332672e-01 7.875007749999999307e-01 7.933341066666665942e-01 4.590932443494294413e-02
7.933341066666665942e-01 7.991674383333332576e-01 8.050007699999999211e-01 4.565621949124536172e-02
8.050007699999999211e-01 8.108341016666665846e-01 8.166674333333332481e-01 4.547605214351629205e-02
8.166674333333332481e-01 8.225007649999999115e-01 8.283340966666665750e-01 4.519280663984347884e-02
8.283340966666665750e-01 8.341674283333332385e-01 8.400007599999999020e-01 4.489546246089817089e-02
8.400007599999999020e-01 8.458340916666665654e-01 8.516674233333332289e-01 4.458478760092998705e-02
8.516674233333332289e-01 8.575007549999998924e-01 8.633340866666665558e-01 4.380481490002121475e-02
8.633340866666665558e-01 8.691674183333333303e-01 8.750007499999999938e-01 4.347266346885633737e-02
8.750007499999999938e-01 8.808340816666666573e-01 8.866674133333333208e-01 4.312946223557667658e-02
8.866674133333333208e-01 8.925007449999999842e-01 8.983340766666666477e-01 4.277589198600254689e-02
8.983340766666666477e-01 9.041674083333333112e-01 9.100007399999999746e-01 4.237348217844401355e-02
9.100007399999999746e-01 9.158340716666666381e-01 9.216674033333333016e-01 4.201063737888733468e-02
9.216674033333333016e-01 9.275007349999999651e-01 9.333340666666666285e-01 4.163956177585434459e-02
9.333340666666666285e-01 9.391673983333332920e-01 9.450007299999999555e-01 4.126084151812735301e-02
9.450007299999999555e-01 9.508340616666666190e-01 9.566673933333332824e-01 4.182636047189786099e-02
9.566673933333332824e-01 9.625007249999999459e-01 9.683340566666666094e-01 4.143297192987909633e-02
9.683340566666666094e-01 9.741673883333332729e-01 9.800007199999999363e-01 4.103356856224368160e-02
9.800007199999999363e-01 9.858340516666665998e-01 9.916673833333332633e-01 4.062866380797358623e-02
9.916673833333332633e-01 9.975007149999999267e-01 1.003334046666666479e+00 4.021875319733454746e-02
1.003334046666666479e+00 1.009167378333333254e+00 1.015000709999999806e+00 3.905985206786002917e-02
1.015000709999999806e+00 1.020834041666666359e+00 1.026667373333333133e+00 3.864876805588719766e-02
1.026667373333333133e+00 1.032500704999999908e+00 1.038334036666666460e+00 3.823412464135322181e-02
1.038334036666666460e+00 1.044167368333333012e+00 1.050000699999999787e+00 3.781634125692632381e-02
1.050000699999999787e+00 1.055834031666666561e+00 1.061667363333333114e+00 3.675042274527812181e-02
1.061667363333333114e+00 1.067500694999999666e+00 1.073334026666666441e+00 3.632427353672192799e-02
1.073334026666666441e+00 1.079167358333333215e+00 1.085000689999999768e+00 3.589613261117965276e-02
1.085000689999999768e+00 1.090834021666666320e+00 1.096667353333333095e+00 3.546636018286077052e-02
1.096667353333333095e+00 1.102500684999999869e+00 1.108334016666666422e+00 3.518328370332698962e-02
1.108334016666666422e+00 1.114167348333332974e+00 1.120000679999999749e+00 3.474191405188639670e-02
1.120000679999999749e+00 1.125834011666666523e+00 1.131667343333333076e+00 3.429989271971835979e-02
1.131667343333333076e+00 1.137500674999999628e+00 1.143334006666666403e+00 3.385752967969878763e-02
1.143334006666666403e+00 1.149167338333333177e+00 1.155000669999999729e+00 3.341512130726274898e-02
1.155000669999999729e+00 1.160834001666666282e+00 1.166667333333333056e+00 3.294259343172417642e-02
1.166667333333333056e+00 1.172500664999999831e+00 1.178333996666666383e+00 3.250023854450860561e-02
1.178333996666666383e+00 1.184167328333332936e+00 1.190000659999999710e+00 3.205865069353344005e-02
1.190000659999999710e+00 1.195833991666666485e+00 1.201667323333333037e+00 3.161807586371685047e-02
1.201667323333333037e+00 1.207500654999999590e+00 1.213333986666666364e+00 3.117652002794414276e-02
1.213333986666666364e+00 1.219167318333333139e+00 1.225000649999999691e+00 3.073959585006751441e-02
1.225000649999999691e+00 1.230833981666666244e+00 1.236667313333333018e+00 3.030434951798226945e-02
1.236667313333333018e+00 1.242500644999999793e+00 1.248333976666666567e+00 2.987098137399002776e-02
1.248333976666666567e+00 1.254167308333333342e+00 1.260000639999999894e+00 2.917613494001804197e-02
1.260000639999999894e+00 1.265833971666666447e+00 1.271667303333333221e+00 2.875045086970669586e-02
1.271667303333333221e+00 1.277500634999999996e+00 1.283333966666666548e+00 2.832716575494372002e-02
1.283333966666666548e+00 1.289167298333333100e+00 1.295000629999999875e+00 2.790643890382098202e-02
1.295000629999999875e+00 1.300833961666666649e+00 1.306667293333333202e+00 2.723540981958949905e-02
1.306667293333333202e+00 1.312500624999999754e+00 1.318333956666666529e+00 2.682285275251435411e-02
1.318333956666666529e+00 1.324167288333333303e+00 1.330000619999999856e+00 2.641325985935173357e-02
1.330000619999999856e+00 1.335833951666666408e+00 1.341667283333333183e+00 2.600675515444136887e-02
1.341667283333333183e+00 1.347500614999999957e+00 1.353333946666666510e+00 2.560345480358696205e-02
1.353333946666666510e+00 1.359167278333333062e+00 1.365000609999999837e+00 2.536844941898998979e-02
1.365000609999999837e+00 1.370833941666666611e+00 1.376667273333333164e+00 2.497287600338312166e-02
1.376667273333333164e+00 1.382500604999999716e+00 1.388333936666666490e+00 2.458080224597648106e-02
1.388333936666666490e+00 1.394167268333333265e+00 1.400000599999999817e+00 2.419231540922677989e-02
1.400000599999999817e+00 1.405833931666666370e+00 1.411667263333333144e+00 2.383560662025765650e-02
1.411667263333333144e+00 1.417500594999999919e+00 1.423333926666666471e+00 2.346253134847280097e-02
1.423333926666666471e+00 1.429167258333333024e+00 1.435000589999999798e+00 2.309318669855415715e-02
1.435000589999999798e+00 1.440833921666666573e+00 1.446667253333333125e+00 2.272763403290413431e-02
1.446667253333333125e+00 1.452500584999999678e+00 1.458333916666666452e+00 2.198032696089221791e-02
1.458333916666666452e+00 1.464167248333333227e+00 1.470000579999999779e+00 2.162277457478531048e-02
1.470000579999999779e+00 1.475833911666666332e+00 1.481667243333333106e+00 2.126916364062316975e-02
1.481667243333333106e+00 1.487500574999999881e+00 1.493333906666666433e+00 2.091953497793932332e-02
1.493333906666666433e+00 1.499167238333332985e+00 1.505000569999999760e+00 2.057392479201475277e-02
1.505000569999999760e+00 1.510833901666666534e+00 1.516667233333333087e+00 2.012837208054979454e-02
1.516667233333333087e+00 1.522500564999999639e+00 1.528333896666666414e+00 1.978921527137595185e-02
1.528333896666666414e+00 1.534167228333333188e+00 1.540000559999999741e+00 1.945418012087481510e-02
1.540000559999999741e+00 1.545833891666666293e+00 1.551667223333333068e+00 1.912328634660930698e-02
1.551667223333333068e+00 1.557500554999999842e+00 1.563333886666666395e+00 1.890538241428618357e-02
1.563333886666666395e+00 1.569167218333332947e+00 1.575000549999999722e+00 1.858485232120282715e-02
1.575000549999999722e+00 1.580833881666666496e+00 1.586667213333333049e+00 1.826847469061267798e-02
1.586667213333333049e+00 1.592500544999999601e+00 1.598333876666666375e+00 1.795625528548983399e-02
1.598333876666666375e+00 1.604167208333333150e+00 1.610000539999999702e+00 1.707306163241482239e-02
1.610000539999999702e+00 1.615833871666666255e+00 1.621667203333333029e+00 1.677320946316239111e-02
1.621667203333333029e+00 1.627500534999999804e+00 1.633333866666666356e+00 1.647745962052113780e-02
1.633333866666666356e+00 1.639167198333332909e+00 1.645000529999999683e+00 1.618580651941034856e-02
1.645000529999999683e+00 1.650833861666666458e+00 1.656667193333333010e+00 1.597407037248895975e-02
1.656667193333333010e+00 1.662500524999999563e+00 1.668333856666666337e+00 1.569512291084378813e-02
1.668333856666666337e+00 1.674167188333333112e+00 1.680000519999999664e+00 1.542017594940979855e-02
1.680000519999999664e+00 1.685833851666666217e+00 1.691667183333332991e+00 1.514921494740488137e-02
1.691667183333332991e+00 1.697500514999999766e+00 1.703333846666666318e+00 1.488222339076217260e-02
1.703333846666666318e+00 1.709167178333332870e+00 1.715000509999999645e+00 1.465941174303387988e-02
1.715000509999999645e+00 1.720833841666666419e+00 1.726667173333332972e+00 1.440472107127587810e-02
1.726667173333332972e+00 1.732500504999999524e+00 1.738333836666666299e+00 1.415387284990741665e-02
1.738333836666666299e+00 1.744167168333333073e+00 1.750000499999999848e+00 1.390684410537006144e-02
1.750000499999999848e+00 1.755833831666666622e+00 1.761667163333333175e+00 1.336149115920276347e-02
1.761667163333333175e+00 1.767500494999999727e+00 1.773333826666666502e+00 1.312132471451317797e-02
1.773333826666666502e+00 1.779167158333333276e+00 1.785000489999999829e+00 1.288491145105559975e-02
1.785000489999999829e+00 1.790833821666666381e+00 1.796667153333333156e+00 1.265222303014502947e-02
1.796667153333333156e+00 1.802500484999999930e+00 1.808333816666666483e+00 1.288654513438389562e-02
1.808333816666666483e+00 1.814167148333333035e+00 1.820000479999999810e+00 1.265476129766618385e-02
1.820000479999999810e+00 1.825833811666666584e+00 1.831667143333333136e+00 1.242671496003170881e-02
1.831667143333333136e+00 1.837500474999999689e+00 1.843333806666666463e+00 1.220237281358231736e-02
1.843333806666666463e+00 1.849167138333333238e+00 1.855000469999999790e+00 1.198170069029114854e-02
1.855000469999999790e+00 1.860833801666666343e+00 1.866667133333333117e+00 1.203592405487573583e-02
1.866667133333333117e+00 1.872500464999999892e+00 1.878333796666666444e+00 1.181712326430898845e-02
1.878333796666666444e+00 1.884167128333332997e+00 1.890000459999999771e+00 1.160197500780020020e-02
1.890000459999999771e+00 1.895833791666666546e+00 1.901667123333333098e+00 1.139044138205675023e-02
1.901667123333333098e+00 1.907500454999999651e+00 1.913333786666666425e+00 1.124455588684845908e-02
1.913333786666666425e+00 1.919167118333333200e+00 1.925000449999999752e+00 1.103974379311089757e-02
1.925000449999999752e+00 1.930833781666666304e+00 1.936667113333333079e+00 1.083843612319230348e-02
1.936667113333333079e+00 1.942500444999999853e+00 1.948333776666666406e+00 1.064059293866731135e-02
1.948333776666666406e+00 1.954167108333332958e+00 1.960000439999999733e+00 1.021696665965490455e-02
1.960000439999999733e+00 1.965833771666666507e+00 1.971667103333333060e+00 1.002656400498824069e-02
1.971667103333333060e+00 1.977500434999999612e+00 1.983333766666666387e+00 9.839492942671355935e-03
1.983333766666666387e+00 1.989167098333333161e+00 1.995000429999999714e+00 9.655712480252907209e-03
1.995000429999999714e+00 2.000833761666666710e+00 2.006667093333333263e+00 9.475024027124225035e-03
2.006667093333333263e+00 2.012500424999999815e+00 2.018333756666666812e+00 9.292835214908761951e-03
2.018333756666666812e+00 2.024167088333333364e+00 2.030000419999999917e+00 9.113899919094871349e-03
2.030000419999999917e+00 2.035833751666666913e+00 2.041667083333333466e+00 8.938175461885012468e-03
2.041667083333333466e+00 2.047500415000000018e+00 2.053333746666666570e+00 8.765619114349232008e-03
2.053333746666666570e+00 2.059167078333333123e+00 2.065000410000000119e+00 8.606528825757407339e-03
2.065000410000000119e+00 2.070833741666666672e+00 2.076667073333333224e+00 8.440628520002073018e-03
2.076667073333333224e+00 2.082500405000000221e+00 2.088333736666666773e+00 8.277759956531694982e-03
2.088333736666666773e+00 2.094167068333333326e+00 2.100000399999999878e+00 8.117880623120209138e-03
2.100000399999999878e+00 2.105833731666666431e+00 2.111667063333333427e+00 7.626231792145834847e-03
2.111667063333333427e+00 2.117500394999999980e+00 2.123333726666666532e+00 7.473319530175842433e-03
2.123333726666666532e+00 2.129167058333333529e+00 2.135000390000000081e+00 7.323248890524849258e-03
2.135000390000000081e+00 2.140833721666666634e+00 2.146667053333333186e+00 7.175978185369200416e-03
2.146667053333333186e+00 2.152500384999999739e+00 2.158333716666666735e+00 6.937461377803788923e-03
2.158333716666666735e+00 2.164167048333333288e+00 2.170000379999999840e+00 6.796025022076991953e-03
2.170000379999999840e+00 2.175833711666666836e+00 2.181667043333333389e+00 6.657257947852517586e-03
2.181667043333333389e+00 2.187500374999999941e+00 2.193333706666666494e+00 6.521119420032449494e-03
2.193333706666666494e+00 2.199167038333333046e+00 2.205000370000000043e+00 6.387568958688282124e-03
2.205000370000000043e+00 2.210833701666666595e+00 2.216667033333333148e+00 6.495898996642867143e-03
2.216667033333333148e+00 2.222500365000000144e+00 2.228333696666666697e+00 6.369233134555743470e-03
2.228333696666666697e+00 2.234167028333333249e+00 2.240000359999999802e+00 6.245000447873049962e-03
2.240000359999999802e+00 2.245833691666666354e+00 2.251667023333333351e+00 6.123162180294489110e-03
2.251667023333333351e+00 2.257500354999999903e+00 2.263333686666666456e+00 5.899812236097796633e-03
2.263333686666666456e+00 2.269167018333333452e+00 2.275000350000000005e+00 5.786701221111799007e-03
2.275000350000000005e+00 2.280833681666666557e+00 2.286667013333333109e+00 5.675791422830742117e-03
2.286667013333333109e+00 2.292500344999999662e+00 2.298333676666666658e+00 5.567046711706851413e-03
2.298333676666666658e+00 2.304167008333333211e+00 2.310000339999999763e+00 5.145926772233347900e-03
2.310000339999999763e+00 2.315833671666666760e+00 2.321667003333333312e+00 5.048986685744250545e-03
2.321667003333333312e+00 2.327500334999999865e+00 2.333333666666666417e+00 4.953956055068440938e-03
2.333333666666666417e+00 2.339166998333332970e+00 2.345000329999999966e+00 4.860802685717080344e-03
2.345000329999999966e+00 2.350833661666666519e+00 2.356666993333333071e+00 4.652701715909745087e-03
2.356666993333333071e+00 2.362500325000000068e+00 2.368333656666666620e+00 4.565111936237871253e-03
2.368333656666666620e+00 2.374166988333333173e+00 2.380000319999999725e+00 4.479266978328338457e-03
2.380000319999999725e+00 2.385833651666666277e+00 2.391666983333333274e+00 4.395136702430011734e-03
2.391666983333333274e+00 2.397500314999999826e+00 2.403333646666666379e+00 4.312691320586046866e-03
2.403333646666666379e+00 2.409166978333333375e+00 2.415000309999999928e+00 4.408844237977300497e-03
2.415000309999999928e+00 2.420833641666666480e+00 2.426666973333333033e+00 4.333972082910574411e-03
2.426666973333333033e+00 2.432500304999999585e+00 2.438333636666666582e+00 4.260610987572124517e-03
2.438333636666666582e+00 2.444166968333333134e+00 2.450000299999999687e+00 4.188734133265353127e-03
2.450000299999999687e+00 2.455833631666666683e+00 2.461666963333333236e+00 4.132124781706175524e-03
2.461666963333333236e+00 2.467500294999999788e+00 2.473333626666666341e+00 4.061669810357377945e-03
2.473333626666666341e+00 2.479166958333332893e+00 2.485000289999999890e+00 3.992650589697810046e-03
2.485000289999999890e+00 2.490833621666666886e+00 2.496666953333333439e+00 3.925041135758124133e-03
2.496666953333333439e+00 2.502500284999999991e+00 2.508333616666666543e+00 3.394198526079742016e-03
2.508333616666666543e+00 2.514166948333333096e+00 2.520000280000000092e+00 3.330888157370720352e-03
2.520000280000000092e+00 2.525833611666666645e+00 2.531666943333333197e+00 3.268879717608374341e-03
2.531666943333333197e+00 2.537500275000000194e+00 2.543333606666666746e+00 3.208149220619063366e-03
2.543333606666666746e+00 2.549166938333333299e+00 2.555000269999999851e+00 3.148673022479920539e-03
2.555000269999999851e+00 2.560833601666666404e+00 2.566666933333333400e+00 3.012003940885131167e-03
2.566666933333333400e+00 2.572500264999999953e+00 2.578333596666666505e+00 2.956946112971246300e-03
2.578333596666666505e+00 2.584166928333333502e+00 2.590000260000000054e+00 2.903032558130583252e-03
2.590000260000000054e+00 2.595833591666666607e+00 2.601666923333333159e+00 2.850241763264863525e-03
2.601666923333333159e+00 2.607500254999999711e+00 2.613333586666666708e+00 3.028259316751870552e-03
2.613333586666666708e+00 2.619166918333333260e+00 2.625000249999999813e+00 2.978984136361627344e-03
2.625000249999999813e+00 2.630833581666666809e+00 2.636666913333333362e+00 2.930741181975140414e-03
2.636666913333333362e+00 2.642500244999999914e+00 2.648333576666666467e+00 2.883510758019655444e-03
2.648333576666666467e+00 2.654166908333333019e+00 2.660000240000000016e+00 2.896231006700664308e-03
2.660000240000000016e+00 2.665833571666666568e+00 2.671666903333333121e+00 2.851121750456888336e-03
2.671666903333333121e+00 2.677500235000000117e+00 2.683333566666666670e+00 2.806964526005309088e-03
2.683333566666666670e+00 2.689166898333333222e+00 2.695000229999999775e+00 2.763740917930344355e-03
2.695000229999999775e+00 2.700833561666666327e+00 2.706666893333333324e+00 2.542500387847188015e-03
2.706666893333333324e+00 2.712500224999999876e+00 2.718333556666666428e+00 2.503500263598001582e-03
2.718333556666666428e+00 2.724166888333333425e+00 2.730000219999999977e+00 2.465329053774003958e-03
2.730000219999999977e+00 2.735833551666666530e+00 2.741666883333333082e+00 2.427970519969905889e-03
2.741666883333333082e+00 2.747500214999999635e+00 2.753333546666666631e+00 2.391408693661720326e-03
2.753333546666666631e+00 2.759166878333333184e+00 2.765000209999999736e+00 2.743461115367136841e-03
2.765000209999999736e+00 2.770833541666666733e+00 2.776666873333333285e+00 2.708000253571873905e-03
2.776666873333333285e+00 2.782500204999999838e+00 2.788333536666666390e+00 2.673299335581653252e-03
2.788333536666666390e+00 2.794166868333332943e+00 2.800000199999999939e+00 2.639343255259455658e-03
2.800000199999999939e+00 2.805833531666666492e+00 2.811666863333333044e+00 2.422069130982371435e-03
2.811666863333333044e+00 2.817500195000000041e+00 2.823333526666666593e+00 2.389037486839954740e-03
2.823333526666666593e+00 2.829166858333333145e+00 2.835000189999999698e+00 2.356718139661611103e-03
2.835000189999999698e+00 2.840833521666666250e+00 2.846666853333333247e+00 2.325096776904533348e-03
2.846666853333333247e+00 2.852500184999999799e+00 2.858333516666666352e+00 1.869282639073196594e-03
2.858333516666666352e+00 2.864166848333333348e+00 2.870000179999999901e+00 1.836132706943571693e-03
2.870000179999999901e+00 2.875833511666666453e+00 2.881666843333333006e+00 1.803701845038698740e-03
2.881666843333333006e+00 2.887500174999999558e+00 2.893333506666666555e+00 1.771975458417257565e-03
2.893333506666666555e+00 2.899166838333333107e+00 2.905000169999999660e+00 1.740939213790157394e-03
2.905000169999999660e+00 2.910833501666666656e+00 2.916666833333333209e+00 2.223526288569379304e-03
2.916666833333333209e+00 2.922500164999999761e+00 2.928333496666666314e+00 2.196189068685125596e-03
2.928333496666666314e+00 2.934166828333332866e+00 2.940000159999999862e+00 2.169448962608380195e-03
2.940000159999999862e+00 2.945833491666666415e+00 2.951666823333332967e+00 2.143293708190902730e-03
2.951666823333332967e+00 2.957500154999999964e+00 2.963333486666666516e+00 1.950021349292041604e-03
2.963333486666666516e+00 2.969166818333333069e+00 2.975000149999999621e+00 1.922918195041378470e-03
2.975000149999999621e+00 2.980833481666666174e+00 2.986666813333333170e+00 1.896410152277314739e-03
2.986666813333333170e+00 2.992500145000000167e+00 2.998333476666666719e+00 1.870484893134334668e-03
2.998333476666666719e+00 3.004166808333333272e+00 3.010000139999999824e+00 1.781585409510032681e-03
3.010000139999999824e+00 3.015833471666666377e+00 3.021666803333333373e+00 1.755569034127578377e-03
3.021666803333333373e+00 3.027500134999999926e+00 3.033333466666666478e+00 1.730126761072172531e-03
3.033333466666666478e+00 3.039166798333333475e+00 3.045000130000000027e+00 1.705246600013174451e-03
3.045000130000000027e+00 3.050833461666666580e+00 3.056666793333333132e+00 1.329808621886285989e-03
3.056666793333333132e+00 3.062500124999999684e+00 3.068333456666666681e+00 1.306844205198672221e-03
3.068333456666666681e+00 3.074166788333333233e+00 3.080000119999999786e+00 1.284388952415871019e-03
3.080000119999999786e+00 3.085833451666666782e+00 3.091666783333333335e+00 1.262432147284381270e-03
3.091666783333333335e+00 3.097500114999999887e+00 3.103333446666666440e+00 1.240963279622825637e-03
3.103333446666666440e+00 3.109166778333332992e+00 3.115000109999999989e+00 1.338514068337944311e-03
3.115000109999999989e+00 3.120833441666666541e+00 3.126666773333333094e+00 1.317604063780574569e-03
3.126666773333333094e+00 3.132500105000000090e+00 3.138333436666666643e+00 1.297160282949451956e-03
3.138333436666666643e+00 3.144166768333333195e+00 3.150000099999999748e+00 1.277172824567604547e-03
3.150000099999999748e+00 3.155833431666666300e+00 3.161666763333333297e+00 1.786055879431146546e-03
3.161666763333333297e+00 3.167500094999999849e+00 3.173333426666666401e+00 1.766013831965235073e-03
3.173333426666666401e+00 3.179166758333333398e+00 3.185000089999999950e+00 1.746420561905542759e-03
3.185000089999999950e+00 3.190833421666666503e+00 3.196666753333333055e+00 1.727266473900466916e-03
3.196666753333333055e+00 3.202500084999999608e+00 3.208333416666666604e+00 1.238687972231914151e-03
3.208333416666666604e+00 3.214166748333333157e+00 3.220000079999999709e+00 1.221116518288118758e-03
3.220000079999999709e+00 3.225833411666666706e+00 3.231666743333333258e+00 1.203940122302361729e-03
3.231666743333333258e+00 3.237500074999999811e+00 3.243333406666666363e+00 1.187150283393741514e-03
3.243333406666666363e+00 3.249166738333332916e+00 3.255000069999999912e+00 1.170738670766372511e-03
3.255000069999999912e+00 3.260833401666666465e+00 3.266666733333333017e+00 1.094017996443493769e-03
3.266666733333333017e+00 3.272500065000000014e+00 3.278333396666666566e+00 1.078088073339704585e-03
3.278333396666666566e+00 3.284166728333333118e+00 3.290000059999999671e+00 1.062518033019067224e-03
3.290000059999999671e+00 3.295833391666666223e+00 3.301666723333333220e+00 1.047300073158121195e-03
3.301666723333333220e+00 3.307500054999999772e+00 3.313333386666666325e+00 1.450154524134012173e-03
3.313333386666666325e+00 3.319166718333333321e+00 3.325000049999999874e+00 1.434723032758925074e-03
3.325000049999999874e+00 3.330833381666666426e+00 3.336666713333332979e+00 1.419641444325577765e-03
3.336666713333332979e+00 3.342500044999999531e+00 3.348333376666666528e+00 1.404902129864886613e-03
3.348333376666666528e+00 3.354166708333333080e+00 3.360000039999999633e+00 1.190888951207094183e-03
3.360000039999999633e+00 3.365833371666666629e+00 3.371666703333333182e+00 1.176397297105524677e-03
3.371666703333333182e+00 3.377500034999999734e+00 3.383333366666666286e+00 1.162235389897659475e-03
3.383333366666666286e+00 3.389166698333332839e+00 3.395000029999999835e+00 1.148396001398899104e-03
3.395000029999999835e+00 3.400833361666666388e+00 3.406666693333332940e+00 6.589053787516483112e-04
3.406666693333332940e+00 3.412500024999999937e+00 3.418333356666666489e+00 6.457456843334445987e-04
3.418333356666666489e+00 3.424166688333333042e+00 3.430000019999999594e+00 6.328864358415729405e-04
3.430000019999999594e+00 3.435833351666666147e+00 3.441666683333333143e+00 6.203210137236184456e-04
3.441666683333333143e+00 3.447500014999999696e+00 3.453333346666666248e+00 6.080429362745347257e-04
3.453333346666666248e+00 3.459166678333333245e+00 3.465000009999999797e+00 1.869819961247410440e-03
3.465000009999999797e+00 3.470833341666666350e+00 3.476666673333332902e+00 1.857847267749966006e-03
3.476666673333332902e+00 3.482500004999999454e+00 3.488333336666666451e+00 1.846149014812032080e-03
3.488333336666666451e+00 3.494166668333333448e+00 3.500000000000000000e+00 1.834719119319698066e-03
