9.999999999999999547e-07 5.834331666666665341e-03 1.166766333333333142e-02 3.303510305912115796e-05
1.166766333333333142e-02 1.750099499999999836e-02 2.333432666666666530e-02 2.821536498422709711e-04
2.333432666666666530e-02 2.916765833333333224e-02 3.500098999999999572e-02 7.461949013138279799e-04
3.500098999999999572e-02 4.083432166666665919e-02 4.666765333333332960e-02 1.394760866323876448e-03
4.666765333333332960e-02 5.250098500000000001e-02 5.833431666666666349e-02 2.201253136796167947e-03
5.833431666666666349e-02 6.416764833333332696e-02 7.000097999999999043e-02 3.142109799868713933e-03
7.000097999999999043e-02 7.583431166666665391e-02 8.166764333333333126e-02 4.196332205149423157e-03
8.166764333333333126e-02 8.750097499999999473e-02 9.333430666666665820e-02 5.345143303885592154e-03
9.333430666666665820e-02 9.916763833333332168e-02 1.050009699999999851e-01 6.571721332069463059e-03
1.050009699999999851e-01 1.108343016666666625e-01 1.166676333333333260e-01 7.860982563864112385e-03
1.166676333333333260e-01 1.225009649999999894e-01 1.283342966666666529e-01 9.199398782945370986e-03
1.283342966666666529e-01 1.341676283333333164e-01 1.400009599999999799e-01 1.057484076767116303e-02
1.400009599999999799e-01 1.458342916666666433e-01 1.516676233333333068e-01 1.197644209640535105e-02
1.516676233333333068e-01 1.575009549999999980e-01 1.633342866666666615e-01 1.339447932816039723e-02
1.633342866666666615e-01 1.691676183333333250e-01 1.750009499999999885e-01 1.482026569936129891e-02
1.750009499999999885e-01 1.808342816666666519e-01 1.866676133333333154e-01 1.624605618808713098e-02
1.866676133333333154e-01 1.925009449999999789e-01 1.983342766666666424e-01 1.766496228277286695e-02
1.983342766666666424e-01 2.041676083333333058e-01 2.100009399999999693e-01 1.907087513644980387e-02
2.100009399999999693e-01 2.158342716666666328e-01 2.216676033333333240e-01 2.045839603897669709e-02
2.216676033333333240e-01 2.275009349999999875e-01 2.333342666666666509e-01 2.182277332821792870e-02
2.333342666666666509e-01 2.391675983333333144e-01 2.450009299999999779e-01 2.315984500571630772e-02
2.450009299999999779e-01 2.508342616666666136e-01 2.566675933333332771e-01 2.446598643552261310e-02
2.566675933333332771e-01 2.625009249999999406e-01 2.683342566666666040e-01 2.573806259487543616e-02
2.683342566666666040e-01 2.741675883333332675e-01 2.800009199999999310e-01 2.697338441818241880e-02
2.800009199999999310e-01 2.858342516666665944e-01 2.916675833333332579e-01 2.816966883534931243e-02
2.916675833333332579e-01 2.975009149999999214e-01 3.033342466666665849e-01 2.932500215490479664e-02
3.033342466666665849e-01 3.091675783333333039e-01 3.150009099999999673e-01 3.043780648375993617e-02
3.150009099999999673e-01 3.208342416666666308e-01 3.266675733333332943e-01 3.150680891045266191e-02
3.266675733333332943e-01 3.325009049999999577e-01 3.383342366666666212e-01 3.253101320859713708e-02
3.383342366666666212e-01 3.441675683333332847e-01 3.500008999999999482e-01 3.350967384293696005e-02
3.500008999999999482e-01 3.558342316666666116e-01 3.616675633333332751e-01 3.444227208263235529e-02
3.616675633333332751e-01 3.675008949999999386e-01 3.733342266666666021e-01 3.532849404577585728e-02
3.733342266666666021e-01 3.791675583333332655e-01 3.850008899999999290e-01 3.616821051609665078e-02
3.850008899999999290e-01 3.908342216666665925e-01 3.966675533333332559e-01 3.696145838775250630e-02
3.966675533333332559e-01 4.025008849999999194e-01 4.083342166666665829e-01 3.770842360732346021e-02
4.083342166666665829e-01 4.141675483333332464e-01 4.200008799999999098e-01 3.840942549386334309e-02
4.200008799999999098e-01 4.258342116666665733e-01 4.316675433333332368e-01 3.906490232833555870e-02
4.316675433333332368e-01 4.375008749999999003e-01 4.433342066666666192e-01 3.967539811313222642e-02
4.433342066666666192e-01 4.491675383333332827e-01 4.550008699999999462e-01 4.024155041079008344e-02
4.550008699999999462e-01 4.608342016666666097e-01 4.666675333333332731e-01 4.076407917859423830e-02
4.666675333333332731e-01 4.725008649999999366e-01 4.783341966666666001e-01 4.124377652260406008e-02
4.783341966666666001e-01 4.841675283333332636e-01 4.900008599999999270e-01 4.168149730082867932e-02
4.900008599999999270e-01 4.958341916666666460e-01 5.016675233333333095e-01 4.207815051089998371e-02
5.016675233333333095e-01 5.075008549999999730e-01 5.133341866666666364e-01 4.243469140270031414e-02
5.133341866666666364e-01 5.191675183333332999e-01 5.250008499999999634e-01 4.275211426105637175e-02
5.250008499999999634e-01 5.308341816666666269e-01 5.366675133333332903e-01 4.303144580785892709e-02
5.366675133333332903e-01 5.425008449999999538e-01 5.483341766666666173e-01 4.327373917685072013e-02
5.483341766666666173e-01 5.541675083333332807e-01 5.600008399999999442e-01 4.348006841787956794e-02
5.600008399999999442e-01 5.658341716666666077e-01 5.716675033333332712e-01 4.365152349067304843e-02
5.716675033333332712e-01 5.775008349999999346e-01 5.833341666666665981e-01 4.378920571118261745e-02
5.833341666666665981e-01 5.891674983333332616e-01 5.950008299999999251e-01 4.389422361629531644e-02
5.950008299999999251e-01 6.008341616666665885e-01 6.066674933333332520e-01 4.396768921524095430e-02
6.066674933333332520e-01 6.125008249999999155e-01 6.183341566666665789e-01 4.401071459835418503e-02
6.183341566666665789e-01 6.241674883333332424e-01 6.300008200000000169e-01 4.402440887599885777e-02
6.300008200000000169e-01 6.358341516666666804e-01 6.416674833333333439e-01 4.400987542244635259e-02
6.416674833333333439e-01 6.475008150000000073e-01 6.533341466666666708e-01 4.396820940133017858e-02
6.533341466666666708e-01 6.591674783333333343e-01 6.650008099999999978e-01 4.390049555099326262e-02
6.650008099999999978e-01 6.708341416666666612e-01 6.766674733333333247e-01 4.380780620960989663e-02
6.766674733333333247e-01 6.825008049999999882e-01 6.883341366666666516e-01 4.369119956141410271e-02
6.883341366666666516e-01 6.941674683333333151e-01 7.000007999999999786e-01 4.355171808670924016e-02
7.000007999999999786e-01 7.058341316666666421e-01 7.116674633333333055e-01 4.339038719957746815e-02
7.116674633333333055e-01 7.175007949999999690e-01 7.233341266666666325e-01 4.320821405836203222e-02
7.233341266666666325e-01 7.291674583333332960e-01 7.350007899999999594e-01 4.300618653506524391e-02
7.350007899999999594e-01 7.408341216666666229e-01 7.466674533333332864e-01 4.278527233079897768e-02
7.466674533333332864e-01 7.525007849999999499e-01 7.583341166666666133e-01 4.254641822534611234e-02
7.583341166666666133e-01 7.641674483333332768e-01 7.700007799999999403e-01 4.229054944974910274e-02
7.700007799999999403e-01 7.758341116666666037e-01 7.816674433333332672e-01 4.201856917163711985e-02
7.816674433333332672e-01 7.875007749999999307e-01 7.933341066666665942e-01 4.173135808374339728e-02
7.933341066666665942e-01 7.991674383333332576e-01 8.050007699999999211e-01 4.142977408675301704e-02
8.050007699999999211e-01 8.108341016666665846e-01 8.166674333333332481e-01 4.111465205826000946e-02
8.166674333333332481e-01 8.225007649999999115e-01 8.283340966666665750e-01 4.078680370020875551e-02
8.283340966666665750e-01 8.341674283333332385e-01 8.400007599999999020e-01 4.044701745774823692e-02
8.400007599999999020e-01 8.458340916666665654e-01 8.516674233333332289e-01 4.009605850294243462e-02
8.516674233333332289e-01 8.575007549999998924e-01 8.633340866666665558e-01 3.973466877726068713e-02
8.633340866666665558e-01 8.691674183333333303e-01 8.750007499999999938e-01 3.936356708721750614e-02
8.750007499999999938e-01 8.808340816666666573e-01 8.866674133333333208e-01 3.898344924794726329e-02
8.866674133333333208e-01 8.925007449999999842e-01 8.983340766666666477e-01 3.859498826988591591e-02
8.983340766666666477e-01 9.041674083333333112e-01 9.100007399999999746e-01 3.819883458409293470e-02
9.100007399999999746e-01 9.158340716666666381e-01 9.216674033333333016e-01 3.779561630208086442e-02
9.216674033333333016e-01 9.275007349999999651e-01 9.333340666666666285e-01 3.738593950633350288e-02
9.333340666666666285e-01 9.391673983333332920e-01 9.450007299999999555e-01 3.697038856798370160e-02
9.450007299999999555e-01 9.508340616666666190e-01 9.566673933333332824e-01 3.654952648839332463e-02
9.566673933333332824e-01 9.625007249999999459e-01 9.683340566666666094e-01 3.612389526162946424e-02
9.683340566666666094e-01 9.741673883333332729e-01 9.800007199999999363e-01 3.569401625506615772e-02
9.800007199999999363e-01 9.858340516666665998e-01 9.916673833333332633e-01 3.526039060555950788e-02
9.916673833333332633e-01 9.975007149999999267e-01 1.003334046666666479e+00 3.482349962884710715e-02
1.003334046666666479e+00 1.009167378333333254e+00 1.015000709999999806e+00 3.438380524001256877e-02
1.015000709999999806e+00 1.020834041666666359e+00 1.026667373333333133e+00 3.394175038303170328e-02
1.026667373333333133e+00 1.032500704999999908e+00 1.038334036666666460e+00 3.349775946758122569e-02
1.038334036666666460e+00 1.044167368333333012e+00 1.050000699999999787e+00 3.305223881144313952e-02
1.050000699999999787e+00 1.055834031666666561e+00 1.061667363333333114e+00 3.260557708697959384e-02
1.061667363333333114e+00 1.067500694999999666e+00 1.073334026666666441e+00 3.215814577028569543e-02
1.073334026666666441e+00 1.079167358333333215e+00 1.085000689999999768e+00 3.171029959174878621e-02
1.085000689999999768e+00 1.090834021666666320e+00 1.096667353333333095e+00 3.126237698685852689e-02
1.096667353333333095e+00 1.102500684999999869e+00 1.108334016666666422e+00 3.081470054621618035e-02
1.108334016666666422e+00 1.114167348333332974e+00 1.120000679999999749e+00 3.036757746379074169e-02
1.120000679999999749e+00 1.125834011666666523e+00 1.131667343333333076e+00 2.992129998256038217e-02
1.131667343333333076e+00 1.137500674999999628e+00 1.143334006666666403e+00 2.947614583676221034e-02
1.143334006666666403e+00 1.149167338333333177e+00 1.155000669999999729e+00 2.903237869005189514e-02
1.155000669999999729e+00 1.160834001666666282e+00 1.166667333333333056e+00 2.859024856894770705e-02
1.166667333333333056e+00 1.172500664999999831e+00 1.178333996666666383e+00 2.814999229099960157e-02
1.178333996666666383e+00 1.184167328333332936e+00 1.190000659999999710e+00 2.771183388718855695e-02
1.190000659999999710e+00 1.195833991666666485e+00 1.201667323333333037e+00 2.727598501811625761e-02
1.201667323333333037e+00 1.207500654999999590e+00 1.213333986666666364e+00 2.684264538360146141e-02
1.213333986666666364e+00 1.219167318333333139e+00 1.225000649999999691e+00 2.641200312534590020e-02
1.225000649999999691e+00 1.230833981666666244e+00 1.236667313333333018e+00 2.598423522238023711e-02
1.236667313333333018e+00 1.242500644999999793e+00 1.248333976666666567e+00 2.555950787904104696e-02
1.248333976666666567e+00 1.254167308333333342e+00 1.260000639999999894e+00 2.513797690526950110e-02
1.260000639999999894e+00 1.265833971666666447e+00 1.271667303333333221e+00 2.471978808905697655e-02
1.271667303333333221e+00 1.277500634999999996e+00 1.283333966666666548e+00 2.430507756089660479e-02
1.283333966666666548e+00 1.289167298333333100e+00 1.295000629999999875e+00 2.389397215012871098e-02
1.295000629999999875e+00 1.300833961666666649e+00 1.306667293333333202e+00 2.348658973309666539e-02
1.306667293333333202e+00 1.312500624999999754e+00 1.318333956666666529e+00 2.308303957305424259e-02
1.318333956666666529e+00 1.324167288333333303e+00 1.330000619999999856e+00 2.268342265178865252e-02
1.330000619999999856e+00 1.335833951666666408e+00 1.341667283333333183e+00 2.228783199294513684e-02
1.341667283333333183e+00 1.347500614999999957e+00 1.353333946666666510e+00 2.189635297705711664e-02
1.353333946666666510e+00 1.359167278333333062e+00 1.365000609999999837e+00 2.150906364830469999e-02
1.365000609999999837e+00 1.370833941666666611e+00 1.376667273333333164e+00 2.112603501303870340e-02
1.376667273333333164e+00 1.382500604999999716e+00 1.388333936666666490e+00 2.074733133012317959e-02
1.388333936666666490e+00 1.394167268333333265e+00 1.400000599999999817e+00 2.037301039316112561e-02
1.400000599999999817e+00 1.405833931666666370e+00 1.411667263333333144e+00 2.000312380468039983e-02
1.411667263333333144e+00 1.417500594999999919e+00 1.423333926666666471e+00 1.963771724236729188e-02
1.423333926666666471e+00 1.429167258333333024e+00 1.435000589999999798e+00 1.927683071744403648e-02
1.435000589999999798e+00 1.440833921666666573e+00 1.446667253333333125e+00 1.892049882529549948e-02
1.446667253333333125e+00 1.452500584999999678e+00 1.458333916666666452e+00 1.856875098845717220e-02
1.458333916666666452e+00 1.464167248333333227e+00 1.470000579999999779e+00 1.822161169208296252e-02
1.470000579999999779e+00 1.475833911666666332e+00 1.481667243333333106e+00 1.787910071201767245e-02
1.481667243333333106e+00 1.487500574999999881e+00 1.493333906666666433e+00 1.754123333560244843e-02
1.493333906666666433e+00 1.499167238333332985e+00 1.505000569999999760e+00 1.720802057534762813e-02
1.505000569999999760e+00 1.510833901666666534e+00 1.516667233333333087e+00 1.687946937560879518e-02
1.516667233333333087e+00 1.522500564999999639e+00 1.528333896666666414e+00 1.655558281240684937e-02
1.528333896666666414e+00 1.534167228333333188e+00 1.540000559999999741e+00 1.623636028653329538e-02
1.540000559999999741e+00 1.545833891666666293e+00 1.551667223333333068e+00 1.592179771008566877e-02
1.551667223333333068e+00 1.557500554999999842e+00 1.563333886666666395e+00 1.561188768657788620e-02
1.563333886666666395e+00 1.569167218333332947e+00 1.575000549999999722e+00 1.530661968477235041e-02
1.575000549999999722e+00 1.580833881666666496e+00 1.586667213333333049e+00 1.500598020638066465e-02
1.586667213333333049e+00 1.592500544999999601e+00 1.598333876666666375e+00 1.470995294778033868e-02
1.598333876666666375e+00 1.604167208333333150e+00 1.610000539999999702e+00 1.441851895589442260e-02
1.610000539999999702e+00 1.615833871666666255e+00 1.621667203333333029e+00 1.413165677838133100e-02
1.621667203333333029e+00 1.627500534999999804e+00 1.633333866666666356e+00 1.384934260828033468e-02
1.633333866666666356e+00 1.639167198333332909e+00 1.645000529999999683e+00 1.357155042325873355e-02
1.645000529999999683e+00 1.650833861666666458e+00 1.656667193333333010e+00 1.329825211960417551e-02
1.656667193333333010e+00 1.662500524999999563e+00 1.668333856666666337e+00 1.302941764110536124e-02
1.668333856666666337e+00 1.674167188333333112e+00 1.680000519999999664e+00 1.276501510296222490e-02
1.680000519999999664e+00 1.685833851666666217e+00 1.691667183333332991e+00 1.250501091086551192e-02
1.691667183333332991e+00 1.697500514999999766e+00 1.703333846666666318e+00 1.224936987538330531e-02
1.703333846666666318e+00 1.709167178333332870e+00 1.715000509999999645e+00 1.199805532179078552e-02
1.715000509999999645e+00 1.720833841666666419e+00 1.726667173333332972e+00 1.175102919547682361e-02
1.726667173333332972e+00 1.732500504999999524e+00 1.738333836666666299e+00 1.150825216305960928e-02
1.738333836666666299e+00 1.744167168333333073e+00 1.750000499999999848e+00 1.126968370934038587e-02
1.750000499999999848e+00 1.755833831666666622e+00 1.761667163333333175e+00 1.103528223022302683e-02
1.761667163333333175e+00 1.767500494999999727e+00 1.773333826666666502e+00 1.080500512172422739e-02
1.773333826666666502e+00 1.779167158333333276e+00 1.785000489999999829e+00 1.057880886519660737e-02
1.785000489999999829e+00 1.790833821666666381e+00 1.796667153333333156e+00 1.035664910888537543e-02
1.796667153333333156e+00 1.802500484999999930e+00 1.808333816666666483e+00 1.013848074593556858e-02
1.808333816666666483e+00 1.814167148333333035e+00 1.820000479999999810e+00 9.924257988965365027e-03
1.820000479999999810e+00 1.825833811666666584e+00 1.831667143333333136e+00 9.713934441317984350e-03
1.831667143333333136e+00 1.837500474999999689e+00 1.843333806666666463e+00 9.507463165102061214e-03
1.843333806666666463e+00 1.849167138333333238e+00 1.855000469999999790e+00 9.304796746128250057e-03
1.855000469999999790e+00 1.860833801666666343e+00 1.866667133333333117e+00 9.105887355846853728e-03
1.866667133333333117e+00 1.872500464999999892e+00 1.878333796666666444e+00 8.910686810388965262e-03
1.878333796666666444e+00 1.884167128333332997e+00 1.890000459999999771e+00 8.719146626811082740e-03
1.890000459999999771e+00 1.895833791666666546e+00 1.901667123333333098e+00 8.531218076640497902e-03
1.901667123333333098e+00 1.907500454999999651e+00 1.913333786666666425e+00 8.346852236816462364e-03
1.913333786666666425e+00 1.919167118333333200e+00 1.925000449999999752e+00 8.166000038119389237e-03
1.925000449999999752e+00 1.930833781666666304e+00 1.936667113333333079e+00 7.988612311178342612e-03
1.936667113333333079e+00 1.942500444999999853e+00 1.948333776666666406e+00 7.814639830144000376e-03
1.948333776666666406e+00 1.954167108333332958e+00 1.960000439999999733e+00 7.644033354112592278e-03
1.960000439999999733e+00 1.965833771666666507e+00 1.971667103333333060e+00 7.476743666383327963e-03
1.971667103333333060e+00 1.977500434999999612e+00 1.983333766666666387e+00 7.312721611629987434e-03
1.983333766666666387e+00 1.989167098333333161e+00 1.995000429999999714e+00 7.151918131064621993e-03
1.995000429999999714e+00 2.000833761666666710e+00 2.006667093333333263e+00 6.994284295669488810e-03
2.006667093333333263e+00 2.012500424999999815e+00 2.018333756666666812e+00 6.839771337570767044e-03
2.018333756666666812e+00 2.024167088333333364e+00 2.030000419999999917e+00 6.688330679625526139e-03
2.030000419999999917e+00 2.035833751666666913e+00 2.041667083333333466e+00 6.539913963291472260e-03
2.041667083333333466e+00 2.047500415000000018e+00 2.053333746666666570e+00 6.394473074846550309e-03
2.053333746666666570e+00 2.059167078333333123e+00 2.065000410000000119e+00 6.251960170023719912e-03
2.065000410000000119e+00 2.070833741666666672e+00 2.076667073333333224e+00 6.112327697124038915e-03
2.076667073333333224e+00 2.082500405000000221e+00 2.088333736666666773e+00 5.975528418669291859e-03
2.088333736666666773e+00 2.094167068333333326e+00 2.100000399999999878e+00 5.841515431653405976e-03
2.100000399999999878e+00 2.105833731666666431e+00 2.111667063333333427e+00 5.710242186450077521e-03
2.111667063333333427e+00 2.117500394999999980e+00 2.123333726666666532e+00 5.581662504432115257e-03
2.123333726666666532e+00 2.129167058333333529e+00 2.135000390000000081e+00 5.455730594356313079e-03
2.135000390000000081e+00 2.140833721666666634e+00 2.146667053333333186e+00 5.332401067565720881e-03
2.146667053333333186e+00 2.152500384999999739e+00 2.158333716666666735e+00 5.211628952059661410e-03
2.158333716666666735e+00 2.164167048333333288e+00 2.170000379999999840e+00 5.093369705480023726e-03
2.170000379999999840e+00 2.175833711666666836e+00 2.181667043333333389e+00 4.977579227060870311e-03
2.181667043333333389e+00 2.187500374999999941e+00 2.193333706666666494e+00 4.864213868586605462e-03
2.193333706666666494e+00 2.199167038333333046e+00 2.205000370000000043e+00 4.753230444402544060e-03
2.205000370000000043e+00 2.210833701666666595e+00 2.216667033333333148e+00 4.644586240520266057e-03
2.216667033333333148e+00 2.222500365000000144e+00 2.228333696666666697e+00 4.538239022858516630e-03
2.228333696666666697e+00 2.234167028333333249e+00 2.240000359999999802e+00 4.434147044659005922e-03
2.240000359999999802e+00 2.245833691666666354e+00 2.251667023333333351e+00 4.332269053115175156e-03
2.251667023333333351e+00 2.257500354999999903e+00 2.263333686666666456e+00 4.232564295250676630e-03
2.263333686666666456e+00 2.269167018333333452e+00 2.275000350000000005e+00 4.134992523082726100e-03
2.275000350000000005e+00 2.280833681666666557e+00 2.286667013333333109e+00 4.039513998104499876e-03
2.286667013333333109e+00 2.292500344999999662e+00 2.298333676666666658e+00 3.946089495119440085e-03
2.298333676666666658e+00 2.304167008333333211e+00 2.310000339999999763e+00 3.854680305459031852e-03
2.310000339999999763e+00 2.315833671666666760e+00 2.321667003333333312e+00 3.765248239614489827e-03
2.321667003333333312e+00 2.327500334999999865e+00 2.333333666666666417e+00 3.677755629311799720e-03
2.333333666666666417e+00 2.339166998333332970e+00 2.345000329999999966e+00 3.592165329058163558e-03
2.345000329999999966e+00 2.350833661666666519e+00 2.356666993333333071e+00 3.508440717187178391e-03
2.356666993333333071e+00 2.362500325000000068e+00 2.368333656666666620e+00 3.426545696428752799e-03
2.368333656666666620e+00 2.374166988333333173e+00 2.380000319999999725e+00 3.346444694028959804e-03
2.380000319999999725e+00 2.385833651666666277e+00 2.391666983333333274e+00 3.268102661443941445e-03
2.391666983333333274e+00 2.397500314999999826e+00 2.403333646666666379e+00 3.191485073631064335e-03
2.403333646666666379e+00 2.409166978333333375e+00 2.415000309999999928e+00 3.116557927959741001e-03
2.415000309999999928e+00 2.420833641666666480e+00 2.426666973333333033e+00 3.043287742763162596e-03
2.426666973333333033e+00 2.432500304999999585e+00 2.438333636666666582e+00 2.971641555551669464e-03
2.438333636666666582e+00 2.444166968333333134e+00 2.450000299999999687e+00 2.901586920907411795e-03
2.450000299999999687e+00 2.455833631666666683e+00 2.461666963333333236e+00 2.833091908079341577e-03
2.461666963333333236e+00 2.467500294999999788e+00 2.473333626666666341e+00 2.766125098296598212e-03
2.473333626666666341e+00 2.479166958333332893e+00 2.485000289999999890e+00 2.700655581817785946e-03
2.485000289999999890e+00 2.490833621666666886e+00 2.496666953333333439e+00 2.636652954732884510e-03
2.496666953333333439e+00 2.502500284999999991e+00 2.508333616666666543e+00 2.574087315533754583e-03
2.508333616666666543e+00 2.514166948333333096e+00 2.520000280000000092e+00 2.512929261468526635e-03
2.520000280000000092e+00 2.525833611666666645e+00 2.531666943333333197e+00 2.453149884694734092e-03
2.531666943333333197e+00 2.537500275000000194e+00 2.543333606666666746e+00 2.394720768245077718e-03
2.543333606666666746e+00 2.549166938333333299e+00 2.555000269999999851e+00 2.337613981819355521e-03
2.555000269999999851e+00 2.560833601666666404e+00 2.566666933333333400e+00 2.281802077415448493e-03
2.566666933333333400e+00 2.572500264999999953e+00 2.578333596666666505e+00 2.227258084811611482e-03
2.578333596666666505e+00 2.584166928333333502e+00 2.590000260000000054e+00 2.173955506911903930e-03
2.590000260000000054e+00 2.595833591666666607e+00 2.601666923333333159e+00 2.121868314965907800e-03
2.601666923333333159e+00 2.607500254999999711e+00 2.613333586666666708e+00 2.070970943673547393e-03
2.613333586666666708e+00 2.619166918333333260e+00 2.625000249999999813e+00 2.021238286185238556e-03
2.625000249999999813e+00 2.630833581666666809e+00 2.636666913333333362e+00 1.972645689007064811e-03
2.636666913333333362e+00 2.642500244999999914e+00 2.648333576666666467e+00 1.925168946820430757e-03
2.648333576666666467e+00 2.654166908333333019e+00 2.660000240000000016e+00 1.878784297224937467e-03
2.660000240000000016e+00 2.665833571666666568e+00 2.671666903333333121e+00 1.833468415413063313e-03
2.671666903333333121e+00 2.677500235000000117e+00 2.683333566666666670e+00 1.789198408784619743e-03
2.683333566666666670e+00 2.689166898333333222e+00 2.695000229999999775e+00 1.745951811508719524e-03
2.695000229999999775e+00 2.700833561666666327e+00 2.706666893333333324e+00 1.703706579040470881e-03
2.706666893333333324e+00 2.712500224999999876e+00 2.718333556666666428e+00 1.662441082599404926e-03
2.718333556666666428e+00 2.724166888333333425e+00 2.730000219999999977e+00 1.622134103616222926e-03
2.730000219999999977e+00 2.735833551666666530e+00 2.741666883333333082e+00 1.582764828154015159e-03
2.741666883333333082e+00 2.747500214999999635e+00 2.753333546666666631e+00 1.544312841310017254e-03
2.753333546666666631e+00 2.759166878333333184e+00 2.765000209999999736e+00 1.506758121603432371e-03
2.765000209999999736e+00 2.770833541666666733e+00 2.776666873333333285e+00 1.470081035354689047e-03
2.776666873333333285e+00 2.782500204999999838e+00 2.788333536666666390e+00 1.434262331061160640e-03
2.788333536666666390e+00 2.794166868333332943e+00 2.800000199999999939e+00 1.399283133774121635e-03
2.800000199999999939e+00 2.805833531666666492e+00 2.811666863333333044e+00 1.365124939481446526e-03
2.811666863333333044e+00 2.817500195000000041e+00 2.823333526666666593e+00 1.331769609500306137e-03
2.823333526666666593e+00 2.829166858333333145e+00 2.835000189999999698e+00 1.299199364883878768e-03
2.835000189999999698e+00 2.840833521666666250e+00 2.846666853333333247e+00 1.267396780845839871e-03
2.846666853333333247e+00 2.852500184999999799e+00 2.858333516666666352e+00 1.236344781206212898e-03
2.858333516666666352e+00 2.864166848333333348e+00 2.870000179999999901e+00 1.206026632861931279e-03
2.870000179999999901e+00 2.875833511666666453e+00 2.881666843333333006e+00 1.176425940285200653e-03
2.881666843333333006e+00 2.887500174999999558e+00 2.893333506666666555e+00 1.147526640052688642e-03
2.893333506666666555e+00 2.899166838333333107e+00 2.905000169999999660e+00 1.119312995408234482e-03
2.905000169999999660e+00 2.910833501666666656e+00 2.916666833333333209e+00 1.091769590861688165e-03
2.916666833333333209e+00 2.922500164999999761e+00 2.928333496666666314e+00 1.064881326826283862e-03
2.928333496666666314e+00 2.934166828333332866e+00 2.940000159999999862e+00 1.038633414296790194e-03
2.940000159999999862e+00 2.945833491666666415e+00 2.951666823333332967e+00 1.013011369570507520e-03
2.951666823333332967e+00 2.957500154999999964e+00 2.963333486666666516e+00 9.880010090130846197e-04
2.963333486666666516e+00 2.969166818333333069e+00 2.975000149999999621e+00 9.635884438709139055e-04
2.975000149999999621e+00 2.980833481666666174e+00 2.986666813333333170e+00 9.397600751317615854e-04
2.986666813333333170e+00 2.992500145000000167e+00 2.998333476666666719e+00 9.165025884351776743e-04
2.998333476666666719e+00 3.004166808333333272e+00 3.010000139999999824e+00 8.938029490340875004e-04
3.010000139999999824e+00 3.015833471666666377e+00 3.021666803333333373e+00 8.716483968087994014e-04
3.021666803333333373e+00 3.027500134999999926e+00 3.033333466666666478e+00 8.500264413346446477e-04
3.033333466666666478e+00 3.039166798333333475e+00 3.045000130000000027e+00 8.289248570042893460e-04
3.045000130000000027e+00 3.050833461666666580e+00 3.056666793333333132e+00 8.083316782056675391e-04
3.056666793333333132e+00 3.062500124999999684e+00 3.068333456666666681e+00 7.882351945563776047e-04
3.068333456666666681e+00 3.074166788333333233e+00 3.080000119999999786e+00 7.686239461953517415e-04
3.080000119999999786e+00 3.085833451666666782e+00 3.091666783333333335e+00 7.494867191324007093e-04
3.091666783333333335e+00 3.097500114999999887e+00 3.103333446666666440e+00 7.308125406562937781e-04
3.103333446666666440e+00 3.109166778333332992e+00 3.115000109999999989e+00 7.125906748018036611e-04
3.115000109999999989e+00 3.120833441666666541e+00 3.126666773333333094e+00 6.948106178762329492e-04
3.126666773333333094e+00 3.132500105000000090e+00 3.138333436666666643e+00 6.774620940456950458e-04
3.138333436666666643e+00 3.144166768333333195e+00 3.150000099999999748e+00 6.605350509814969821e-04
3.150000099999999748e+00 3.155833431666666300e+00 3.161666763333333297e+00 6.440196555668135231e-04
3.161666763333333297e+00 3.167500094999999849e+00 3.173333426666666401e+00 6.279062896638347088e-04
3.173333426666666401e+00 3.179166758333333398e+00 3.185000089999999950e+00 6.121855459414696655e-04
3.185000089999999950e+00 3.190833421666666503e+00 3.196666753333333055e+00 5.968482237636665334e-04
3.196666753333333055e+00 3.202500084999999608e+00 3.208333416666666604e+00 5.818853251383351768e-04
3.208333416666666604e+00 3.214166748333333157e+00 3.220000079999999709e+00 5.672880507268197653e-04
3.220000079999999709e+00 3.225833411666666706e+00 3.231666743333333258e+00 5.530477959138137842e-04
3.231666743333333258e+00 3.237500074999999811e+00 3.243333406666666363e+00 5.391561469375827061e-04
3.243333406666666363e+00 3.249166738333332916e+00 3.255000069999999912e+00 5.256048770802882169e-04
3.255000069999999912e+00 3.260833401666666465e+00 3.266666733333333017e+00 5.123859429181983494e-04
3.266666733333333017e+00 3.272500065000000014e+00 3.278333396666666566e+00 4.994914806315208216e-04
3.278333396666666566e+00 3.284166728333333118e+00 3.290000059999999671e+00 4.869138023735547017e-04
3.290000059999999671e+00 3.295833391666666223e+00 3.301666723333333220e+00 4.746453926988247860e-04
3.301666723333333220e+00 3.307500054999999772e+00 3.313333386666666325e+00 4.626789050498538586e-04
3.313333386666666325e+00 3.319166718333333321e+00 3.325000049999999874e+00 4.510071583021699974e-04
3.325000049999999874e+00 3.330833381666666426e+00 3.336666713333332979e+00 4.396231333671383394e-04
3.336666713333332979e+00 3.342500044999999531e+00 3.348333376666666528e+00 4.285199698521651931e-04
3.348333376666666528e+00 3.354166708333333080e+00 3.360000039999999633e+00 4.176909627778420094e-04
3.360000039999999633e+00 3.365833371666666629e+00 3.371666703333333182e+00 4.071295593515048905e-04
3.371666703333333182e+00 3.377500034999999734e+00 3.383333366666666286e+00 3.968293557967376853e-04
3.383333366666666286e+00 3.389166698333332839e+00 3.395000029999999835e+00 3.867840942382797659e-04
3.395000029999999835e+00 3.400833361666666388e+00 3.406666693333332940e+00 3.769876596418040844e-04
3.406666693333332940e+00 3.412500024999999937e+00 3.418333356666666489e+00 3.674340768080198300e-04
3.418333356666666489e+00 3.424166688333333042e+00 3.430000019999999594e+00 3.581175074205139456e-04
3.430000019999999594e+00 3.435833351666666147e+00 3.441666683333333143e+00 3.490322471467720571e-04
3.441666683333333143e+00 3.447500014999999696e+00 3.453333346666666248e+00 3.401727227917697091e-04
3.453333346666666248e+00 3.459166678333333245e+00 3.465000009999999797e+00 3.315334895035455657e-04
3.465000009999999797e+00 3.470833341666666350e+00 3.476666673333332902e+00 3.231092280301326716e-04
3.476666673333332902e+00 3.482500004999999454e+00 3.488333336666666451e+00 3.148947420272372598e-04
3.488333336666666451e+00 3.494166668333333448e+00 3.500000000000000000e+00 3.068849554160355095e-04
