0.000000e+00 0.000000e+00
1.166666e-02 -9.284835e-212
2.333332e-02 -2.551086e-200
3.499999e-02 -7.009323e-189
4.666665e-02 -1.925870e-177
5.833331e-02 -5.291490e-166
6.999997e-02 -1.453881e-154
8.166664e-02 -3.994661e-143
9.333330e-02 -1.097567e-131
1.050000e-01 -3.015656e-120
1.166666e-01 -8.285768e-109
1.283333e-01 -2.276584e-97
1.399999e-01 -6.255106e-86
1.516666e-01 -1.718643e-74
1.633333e-01 -4.722115e-63
1.749999e-01 -1.297441e-51
1.866666e-01 -3.564827e-40
1.983333e-01 -9.794661e-29
2.099999e-01 -2.691165e-17
2.216666e-01 1.238822e-15
2.333332e-01 1.060641e-14
2.449999e-01 8.596980e-14
2.566666e-01 6.245377e-13
2.683332e-01 4.094269e-12
2.799999e-01 2.435758e-11
2.916666e-01 1.320981e-10
3.033332e-01 6.558546e-10
3.149999e-01 2.993139e-09
3.266665e-01 1.260432e-08
3.383332e-01 4.915485e-08
3.499999e-01 1.781436e-07
3.616665e-01 6.019491e-07
3.733332e-01 1.902369e-06
3.849999e-01 5.639878e-06
3.966665e-01 1.572964e-05
4.083332e-01 4.138269e-05
4.199998e-01 1.029657e-04
4.316665e-01 2.428918e-04
4.433332e-01 5.445079e-04
4.549998e-01 1.162644e-03
4.666665e-01 2.369614e-03
4.783332e-01 4.619499e-03
4.899998e-01 8.630937e-03
5.016665e-01 1.548426e-02
5.133331e-01 2.672281e-02
5.249998e-01 4.444160e-02
5.366665e-01 7.134094e-02
5.483331e-01 1.107197e-01
5.599998e-01 1.663851e-01
5.716664e-01 2.424627e-01
5.833331e-01 3.431046e-01
5.949998e-01 4.721082e-01
6.066664e-01 6.324776e-01
6.183331e-01 8.259728e-01
6.299998e-01 1.052700e+00
6.416664e-01 1.310798e+00
6.533331e-01 1.596274e+00
6.649997e-01 1.903010e+00
6.766664e-01 2.222960e+00
6.883331e-01 2.546532e+00
6.999997e-01 2.863114e+00
7.116664e-01 3.161706e+00
7.233331e-01 3.431594e+00
7.349997e-01 3.663020e+00
7.466664e-01 3.847768e+00
7.583330e-01 3.979640e+00
7.699997e-01 4.054772e+00
7.816664e-01 4.071781e+00
7.933330e-01 4.031737e+00
8.049997e-01 3.937970e+00
8.166664e-01 3.795752e+00
8.283330e-01 3.611873e+00
8.399997e-01 3.394166e+00
8.516663e-01 3.151011e+00
8.633330e-01 2.890867e+00
8.749997e-01 2.621851e+00
8.866663e-01 2.351400e+00
8.983330e-01 2.086011e+00
9.099997e-01 1.831088e+00
9.216663e-01 1.590860e+00
9.333330e-01 1.368392e+00
9.449996e-01 1.165652e+00
9.566663e-01 9.836215e-01
9.683330e-01 8.224470e-01
9.799996e-01 6.815947e-01
9.916663e-01 5.600137e-01
1.003333e+00 4.562884e-01
1.015000e+00 3.687741e-01
1.026666e+00 2.957140e-01
1.038333e+00 2.353324e-01
1.050000e+00 1.859072e-01
1.061666e+00 1.458207e-01
1.073333e+00 1.135933e-01
1.085000e+00 8.790162e-02
1.096666e+00 6.758481e-02
1.108333e+00 5.164224e-02
1.120000e+00 3.922458e-02
1.131666e+00 2.962100e-02
1.143333e+00 2.224430e-02
1.155000e+00 1.661507e-02
1.166666e+00 1.234624e-02
1.178333e+00 9.128493e-03
1.190000e+00 6.717007e-03
1.201666e+00 4.919753e-03
1.213333e+00 3.587384e-03
1.225000e+00 2.604677e-03
1.236666e+00 1.883405e-03
1.248333e+00 1.356493e-03
1.260000e+00 9.732936e-04
1.271666e+00 6.958076e-04
1.283333e+00 4.956990e-04
1.295000e+00 3.519600e-04
1.306666e+00 2.491013e-04
1.318333e+00 1.757621e-04
1.329999e+00 1.236513e-04
1.341666e+00 8.674648e-05
1.353333e+00 6.069311e-05
1.364999e+00 4.235589e-05
1.376666e+00 2.948670e-05
1.388333e+00 2.047982e-05
1.399999e+00 1.419259e-05
1.411666e+00 9.814754e-06
1.423333e+00 6.773682e-06
1.434999e+00 4.665966e-06
1.446666e+00 3.208281e-06
1.458333e+00 2.202209e-06
1.469999e+00 1.509177e-06
1.481666e+00 1.032656e-06
1.493333e+00 7.055755e-07
1.504999e+00 4.814371e-07
1.516666e+00 3.280796e-07
1.528333e+00 2.233043e-07
1.539999e+00 1.518190e-07
1.551666e+00 1.031095e-07
1.563333e+00 6.995937e-08
1.574999e+00 4.742399e-08
1.586666e+00 3.212068e-08
1.598333e+00 2.173872e-08
1.609999e+00 1.470190e-08
1.621666e+00 9.936422e-09
1.633333e+00 6.711648e-09
1.644999e+00 4.531023e-09
1.656666e+00 3.057421e-09
1.668333e+00 2.062195e-09
1.679999e+00 1.390409e-09
1.691666e+00 9.371643e-10
1.703333e+00 6.314957e-10
1.714999e+00 4.254292e-10
1.726666e+00 2.865541e-10
1.738333e+00 1.929866e-10
1.749999e+00 1.299598e-10
1.761666e+00 8.751209e-11
1.773333e+00 5.892826e-11
1.784999e+00 3.968184e-11
1.796666e+00 2.672335e-11
1.808333e+00 1.799837e-11
1.819999e+00 1.212383e-11
1.831666e+00 8.168064e-12
1.843333e+00 5.504018e-12
1.854999e+00 3.709992e-12
1.866666e+00 2.501241e-12
1.878333e+00 1.686959e-12
1.889999e+00 1.138068e-12
1.901666e+00 7.681965e-13
1.913333e+00 5.185291e-13
1.924999e+00 3.501684e-13
1.936666e+00 2.368085e-13
1.948333e+00 1.599620e-13
1.959999e+00 1.082261e-13
1.971666e+00 7.332376e-14
1.983333e+00 4.965967e-14
1.994999e+00 3.354487e-14
2.006666e+00 2.278217e-14
2.018333e+00 1.549905e-14
2.029999e+00 1.043007e-14
2.041666e+00 7.091081e-15
2.053333e+00 4.848197e-15
2.064999e+00 3.305288e-15
2.076666e+00 2.284538e-15
2.088333e+00 1.472873e-15
2.099999e+00 1.023254e-15
2.111666e+00 7.193920e-16
2.123333e+00 4.099828e-16
2.134999e+00 2.771012e-16
2.146666e+00 2.734964e-16
2.158333e+00 1.344078e-16
2.169999e+00 1.321401e-16
2.181666e+00 1.298913e-16
2.193332e+00 4.750007e-25
2.204999e+00 1.728794e-36
2.216666e+00 6.292053e-48
2.228332e+00 2.290031e-59
2.239999e+00 8.334709e-71
2.251666e+00 3.033469e-82
2.263332e+00 1.104050e-93
2.274999e+00 4.018256e-105
2.286666e+00 1.462469e-116
2.298332e+00 5.322746e-128
2.309999e+00 1.937246e-139
2.321666e+00 7.050726e-151
2.333332e+00 2.566155e-162
2.344999e+00 9.339678e-174
2.356666e+00 3.399233e-185
2.368332e+00 1.237172e-196
2.379999e+00 4.502763e-208
2.391666e+00 1.638808e-219
2.403332e+00 5.964543e-231
2.414999e+00 2.170832e-242
2.426666e+00 7.900876e-254
2.438332e+00 2.875572e-265
2.449999e+00 1.046582e-276
2.461666e+00 3.809100e-288
2.473332e+00 1.386345e-299
2.484999e+00 5.045689e-311
2.496666e+00 1.828043e-322
2.508332e+00 0.000000e+00
2.519999e+00 0.000000e+00
2.531666e+00 0.000000e+00
2.543332e+00 0.000000e+00
2.554999e+00 0.000000e+00
2.566666e+00 0.000000e+00
2.578332e+00 0.000000e+00
2.589999e+00 0.000000e+00
2.601666e+00 0.000000e+00
2.613332e+00 0.000000e+00
2.624999e+00 0.000000e+00
2.636666e+00 0.000000e+00
2.648332e+00 0.000000e+00
2.659999e+00 0.000000e+00
2.671666e+00 0.000000e+00
2.683332e+00 0.000000e+00
2.694999e+00 0.000000e+00
2.706666e+00 0.000000e+00
2.718332e+00 0.000000e+00
2.729999e+00 0.000000e+00
2.741666e+00 0.000000e+00
2.753332e+00 0.000000e+00
2.764999e+00 0.000000e+00
2.776666e+00 0.000000e+00
2.788332e+00 0.000000e+00
2.799999e+00 0.000000e+00
2.811666e+00 0.000000e+00
2.823332e+00 0.000000e+00
2.834999e+00 0.000000e+00
2.846666e+00 0.000000e+00
2.858332e+00 0.000000e+00
2.869999e+00 0.000000e+00
2.881666e+00 0.000000e+00
2.893332e+00 0.000000e+00
2.904999e+00 0.000000e+00
2.916666e+00 0.000000e+00
2.928332e+00 0.000000e+00
2.939999e+00 0.000000e+00
2.951666e+00 0.000000e+00
2.963332e+00 0.000000e+00
2.974999e+00 0.000000e+00
2.986666e+00 0.000000e+00
2.998332e+00 0.000000e+00
3.009999e+00 0.000000e+00
3.021666e+00 0.000000e+00
3.033332e+00 0.000000e+00
3.044999e+00 0.000000e+00
3.056665e+00 0.000000e+00
3.068332e+00 0.000000e+00
3.079999e+00 0.000000e+00
3.091665e+00 0.000000e+00
3.103332e+00 0.000000e+00
3.114999e+00 0.000000e+00
3.126665e+00 0.000000e+00
3.138332e+00 0.000000e+00
3.149999e+00 0.000000e+00
3.161665e+00 0.000000e+00
3.173332e+00 0.000000e+00
3.184999e+00 0.000000e+00
3.196665e+00 0.000000e+00
3.208332e+00 0.000000e+00
3.219999e+00 0.000000e+00
3.231665e+00 0.000000e+00
3.243332e+00 0.000000e+00
3.254999e+00 0.000000e+00
3.266665e+00 0.000000e+00
3.278332e+00 0.000000e+00
3.289999e+00 0.000000e+00
3.301665e+00 0.000000e+00
3.313332e+00 0.000000e+00
3.324999e+00 0.000000e+00
3.336665e+00 0.000000e+00
3.348332e+00 0.000000e+00
3.359999e+00 0.000000e+00
3.371665e+00 0.000000e+00
3.383332e+00 0.000000e+00
3.394999e+00 0.000000e+00
3.406665e+00 0.000000e+00
3.418332e+00 0.000000e+00
3.429999e+00 0.000000e+00
3.441665e+00 0.000000e+00
3.453332e+00 0.000000e+00
3.464999e+00 0.000000e+00
3.476665e+00 0.000000e+00
3.488332e+00 0.000000e+00
3.499999e+00 0.000000e+00
