1.000000e-02 0.000000e+00
1.496667e-02 0.000000e+00
1.993333e-02 0.000000e+00
2.490000e-02 0.000000e+00
2.986667e-02 0.000000e+00
3.483333e-02 0.000000e+00
3.980000e-02 0.000000e+00
4.476667e-02 0.000000e+00
4.973333e-02 0.000000e+00
5.470000e-02 0.000000e+00
5.966667e-02 0.000000e+00
6.463333e-02 0.000000e+00
6.960000e-02 0.000000e+00
7.456667e-02 0.000000e+00
7.953333e-02 0.000000e+00
8.450000e-02 0.000000e+00
8.946667e-02 0.000000e+00
9.443333e-02 0.000000e+00
9.940000e-02 0.000000e+00
1.043667e-01 0.000000e+00
1.093333e-01 0.000000e+00
1.143000e-01 0.000000e+00
1.192667e-01 0.000000e+00
1.242333e-01 0.000000e+00
1.292000e-01 0.000000e+00
1.341667e-01 0.000000e+00
1.391333e-01 0.000000e+00
1.441000e-01 0.000000e+00
1.490667e-01 0.000000e+00
1.540333e-01 0.000000e+00
1.590000e-01 0.000000e+00
1.639667e-01 0.000000e+00
1.689333e-01 0.000000e+00
1.739000e-01 0.000000e+00
1.788667e-01 0.000000e+00
1.838333e-01 0.000000e+00
1.888000e-01 0.000000e+00
1.937667e-01 0.000000e+00
1.987333e-01 0.000000e+00
2.037000e-01 0.000000e+00
2.086667e-01 0.000000e+00
2.136333e-01 -1.298737e-315
2.186000e-01 -3.568389e-304
2.235667e-01 -9.804448e-293
2.285333e-01 -2.693854e-281
2.335000e-01 -7.401590e-270
2.384667e-01 -2.033649e-258
2.434333e-01 -5.587621e-247
2.484000e-01 -1.535246e-235
2.533667e-01 -4.218216e-224
2.583333e-01 -1.158990e-212
2.633000e-01 -3.184423e-201
2.682667e-01 -8.749469e-190
2.732333e-01 -2.403990e-178
2.782000e-01 -6.605164e-167
2.831667e-01 -1.814824e-155
2.881333e-01 -4.986381e-144
2.931000e-01 -1.370050e-132
2.980667e-01 -3.764328e-121
3.030333e-01 -1.034281e-109
3.080000e-01 -2.841772e-98
3.129667e-01 -7.808008e-87
3.179333e-01 -2.145316e-75
3.229000e-01 -5.894435e-64
3.278667e-01 -1.619545e-52
3.328333e-01 -4.449837e-41
3.378000e-01 -1.222630e-29
3.427667e-01 -3.359278e-18
3.477333e-01 3.920388e-15
3.527000e-01 9.632631e-14
3.576667e-01 1.898682e-12
3.626333e-01 3.237004e-11
3.676000e-01 4.534055e-10
3.725667e-01 5.383614e-09
3.775333e-01 5.587474e-08
3.825000e-01 4.825040e-07
3.874667e-01 3.660273e-06
3.924333e-01 2.332117e-05
3.974000e-01 1.312898e-04
4.023667e-01 6.262804e-04
4.073333e-01 2.600217e-03
4.123000e-01 9.630448e-03
4.172667e-01 3.063536e-02
4.222333e-01 8.753211e-02
4.272000e-01 2.169901e-01
4.321667e-01 4.867558e-01
4.371333e-01 9.591659e-01
4.421000e-01 1.698396e+00
4.470667e-01 2.767850e+00
4.520333e-01 4.044567e+00
4.570000e-01 5.521480e+00
4.619667e-01 6.893579e+00
4.669333e-01 8.211102e+00
4.719000e-01 9.134369e+00
4.768667e-01 9.784167e+00
4.818333e-01 1.032570e+01
4.868000e-01 1.055675e+01
4.917667e-01 1.080393e+01
4.967333e-01 1.085565e+01
5.017000e-01 1.093049e+01
5.066667e-01 1.097557e+01
5.116333e-01 1.091831e+01
5.166000e-01 1.089751e+01
5.215667e-01 1.063788e+01
5.265333e-01 1.028002e+01
5.315000e-01 9.569329e+00
5.364667e-01 8.570628e+00
5.414333e-01 7.396915e+00
5.464000e-01 5.984502e+00
5.513667e-01 4.582853e+00
5.563333e-01 3.254236e+00
5.613000e-01 2.164193e+00
5.662667e-01 1.326029e+00
5.712333e-01 7.521290e-01
5.762000e-01 3.965671e-01
5.811667e-01 1.920391e-01
5.861333e-01 8.632661e-02
5.911000e-01 3.565776e-02
5.960667e-01 1.366936e-02
6.010333e-01 4.823267e-03
6.060000e-01 1.574577e-03
6.109667e-01 4.778106e-04
6.159333e-01 1.338888e-04
6.209000e-01 3.491859e-05
6.258667e-01 8.432820e-06
6.308333e-01 1.898434e-06
6.358000e-01 3.968732e-07
6.407667e-01 7.732861e-08
6.457333e-01 1.408494e-08
6.507000e-01 2.392211e-09
6.556667e-01 3.804787e-10
6.606333e-01 5.659226e-11
6.656000e-01 7.896385e-12
6.705667e-01 1.033635e-12
6.755333e-01 1.269717e-13
6.805000e-01 1.513325e-14
6.854667e-01 1.348183e-15
6.904333e-01 6.742468e-23
6.954000e-01 2.453962e-34
7.003667e-01 8.931347e-46
7.053333e-01 3.250619e-57
7.103000e-01 1.183083e-68
7.152667e-01 4.305902e-80
7.202333e-01 1.567159e-91
7.252000e-01 5.703773e-103
7.301667e-01 2.075923e-114
7.351333e-01 7.555450e-126
7.401000e-01 2.749852e-137
7.450667e-01 1.000826e-148
7.500333e-01 3.642566e-160
7.550000e-01 1.325734e-171
7.599667e-01 4.825092e-183
7.649333e-01 1.756122e-194
7.699000e-01 6.391513e-206
7.748667e-01 2.326230e-217
7.798333e-01 8.466458e-229
7.848000e-01 3.081419e-240
7.897667e-01 1.121501e-251
7.947333e-01 4.081774e-263
7.997000e-01 1.485587e-274
8.046667e-01 5.406883e-286
8.096333e-01 1.967868e-297
8.146000e-01 7.162178e-309
8.195667e-01 2.606690e-320
8.245333e-01 0.000000e+00
8.295000e-01 0.000000e+00
8.344667e-01 0.000000e+00
8.394333e-01 0.000000e+00
8.444000e-01 0.000000e+00
8.493667e-01 0.000000e+00
8.543333e-01 0.000000e+00
8.593000e-01 0.000000e+00
8.642667e-01 0.000000e+00
8.692333e-01 0.000000e+00
8.742000e-01 0.000000e+00
8.791667e-01 0.000000e+00
8.841333e-01 0.000000e+00
8.891000e-01 0.000000e+00
8.940667e-01 0.000000e+00
8.990333e-01 0.000000e+00
9.040000e-01 0.000000e+00
9.089667e-01 0.000000e+00
9.139333e-01 0.000000e+00
9.189000e-01 0.000000e+00
9.238667e-01 0.000000e+00
9.288333e-01 0.000000e+00
9.338000e-01 0.000000e+00
9.387667e-01 0.000000e+00
9.437333e-01 0.000000e+00
9.487000e-01 0.000000e+00
9.536667e-01 0.000000e+00
9.586333e-01 0.000000e+00
9.636000e-01 0.000000e+00
9.685667e-01 0.000000e+00
9.735333e-01 0.000000e+00
9.785000e-01 0.000000e+00
9.834667e-01 0.000000e+00
9.884333e-01 0.000000e+00
9.934000e-01 0.000000e+00
9.983667e-01 0.000000e+00
1.003333e+00 0.000000e+00
1.008300e+00 0.000000e+00
1.013267e+00 0.000000e+00
1.018233e+00 0.000000e+00
1.023200e+00 0.000000e+00
1.028167e+00 0.000000e+00
1.033133e+00 0.000000e+00
1.038100e+00 0.000000e+00
1.043067e+00 0.000000e+00
1.048033e+00 0.000000e+00
1.053000e+00 0.000000e+00
1.057967e+00 0.000000e+00
1.062933e+00 0.000000e+00
1.067900e+00 0.000000e+00
1.072867e+00 0.000000e+00
1.077833e+00 0.000000e+00
1.082800e+00 0.000000e+00
1.087767e+00 0.000000e+00
1.092733e+00 0.000000e+00
1.097700e+00 0.000000e+00
1.102667e+00 0.000000e+00
1.107633e+00 0.000000e+00
1.112600e+00 0.000000e+00
1.117567e+00 0.000000e+00
1.122533e+00 0.000000e+00
1.127500e+00 0.000000e+00
1.132467e+00 0.000000e+00
1.137433e+00 0.000000e+00
1.142400e+00 0.000000e+00
1.147367e+00 0.000000e+00
1.152333e+00 0.000000e+00
1.157300e+00 0.000000e+00
1.162267e+00 0.000000e+00
1.167233e+00 0.000000e+00
1.172200e+00 0.000000e+00
1.177167e+00 0.000000e+00
1.182133e+00 0.000000e+00
1.187100e+00 0.000000e+00
1.192067e+00 0.000000e+00
1.197033e+00 0.000000e+00
1.202000e+00 0.000000e+00
1.206967e+00 0.000000e+00
1.211933e+00 0.000000e+00
1.216900e+00 0.000000e+00
1.221867e+00 0.000000e+00
1.226833e+00 0.000000e+00
1.231800e+00 0.000000e+00
1.236767e+00 0.000000e+00
1.241733e+00 0.000000e+00
1.246700e+00 0.000000e+00
1.251667e+00 0.000000e+00
1.256633e+00 0.000000e+00
1.261600e+00 0.000000e+00
1.266567e+00 0.000000e+00
1.271533e+00 0.000000e+00
1.276500e+00 0.000000e+00
1.281467e+00 0.000000e+00
1.286433e+00 0.000000e+00
1.291400e+00 0.000000e+00
1.296367e+00 0.000000e+00
1.301333e+00 0.000000e+00
1.306300e+00 0.000000e+00
1.311267e+00 0.000000e+00
1.316233e+00 0.000000e+00
1.321200e+00 0.000000e+00
1.326167e+00 0.000000e+00
1.331133e+00 0.000000e+00
1.336100e+00 0.000000e+00
1.341067e+00 0.000000e+00
1.346033e+00 0.000000e+00
1.351000e+00 0.000000e+00
1.355967e+00 0.000000e+00
1.360933e+00 0.000000e+00
1.365900e+00 0.000000e+00
1.370867e+00 0.000000e+00
1.375833e+00 0.000000e+00
1.380800e+00 0.000000e+00
1.385767e+00 0.000000e+00
1.390733e+00 0.000000e+00
1.395700e+00 0.000000e+00
1.400667e+00 0.000000e+00
1.405633e+00 0.000000e+00
1.410600e+00 0.000000e+00
1.415567e+00 0.000000e+00
1.420533e+00 0.000000e+00
1.425500e+00 0.000000e+00
1.430467e+00 0.000000e+00
1.435433e+00 0.000000e+00
1.440400e+00 0.000000e+00
1.445367e+00 0.000000e+00
1.450333e+00 0.000000e+00
1.455300e+00 0.000000e+00
1.460267e+00 0.000000e+00
1.465233e+00 0.000000e+00
1.470200e+00 0.000000e+00
1.475167e+00 0.000000e+00
1.480133e+00 0.000000e+00
1.485100e+00 0.000000e+00
1.490067e+00 0.000000e+00
1.495033e+00 0.000000e+00
1.500000e+00 0.000000e+00
