0.000000e+00 0.000000e+00
1.166666e-02 1.281220e-10
2.333332e-02 2.225524e-09
3.499999e-02 2.210224e-08
4.666665e-02 1.593769e-07
5.833331e-02 9.187767e-07
6.999997e-02 4.444224e-06
8.166664e-02 1.856438e-05
9.333330e-02 6.827203e-05
1.050000e-01 2.241857e-04
1.166666e-01 6.645778e-04
1.283333e-01 1.794523e-03
1.399999e-01 4.447415e-03
1.516666e-01 1.018300e-02
1.633333e-01 2.166611e-02
1.749999e-01 4.306204e-02
1.866666e-01 8.033123e-02
1.983333e-01 1.412696e-01
2.099999e-01 2.351489e-01
2.216666e-01 3.718766e-01
2.333332e-01 5.607083e-01
2.449999e-01 8.086797e-01
2.566666e-01 1.119027e+00
2.683332e-01 1.489905e+00
2.799999e-01 1.913671e+00
2.916666e-01 2.376899e+00
3.033332e-01 2.861133e+00
3.149999e-01 3.344292e+00
3.266665e-01 3.802506e+00
3.383332e-01 4.212157e+00
3.499999e-01 4.551883e+00
3.616665e-01 4.804331e+00
3.733332e-01 4.957497e+00
3.849999e-01 5.005551e+00
3.966665e-01 4.949066e+00
4.083332e-01 4.794678e+00
4.199998e-01 4.554219e+00
4.316665e-01 4.243451e+00
4.433332e-01 3.880560e+00
4.549998e-01 3.484584e+00
4.666665e-01 3.073948e+00
4.783332e-01 2.665250e+00
4.899998e-01 2.272394e+00
5.016665e-01 1.906092e+00
5.133331e-01 1.573733e+00
5.249998e-01 1.279559e+00
5.366665e-01 1.025057e+00
5.483331e-01 8.094907e-01
5.599998e-01 6.304771e-01
5.716664e-01 4.845488e-01
5.833331e-01 3.676481e-01
5.949998e-01 2.755288e-01
6.066664e-01 2.040575e-01
6.183331e-01 1.494157e-01
6.299998e-01 1.082185e-01
6.416664e-01 7.756542e-02
6.533331e-01 5.504153e-02
6.649997e-01 3.868642e-02
6.766664e-01 2.694370e-02
6.883331e-01 1.860229e-02
6.999997e-01 1.273680e-02
7.116664e-01 8.651835e-03
7.233331e-01 5.832759e-03
7.349997e-01 3.904059e-03
7.466664e-01 2.595306e-03
7.583330e-01 1.714110e-03
7.699997e-01 1.125149e-03
7.816664e-01 7.342437e-04
7.933330e-01 4.764999e-04
8.049997e-01 3.076139e-04
8.166664e-01 1.976030e-04
8.283330e-01 1.263411e-04
8.399997e-01 8.042184e-05
8.516663e-01 5.097910e-05
8.633330e-01 3.218885e-05
8.749997e-01 2.024959e-05
8.866663e-01 1.269471e-05
8.983330e-01 7.932682e-06
9.099997e-01 4.941956e-06
9.216663e-01 3.070060e-06
9.333330e-01 1.902166e-06
9.449996e-01 1.175666e-06
9.566663e-01 7.249891e-07
9.683330e-01 4.461345e-07
9.799996e-01 2.740051e-07
9.916663e-01 1.679882e-07
1.003333e+00 1.028236e-07
1.015000e+00 6.284402e-08
1.026666e+00 3.835779e-08
1.038333e+00 2.338409e-08
1.050000e+00 1.424035e-08
1.061666e+00 8.663799e-09
1.073333e+00 5.266664e-09
1.085000e+00 3.199279e-09
1.096666e+00 1.942254e-09
1.108333e+00 1.178536e-09
1.120000e+00 7.148366e-10
1.131666e+00 4.334512e-10
1.143333e+00 2.627745e-10
1.155000e+00 1.592855e-10
1.166666e+00 9.655032e-11
1.178333e+00 5.852658e-11
1.190000e+00 3.548243e-11
1.201666e+00 2.151578e-11
1.213333e+00 1.305053e-11
1.225000e+00 7.918363e-12
1.236666e+00 4.806443e-12
1.248333e+00 2.919252e-12
1.260000e+00 1.773906e-12
1.271666e+00 1.078358e-12
1.283333e+00 6.560170e-13
1.295000e+00 3.993965e-13
1.306666e+00 2.432012e-13
1.318333e+00 1.485613e-13
1.329999e+00 9.060170e-14
1.341666e+00 5.533462e-14
1.353333e+00 3.383617e-14
1.364999e+00 2.076471e-14
1.376666e+00 1.280466e-14
1.388333e+00 7.785876e-15
1.399999e+00 4.667473e-15
1.411666e+00 2.904664e-15
1.423333e+00 1.895929e-15
1.434999e+00 1.126138e-15
1.446666e+00 7.392361e-16
1.458333e+00 3.639264e-16
1.469999e+00 3.583062e-16
1.481666e+00 6.872226e-19
1.493333e+00 2.501189e-30
1.504999e+00 9.103230e-42
1.516666e+00 3.313177e-53
1.528333e+00 1.205851e-64
1.539999e+00 4.388769e-76
1.551666e+00 1.597319e-87
1.563333e+00 5.813541e-99
1.574999e+00 2.115874e-110
1.586666e+00 7.700854e-122
1.598333e+00 2.802773e-133
1.609999e+00 1.020086e-144
1.621666e+00 3.712667e-156
1.633333e+00 1.351248e-167
1.644999e+00 4.917950e-179
1.656666e+00 1.789918e-190
1.668333e+00 6.514517e-202
1.679999e+00 2.370998e-213
1.691666e+00 8.629394e-225
1.703333e+00 3.140721e-236
1.714999e+00 1.143085e-247
1.726666e+00 4.160327e-259
1.738333e+00 1.514177e-270
1.749999e+00 5.510939e-282
1.761666e+00 2.005740e-293
1.773333e+00 7.300014e-305
1.784999e+00 2.656885e-316
1.796666e+00 0.000000e+00
1.808333e+00 0.000000e+00
1.819999e+00 0.000000e+00
1.831666e+00 0.000000e+00
1.843333e+00 0.000000e+00
1.854999e+00 0.000000e+00
1.866666e+00 0.000000e+00
1.878333e+00 0.000000e+00
1.889999e+00 0.000000e+00
1.901666e+00 0.000000e+00
1.913333e+00 0.000000e+00
1.924999e+00 0.000000e+00
1.936666e+00 0.000000e+00
1.948333e+00 0.000000e+00
1.959999e+00 0.000000e+00
1.971666e+00 0.000000e+00
1.983333e+00 0.000000e+00
1.994999e+00 0.000000e+00
2.006666e+00 0.000000e+00
2.018333e+00 0.000000e+00
2.029999e+00 0.000000e+00
2.041666e+00 0.000000e+00
2.053333e+00 0.000000e+00
2.064999e+00 0.000000e+00
2.076666e+00 0.000000e+00
2.088333e+00 0.000000e+00
2.099999e+00 0.000000e+00
2.111666e+00 0.000000e+00
2.123333e+00 0.000000e+00
2.134999e+00 0.000000e+00
2.146666e+00 0.000000e+00
2.158333e+00 0.000000e+00
2.169999e+00 0.000000e+00
2.181666e+00 0.000000e+00
2.193332e+00 0.000000e+00
2.204999e+00 0.000000e+00
2.216666e+00 0.000000e+00
2.228332e+00 0.000000e+00
2.239999e+00 0.000000e+00
2.251666e+00 0.000000e+00
2.263332e+00 0.000000e+00
2.274999e+00 0.000000e+00
2.286666e+00 0.000000e+00
2.298332e+00 0.000000e+00
2.309999e+00 0.000000e+00
2.321666e+00 0.000000e+00
2.333332e+00 0.000000e+00
2.344999e+00 0.000000e+00
2.356666e+00 0.000000e+00
2.368332e+00 0.000000e+00
2.379999e+00 0.000000e+00
2.391666e+00 0.000000e+00
2.403332e+00 0.000000e+00
2.414999e+00 0.000000e+00
2.426666e+00 0.000000e+00
2.438332e+00 0.000000e+00
2.449999e+00 0.000000e+00
2.461666e+00 0.000000e+00
2.473332e+00 0.000000e+00
2.484999e+00 0.000000e+00
2.496666e+00 0.000000e+00
2.508332e+00 0.000000e+00
2.519999e+00 0.000000e+00
2.531666e+00 0.000000e+00
2.543332e+00 0.000000e+00
2.554999e+00 0.000000e+00
2.566666e+00 0.000000e+00
2.578332e+00 0.000000e+00
2.589999e+00 0.000000e+00
2.601666e+00 0.000000e+00
2.613332e+00 0.000000e+00
2.624999e+00 0.000000e+00
2.636666e+00 0.000000e+00
2.648332e+00 0.000000e+00
2.659999e+00 0.000000e+00
2.671666e+00 0.000000e+00
2.683332e+00 0.000000e+00
2.694999e+00 0.000000e+00
2.706666e+00 0.000000e+00
2.718332e+00 0.000000e+00
2.729999e+00 0.000000e+00
2.741666e+00 0.000000e+00
2.753332e+00 0.000000e+00
2.764999e+00 0.000000e+00
2.776666e+00 0.000000e+00
2.788332e+00 0.000000e+00
2.799999e+00 0.000000e+00
2.811666e+00 0.000000e+00
2.823332e+00 0.000000e+00
2.834999e+00 0.000000e+00
2.846666e+00 0.000000e+00
2.858332e+00 0.000000e+00
2.869999e+00 0.000000e+00
2.881666e+00 0.000000e+00
2.893332e+00 0.000000e+00
2.904999e+00 0.000000e+00
2.916666e+00 0.000000e+00
2.928332e+00 0.000000e+00
2.939999e+00 0.000000e+00
2.951666e+00 0.000000e+00
2.963332e+00 0.000000e+00
2.974999e+00 0.000000e+00
2.986666e+00 0.000000e+00
2.998332e+00 0.000000e+00
3.009999e+00 0.000000e+00
3.021666e+00 0.000000e+00
3.033332e+00 0.000000e+00
3.044999e+00 0.000000e+00
3.056665e+00 0.000000e+00
3.068332e+00 0.000000e+00
3.079999e+00 0.000000e+00
3.091665e+00 0.000000e+00
3.103332e+00 0.000000e+00
3.114999e+00 0.000000e+00
3.126665e+00 0.000000e+00
3.138332e+00 0.000000e+00
3.149999e+00 0.000000e+00
3.161665e+00 0.000000e+00
3.173332e+00 0.000000e+00
3.184999e+00 0.000000e+00
3.196665e+00 0.000000e+00
3.208332e+00 0.000000e+00
3.219999e+00 0.000000e+00
3.231665e+00 0.000000e+00
3.243332e+00 0.000000e+00
3.254999e+00 0.000000e+00
3.266665e+00 0.000000e+00
3.278332e+00 0.000000e+00
3.289999e+00 0.000000e+00
3.301665e+00 0.000000e+00
3.313332e+00 0.000000e+00
3.324999e+00 0.000000e+00
3.336665e+00 0.000000e+00
3.348332e+00 0.000000e+00
3.359999e+00 0.000000e+00
3.371665e+00 0.000000e+00
3.383332e+00 0.000000e+00
3.394999e+00 0.000000e+00
3.406665e+00 0.000000e+00
3.418332e+00 0.000000e+00
3.429999e+00 0.000000e+00
3.441665e+00 0.000000e+00
3.453332e+00 0.000000e+00
3.464999e+00 0.000000e+00
3.476665e+00 0.000000e+00
3.488332e+00 0.000000e+00
3.499999e+00 0.000000e+00
