0.000000e+00 0.000000e+00
1.166666e-02 -1.932961e-313
2.333332e-02 -5.310972e-302
3.499999e-02 -1.459234e-290
4.666665e-02 -4.009368e-279
5.833331e-02 -1.101608e-267
6.999997e-02 -3.026759e-256
8.166664e-02 -8.316274e-245
9.333330e-02 -2.284966e-233
1.050000e-01 -6.278136e-222
1.166666e-01 -1.724970e-210
1.283333e-01 -4.739501e-199
1.399999e-01 -1.302218e-187
1.516666e-01 -3.577952e-176
1.633333e-01 -9.830723e-165
1.749999e-01 -2.701074e-153
1.866666e-01 -7.421426e-142
1.983333e-01 -2.039099e-130
2.099999e-01 -5.602595e-119
2.216666e-01 -1.539360e-107
2.333332e-01 -4.229521e-96
2.449999e-01 -1.162096e-84
2.566666e-01 -3.192957e-73
2.683332e-01 -8.772917e-62
2.799999e-01 -2.410432e-50
2.916666e-01 -6.622865e-39
3.033332e-01 -1.819688e-27
3.149999e-01 3.996659e-16
3.266665e-01 1.683344e-15
3.383332e-01 1.266182e-14
3.499999e-01 8.649438e-14
3.616665e-01 5.358289e-13
3.733332e-01 3.042528e-12
3.849999e-01 1.590928e-11
3.966665e-01 7.688005e-11
4.083332e-01 3.444794e-10
4.199998e-01 1.435733e-09
4.316665e-01 5.582784e-09
4.433332e-01 2.031147e-08
4.549998e-01 6.933239e-08
4.666665e-01 2.226249e-07
4.783332e-01 6.741282e-07
4.899998e-01 1.929673e-06
5.016665e-01 5.233519e-06
5.133331e-01 1.347806e-05
5.249998e-01 3.302924e-05
5.366665e-01 7.717632e-05
5.483331e-01 1.722758e-04
5.599998e-01 3.680659e-04
5.716664e-01 7.539850e-04
5.833331e-01 1.483471e-03
5.949998e-01 2.807952e-03
6.066664e-01 5.121316e-03
6.183331e-01 9.013964e-03
6.299998e-01 1.533305e-02
6.416664e-01 2.524248e-02
6.533331e-01 4.027316e-02
6.649997e-01 6.235155e-02
6.766664e-01 9.379360e-02
6.883331e-01 1.372523e-01
6.999997e-01 1.956107e-01
7.116664e-01 2.718185e-01
7.233331e-01 3.686771e-01
7.349997e-01 4.885879e-01
7.466664e-01 6.332834e-01
7.583330e-01 8.035688e-01
7.699997e-01 9.991009e-01
7.816664e-01 1.218231e+00
7.933330e-01 1.457934e+00
8.049997e-01 1.713834e+00
8.166664e-01 1.980332e+00
8.283330e-01 2.250829e+00
8.399997e-01 2.518030e+00
8.516663e-01 2.774300e+00
8.633330e-01 3.012060e+00
8.749997e-01 3.224165e+00
8.866663e-01 3.404277e+00
8.983330e-01 3.547171e+00
9.099997e-01 3.648973e+00
9.216663e-01 3.707317e+00
9.333330e-01 3.721407e+00
9.449996e-01 3.691989e+00
9.566663e-01 3.621246e+00
9.683330e-01 3.512615e+00
9.799996e-01 3.370559e+00
9.916663e-01 3.200295e+00
1.003333e+00 3.007516e+00
1.015000e+00 2.798108e+00
1.026666e+00 2.577893e+00
1.038333e+00 2.352402e+00
1.050000e+00 2.126691e+00
1.061666e+00 1.905205e+00
1.073333e+00 1.691684e+00
1.085000e+00 1.489128e+00
1.096666e+00 1.299789e+00
1.108333e+00 1.125213e+00
1.120000e+00 9.662920e-01
1.131666e+00 8.233484e-01
1.143333e+00 6.962251e-01
1.155000e+00 5.843789e-01
1.166666e+00 4.869731e-01
1.178333e+00 4.029645e-01
1.190000e+00 3.311805e-01
1.201666e+00 2.703849e-01
1.213333e+00 2.193321e-01
1.225000e+00 1.768093e-01
1.236666e+00 1.416677e-01
1.248333e+00 1.128439e-01
1.260000e+00 8.937252e-02
1.271666e+00 7.039215e-02
1.283333e+00 5.514590e-02
1.295000e+00 4.297778e-02
1.306666e+00 3.332635e-02
1.318333e+00 2.571667e-02
1.329999e+00 1.975120e-02
1.341666e+00 1.510049e-02
1.353333e+00 1.149404e-02
1.364999e+00 8.711709e-03
1.376666e+00 6.575748e-03
1.388333e+00 4.943784e-03
1.399999e+00 3.702593e-03
1.411666e+00 2.762759e-03
1.423333e+00 2.054129e-03
1.434999e+00 1.522003e-03
1.446666e+00 1.123984e-03
1.458333e+00 8.273995e-04
1.469999e+00 6.071999e-04
1.481666e+00 4.442831e-04
1.493333e+00 3.241518e-04
1.504999e+00 2.358550e-04
1.516666e+00 1.711576e-04
1.528333e+00 1.238930e-04
1.539999e+00 8.946247e-05
1.551666e+00 6.444974e-05
1.563333e+00 4.632648e-05
1.574999e+00 3.322812e-05
1.586666e+00 2.378428e-05
1.598333e+00 1.699106e-05
1.609999e+00 1.211530e-05
1.621666e+00 8.623180e-06
1.633333e+00 6.127110e-06
1.644999e+00 4.346435e-06
1.656666e+00 3.078458e-06
1.668333e+00 2.177150e-06
1.679999e+00 1.537553e-06
1.691666e+00 1.084399e-06
1.703333e+00 7.638267e-07
1.714999e+00 5.373740e-07
1.726666e+00 3.776268e-07
1.738333e+00 2.650821e-07
1.749999e+00 1.858900e-07
1.761666e+00 1.302314e-07
1.773333e+00 9.115582e-08
1.784999e+00 6.375094e-08
1.796666e+00 4.454983e-08
1.808333e+00 3.110898e-08
1.819999e+00 2.170841e-08
1.831666e+00 1.513891e-08
1.843333e+00 1.055132e-08
1.854999e+00 7.349960e-09
1.866666e+00 5.117397e-09
1.878333e+00 3.561381e-09
1.889999e+00 2.477490e-09
1.901666e+00 1.722851e-09
1.913333e+00 1.197688e-09
1.924999e+00 8.323704e-10
1.936666e+00 5.783407e-10
1.948333e+00 4.017548e-10
1.959999e+00 2.790386e-10
1.971666e+00 1.937799e-10
1.983333e+00 1.345579e-10
1.994999e+00 9.342870e-11
2.006666e+00 6.486886e-11
2.018333e+00 4.503908e-11
2.029999e+00 3.127203e-11
2.041666e+00 2.171410e-11
2.053333e+00 1.507884e-11
2.064999e+00 1.047234e-11
2.076666e+00 7.273947e-12
2.088333e+00 5.053461e-12
2.099999e+00 3.511355e-12
2.111666e+00 2.440378e-12
2.123333e+00 1.696502e-12
2.134999e+00 1.179667e-12
2.146666e+00 8.204300e-13
2.158333e+00 5.708168e-13
2.169999e+00 3.972209e-13
2.181666e+00 2.765855e-13
2.193332e+00 1.927020e-13
2.204999e+00 1.342289e-13
2.216666e+00 9.363031e-14
2.228332e+00 6.523774e-14
2.239999e+00 4.551717e-14
2.251666e+00 3.178954e-14
2.263332e+00 2.219658e-14
2.274999e+00 1.550445e-14
2.286666e+00 1.083887e-14
2.298332e+00 7.599539e-15
2.309999e+00 5.294087e-15
2.321666e+00 3.699301e-15
2.333332e+00 2.587123e-15
2.344999e+00 1.813003e-15
2.356666e+00 1.274019e-15
2.368332e+00 9.021185e-16
2.379999e+00 5.806087e-16
2.391666e+00 4.934167e-16
2.403332e+00 2.855110e-16
2.414999e+00 1.871602e-16
2.426666e+00 1.837965e-16
2.438332e+00 9.033077e-17
2.449999e+00 8.879125e-17
2.461666e+00 8.727757e-17
2.473332e+00 -3.217738e-21
2.484999e+00 -1.171116e-32
2.496666e+00 -4.262347e-44
2.508332e+00 -1.551307e-55
2.519999e+00 -5.646079e-67
2.531666e+00 -2.054925e-78
2.543332e+00 -7.479026e-90
2.554999e+00 -2.722037e-101
2.566666e+00 -9.907022e-113
2.578332e+00 -3.605721e-124
2.589999e+00 -1.312324e-135
2.601666e+00 -4.776285e-147
2.613332e+00 -1.738358e-158
2.624999e+00 -6.326862e-170
2.636666e+00 -2.302700e-181
2.648332e+00 -8.380819e-193
2.659999e+00 -3.050251e-204
2.671666e+00 -1.110157e-215
2.683332e+00 -4.040486e-227
2.694999e+00 -1.470560e-238
2.706666e+00 -5.352192e-250
2.718332e+00 -1.947963e-261
2.729999e+00 -7.089732e-273
2.741666e+00 -2.580351e-284
2.753332e+00 -9.391348e-296
2.764999e+00 -3.418039e-307
2.776666e+00 -1.244018e-318
2.788332e+00 0.000000e+00
2.799999e+00 0.000000e+00
2.811666e+00 0.000000e+00
2.823332e+00 0.000000e+00
2.834999e+00 0.000000e+00
2.846666e+00 0.000000e+00
2.858332e+00 0.000000e+00
2.869999e+00 0.000000e+00
2.881666e+00 0.000000e+00
2.893332e+00 0.000000e+00
2.904999e+00 0.000000e+00
2.916666e+00 0.000000e+00
2.928332e+00 0.000000e+00
2.939999e+00 0.000000e+00
2.951666e+00 0.000000e+00
2.963332e+00 0.000000e+00
2.974999e+00 0.000000e+00
2.986666e+00 0.000000e+00
2.998332e+00 0.000000e+00
3.009999e+00 0.000000e+00
3.021666e+00 0.000000e+00
3.033332e+00 0.000000e+00
3.044999e+00 0.000000e+00
3.056665e+00 0.000000e+00
3.068332e+00 0.000000e+00
3.079999e+00 0.000000e+00
3.091665e+00 0.000000e+00
3.103332e+00 0.000000e+00
3.114999e+00 0.000000e+00
3.126665e+00 0.000000e+00
3.138332e+00 0.000000e+00
3.149999e+00 0.000000e+00
3.161665e+00 0.000000e+00
3.173332e+00 0.000000e+00
3.184999e+00 0.000000e+00
3.196665e+00 0.000000e+00
3.208332e+00 0.000000e+00
3.219999e+00 0.000000e+00
3.231665e+00 0.000000e+00
3.243332e+00 0.000000e+00
3.254999e+00 0.000000e+00
3.266665e+00 0.000000e+00
3.278332e+00 0.000000e+00
3.289999e+00 0.000000e+00
3.301665e+00 0.000000e+00
3.313332e+00 0.000000e+00
3.324999e+00 0.000000e+00
3.336665e+00 0.000000e+00
3.348332e+00 0.000000e+00
3.359999e+00 0.000000e+00
3.371665e+00 0.000000e+00
3.383332e+00 0.000000e+00
3.394999e+00 0.000000e+00
3.406665e+00 0.000000e+00
3.418332e+00 0.000000e+00
3.429999e+00 0.000000e+00
3.441665e+00 0.000000e+00
3.453332e+00 0.000000e+00
3.464999e+00 0.000000e+00
3.476665e+00 0.000000e+00
3.488332e+00 0.000000e+00
3.499999e+00 0.000000e+00
