0.000000e+00 0.000000e+00
1.166666e-02 0.000000e+00
2.333332e-02 0.000000e+00
3.499999e-02 0.000000e+00
4.666665e-02 0.000000e+00
5.833331e-02 0.000000e+00
6.999997e-02 0.000000e+00
8.166664e-02 0.000000e+00
9.333330e-02 0.000000e+00
1.050000e-01 0.000000e+00
1.166666e-01 0.000000e+00
1.283333e-01 0.000000e+00
1.399999e-01 0.000000e+00
1.516666e-01 0.000000e+00
1.633333e-01 0.000000e+00
1.749999e-01 0.000000e+00
1.866666e-01 0.000000e+00
1.983333e-01 0.000000e+00
2.099999e-01 0.000000e+00
2.216666e-01 0.000000e+00
2.333332e-01 0.000000e+00
2.449999e-01 0.000000e+00
2.566666e-01 0.000000e+00
2.683332e-01 0.000000e+00
2.799999e-01 0.000000e+00
2.916666e-01 0.000000e+00
3.033332e-01 0.000000e+00
3.149999e-01 0.000000e+00
3.266665e-01 0.000000e+00
3.383332e-01 0.000000e+00
3.499999e-01 0.000000e+00
3.616665e-01 0.000000e+00
3.733332e-01 0.000000e+00
3.849999e-01 0.000000e+00
3.966665e-01 0.000000e+00
4.083332e-01 0.000000e+00
4.199998e-01 0.000000e+00
4.316665e-01 0.000000e+00
4.433332e-01 0.000000e+00
4.549998e-01 0.000000e+00
4.666665e-01 0.000000e+00
4.783332e-01 0.000000e+00
4.899998e-01 0.000000e+00
5.016665e-01 0.000000e+00
5.133331e-01 0.000000e+00
5.249998e-01 0.000000e+00
5.366665e-01 0.000000e+00
5.483331e-01 0.000000e+00
5.599998e-01 0.000000e+00
5.716664e-01 0.000000e+00
5.833331e-01 0.000000e+00
5.949998e-01 0.000000e+00
6.066664e-01 0.000000e+00
6.183331e-01 0.000000e+00
6.299998e-01 0.000000e+00
6.416664e-01 0.000000e+00
6.533331e-01 0.000000e+00
6.649997e-01 0.000000e+00
6.766664e-01 0.000000e+00
6.883331e-01 0.000000e+00
6.999997e-01 0.000000e+00
7.116664e-01 0.000000e+00
7.233331e-01 0.000000e+00
7.349997e-01 0.000000e+00
7.466664e-01 0.000000e+00
7.583330e-01 0.000000e+00
7.699997e-01 5.755865e-321
7.816664e-01 1.581416e-309
7.933330e-01 4.345072e-298
8.049997e-01 1.193845e-286
8.166664e-01 3.280189e-275
8.283330e-01 9.012595e-264
8.399997e-01 2.476286e-252
8.516663e-01 6.803803e-241
8.633330e-01 1.869402e-229
8.749997e-01 5.136338e-218
8.866663e-01 1.411252e-206
8.983330e-01 3.877533e-195
9.099997e-01 1.065385e-183
9.216663e-01 2.927234e-172
9.333330e-01 8.042821e-161
9.449996e-01 2.209832e-149
9.566663e-01 6.071700e-138
9.683330e-01 1.668250e-126
9.799996e-01 4.583658e-115
9.916663e-01 1.259398e-103
1.003333e+00 3.460303e-92
1.015000e+00 9.507472e-81
1.026666e+00 2.612258e-69
1.038333e+00 7.177397e-58
1.050000e+00 1.972050e-46
1.061666e+00 5.418372e-35
1.073333e+00 1.488743e-23
1.085000e+00 2.879451e-16
1.096666e+00 8.234301e-16
1.108333e+00 3.198204e-15
1.120000e+00 1.107365e-14
1.131666e+00 3.628046e-14
1.143333e+00 1.149016e-13
1.155000e+00 3.517005e-13
1.166666e+00 1.040494e-12
1.178333e+00 2.978806e-12
1.190000e+00 8.258231e-12
1.201666e+00 2.219296e-11
1.213333e+00 5.785761e-11
1.225000e+00 1.464454e-10
1.236666e+00 3.601618e-10
1.248333e+00 8.613004e-10
1.260000e+00 2.004313e-09
1.271666e+00 4.541931e-09
1.283333e+00 1.002953e-08
1.295000e+00 2.159625e-08
1.306666e+00 4.537523e-08
1.318333e+00 9.308479e-08
1.329999e+00 1.865638e-07
1.341666e+00 3.655332e-07
1.353333e+00 7.005380e-07
1.364999e+00 1.313985e-06
1.376666e+00 2.413481e-06
1.388333e+00 4.343378e-06
1.399999e+00 7.662496e-06
1.411666e+00 1.325850e-05
1.423333e+00 2.251219e-05
1.434999e+00 3.752763e-05
1.446666e+00 6.144703e-05
1.458333e+00 9.887077e-05
1.469999e+00 1.564041e-04
1.481666e+00 2.433505e-04
1.493333e+00 3.725690e-04
1.504999e+00 5.615046e-04
1.516666e+00 8.333915e-04
1.528333e+00 1.218617e-03
1.539999e+00 1.756212e-03
1.551666e+00 2.495416e-03
1.563333e+00 3.497250e-03
1.574999e+00 4.835994e-03
1.586666e+00 6.600459e-03
1.598333e+00 8.894930e-03
1.609999e+00 1.183963e-02
1.621666e+00 1.557061e-02
1.633333e+00 2.023884e-02
1.644999e+00 2.600859e-02
1.656666e+00 3.305478e-02
1.668333e+00 4.155958e-02
1.679999e+00 5.170796e-02
1.691666e+00 6.368262e-02
1.703333e+00 7.765813e-02
1.714999e+00 9.379474e-02
1.726666e+00 1.122320e-01
1.738333e+00 1.330823e-01
1.749999e+00 1.564250e-01
1.761666e+00 1.823010e-01
1.773333e+00 2.107087e-01
1.784999e+00 2.416004e-01
1.796666e+00 2.748809e-01
1.808333e+00 3.104068e-01
1.819999e+00 3.479879e-01
1.831666e+00 3.873905e-01
1.843333e+00 4.283408e-01
1.854999e+00 4.705306e-01
1.866666e+00 5.136245e-01
1.878333e+00 5.572663e-01
1.889999e+00 6.010878e-01
1.901666e+00 6.447162e-01
1.913333e+00 6.877824e-01
1.924999e+00 7.299289e-01
1.936666e+00 7.708168e-01
1.948333e+00 8.101311e-01
1.959999e+00 8.475878e-01
1.971666e+00 8.829367e-01
1.983333e+00 9.159643e-01
1.994999e+00 9.464972e-01
2.006666e+00 9.744015e-01
2.018333e+00 9.995827e-01
2.029999e+00 1.021986e+00
2.041666e+00 1.041591e+00
2.053333e+00 1.058413e+00
2.064999e+00 1.072498e+00
2.076666e+00 1.083918e+00
2.088333e+00 1.092767e+00
2.099999e+00 1.099162e+00
2.111666e+00 1.103233e+00
2.123333e+00 1.105122e+00
2.134999e+00 1.104980e+00
2.146666e+00 1.102962e+00
2.158333e+00 1.099226e+00
2.169999e+00 1.093928e+00
2.181666e+00 1.087224e+00
2.193332e+00 1.079262e+00
2.204999e+00 1.070187e+00
2.216666e+00 1.060134e+00
2.228332e+00 1.049233e+00
2.239999e+00 1.037602e+00
2.251666e+00 1.025353e+00
2.263332e+00 1.012586e+00
2.274999e+00 9.993942e-01
2.286666e+00 9.858611e-01
2.298332e+00 9.720622e-01
2.309999e+00 9.580640e-01
2.321666e+00 9.439261e-01
2.333332e+00 9.297010e-01
2.344999e+00 9.154345e-01
2.356666e+00 9.011664e-01
2.368332e+00 8.869312e-01
2.379999e+00 8.727584e-01
2.391666e+00 8.586733e-01
2.403332e+00 8.446972e-01
2.414999e+00 8.308479e-01
2.426666e+00 8.171401e-01
2.438332e+00 8.035862e-01
2.449999e+00 7.901959e-01
2.461666e+00 7.769770e-01
2.473332e+00 7.639358e-01
2.484999e+00 7.510767e-01
2.496666e+00 7.384034e-01
2.508332e+00 7.259180e-01
2.519999e+00 7.136220e-01
2.531666e+00 7.015159e-01
2.543332e+00 6.895999e-01
2.554999e+00 6.778735e-01
2.566666e+00 6.663356e-01
2.578332e+00 6.549850e-01
2.589999e+00 6.438200e-01
2.601666e+00 6.328389e-01
2.613332e+00 6.220396e-01
2.624999e+00 6.114198e-01
2.636666e+00 6.009774e-01
2.648332e+00 5.907099e-01
2.659999e+00 5.806147e-01
2.671666e+00 5.706895e-01
2.683332e+00 5.609317e-01
2.694999e+00 5.513386e-01
2.706666e+00 5.419075e-01
2.718332e+00 5.326359e-01
2.729999e+00 5.235210e-01
2.741666e+00 5.145602e-01
2.753332e+00 5.057507e-01
2.764999e+00 4.970897e-01
2.776666e+00 4.885745e-01
2.788332e+00 4.802020e-01
2.799999e+00 4.719693e-01
2.811666e+00 4.638734e-01
2.823332e+00 4.559111e-01
2.834999e+00 4.480792e-01
2.846666e+00 4.403743e-01
2.858332e+00 4.327927e-01
2.869999e+00 4.253307e-01
2.881666e+00 4.179842e-01
2.893332e+00 4.107493e-01
2.904999e+00 4.036213e-01
2.916666e+00 3.965955e-01
2.928332e+00 3.896672e-01
2.939999e+00 3.828310e-01
2.951666e+00 3.760814e-01
2.963332e+00 3.694128e-01
2.974999e+00 3.628189e-01
2.986666e+00 3.562936e-01
2.998332e+00 3.498302e-01
3.009999e+00 3.434222e-01
3.021666e+00 3.370625e-01
3.033332e+00 3.307443e-01
3.044999e+00 3.244604e-01
3.056665e+00 3.182039e-01
3.068332e+00 3.119678e-01
3.079999e+00 3.057452e-01
3.091665e+00 2.995296e-01
3.103332e+00 2.933148e-01
3.114999e+00 2.870947e-01
3.126665e+00 2.808640e-01
3.138332e+00 2.746179e-01
3.149999e+00 2.683522e-01
3.161665e+00 2.620634e-01
3.173332e+00 2.557488e-01
3.184999e+00 2.494065e-01
3.196665e+00 2.430358e-01
3.208332e+00 2.366364e-01
3.219999e+00 2.302094e-01
3.231665e+00 2.237568e-01
3.243332e+00 2.172814e-01
3.254999e+00 2.107873e-01
3.266665e+00 2.042791e-01
3.278332e+00 1.977627e-01
3.289999e+00 1.912447e-01
3.301665e+00 1.847323e-01
3.313332e+00 1.782338e-01
3.324999e+00 1.717577e-01
3.336665e+00 1.653134e-01
3.348332e+00 1.589104e-01
3.359999e+00 1.525586e-01
3.371665e+00 1.462683e-01
3.383332e+00 1.400496e-01
3.394999e+00 1.339129e-01
3.406665e+00 1.278681e-01
3.418332e+00 1.219251e-01
3.429999e+00 1.160935e-01
3.441665e+00 1.103824e-01
3.453332e+00 1.048003e-01
3.464999e+00 9.935524e-02
3.476665e+00 9.405467e-02
3.488332e+00 8.890518e-02
3.499999e+00 0.000000e+00
