0.000000e+00 0.000000e+00
1.166666e-02 0.000000e+00
2.333332e-02 0.000000e+00
3.499999e-02 0.000000e+00
4.666665e-02 0.000000e+00
5.833331e-02 0.000000e+00
6.999997e-02 0.000000e+00
8.166664e-02 0.000000e+00
9.333330e-02 0.000000e+00
1.050000e-01 0.000000e+00
1.166666e-01 0.000000e+00
1.283333e-01 6.035521e-314
1.399999e-01 1.658310e-302
1.516666e-01 4.556346e-291
1.633333e-01 1.251894e-279
1.749999e-01 3.439684e-268
1.866666e-01 9.450821e-257
1.983333e-01 2.596692e-245
2.099999e-01 7.134630e-234
2.216666e-01 1.960299e-222
2.333332e-01 5.386087e-211
2.449999e-01 1.479872e-199
2.566666e-01 4.066074e-188
2.683332e-01 1.117188e-176
2.799999e-01 3.069567e-165
2.916666e-01 8.433893e-154
3.033332e-01 2.317283e-142
3.149999e-01 6.366929e-131
3.266665e-01 1.749367e-119
3.383332e-01 4.806533e-108
3.499999e-01 1.320635e-96
3.616665e-01 3.628556e-85
3.733332e-01 9.969761e-74
3.849999e-01 2.739275e-62
3.966665e-01 7.526389e-51
4.083332e-01 2.067938e-39
4.199998e-01 5.681834e-28
4.316665e-01 2.081509e-16
4.433332e-01 1.472778e-15
4.549998e-01 9.157973e-15
4.666665e-01 5.506135e-14
4.783332e-01 2.983082e-13
4.899998e-01 1.501147e-12
5.016665e-01 7.043139e-12
5.133331e-01 3.088408e-11
5.249998e-01 1.269095e-10
5.366665e-01 4.899056e-10
5.483331e-01 1.780842e-09
5.599998e-01 6.109770e-09
5.716664e-01 1.982724e-08
5.833331e-01 6.098873e-08
5.949998e-01 1.781815e-07
6.066664e-01 4.953840e-07
6.183331e-01 1.313092e-06
6.299998e-01 3.324282e-06
6.416664e-01 8.051852e-06
6.533331e-01 1.868986e-05
6.649997e-01 4.164071e-05
6.766664e-01 8.918588e-05
6.883331e-01 1.838988e-04
6.999997e-01 3.655800e-04
7.116664e-01 7.016165e-04
7.233331e-01 1.301676e-03
7.349997e-01 2.337457e-03
7.466664e-01 4.067754e-03
7.583330e-01 6.868311e-03
7.699997e-01 1.126487e-02
7.816664e-01 1.796652e-02
7.933330e-01 2.789503e-02
8.049997e-01 4.220502e-02
8.166664e-01 6.228888e-02
8.283330e-01 8.976076e-02
8.399997e-01 1.264152e-01
8.516663e-01 1.741578e-01
8.633330e-01 2.349087e-01
8.749997e-01 3.104822e-01
8.866663e-01 4.024506e-01
8.983330e-01 5.120019e-01
9.099997e-01 6.398027e-01
9.216663e-01 7.858801e-01
9.333330e-01 9.495333e-01
9.449996e-01 1.129283e+00
9.566663e-01 1.322869e+00
9.683330e-01 1.527288e+00
9.799996e-01 1.738885e+00
9.916663e-01 1.953480e+00
1.003333e+00 2.166522e+00
1.015000e+00 2.373272e+00
1.026666e+00 2.568991e+00
1.038333e+00 2.749125e+00
1.050000e+00 2.909486e+00
1.061666e+00 3.046406e+00
1.073333e+00 3.156866e+00
1.085000e+00 3.238595e+00
1.096666e+00 3.290135e+00
1.108333e+00 3.310865e+00
1.120000e+00 3.300994e+00
1.131666e+00 3.261520e+00
1.143333e+00 3.194160e+00
1.155000e+00 3.101257e+00
1.166666e+00 2.985664e+00
1.178333e+00 2.850621e+00
1.190000e+00 2.699621e+00
1.201666e+00 2.536283e+00
1.213333e+00 2.364223e+00
1.225000e+00 2.186944e+00
1.236666e+00 2.007735e+00
1.248333e+00 1.829597e+00
1.260000e+00 1.655178e+00
1.271666e+00 1.486734e+00
1.283333e+00 1.326114e+00
1.295000e+00 1.174753e+00
1.306666e+00 1.033689e+00
1.318333e+00 9.035874e-01
1.329999e+00 7.847782e-01
1.341666e+00 6.772978e-01
1.353333e+00 5.809356e-01
1.364999e+00 4.952808e-01
1.376666e+00 4.197683e-01
1.388333e+00 3.537218e-01
1.399999e+00 2.963923e-01
1.411666e+00 2.469926e-01
1.423333e+00 2.047253e-01
1.434999e+00 1.688059e-01
1.446666e+00 1.384808e-01
1.458333e+00 1.130406e-01
1.469999e+00 9.182882e-02
1.481666e+00 7.424698e-02
1.493333e+00 5.975702e-02
1.504999e+00 4.788107e-02
1.516666e+00 3.819943e-02
1.528333e+00 3.034736e-02
1.539999e+00 2.401088e-02
1.551666e+00 1.892209e-02
1.563333e+00 1.485437e-02
1.574999e+00 1.161751e-02
1.586666e+00 9.053026e-03
1.598333e+00 7.029815e-03
1.609999e+00 5.440139e-03
1.621666e+00 4.196021e-03
1.633333e+00 3.226054e-03
1.644999e+00 2.472612e-03
1.656666e+00 1.889440e-03
1.668333e+00 1.439611e-03
1.679999e+00 1.093789e-03
1.691666e+00 8.287779e-04
1.703333e+00 6.263226e-04
1.714999e+00 4.721195e-04
1.726666e+00 3.550073e-04
1.738333e+00 2.663119e-04
1.749999e+00 1.993186e-04
1.761666e+00 1.488483e-04
1.773333e+00 1.109207e-04
1.784999e+00 8.248750e-05
1.796666e+00 6.122128e-05
1.808333e+00 4.535105e-05
1.819999e+00 3.353312e-05
1.831666e+00 2.475098e-05
1.843333e+00 1.823780e-05
1.854999e+00 1.341661e-05
1.866666e+00 9.854426e-06
1.878333e+00 7.227127e-06
1.889999e+00 5.292642e-06
1.901666e+00 3.870597e-06
1.913333e+00 2.826879e-06
1.924999e+00 2.061983e-06
1.936666e+00 1.502229e-06
1.948333e+00 1.093159e-06
1.959999e+00 7.946028e-07
1.971666e+00 5.769772e-07
1.983333e+00 4.185339e-07
1.994999e+00 3.033104e-07
2.006666e+00 2.196088e-07
2.018333e+00 1.588684e-07
2.029999e+00 1.148341e-07
2.041666e+00 8.294093e-08
2.053333e+00 5.986183e-08
2.064999e+00 4.317503e-08
2.076666e+00 3.111963e-08
2.088333e+00 2.241673e-08
2.099999e+00 1.613851e-08
2.111666e+00 1.161246e-08
2.123333e+00 8.351620e-09
2.134999e+00 6.003689e-09
2.146666e+00 4.314016e-09
2.158333e+00 3.098678e-09
2.169999e+00 2.224931e-09
2.181666e+00 1.597040e-09
2.193332e+00 1.146008e-09
2.204999e+00 8.221407e-10
2.216666e+00 5.896625e-10
2.228332e+00 4.228364e-10
2.239999e+00 3.031555e-10
2.251666e+00 2.173171e-10
2.263332e+00 1.557651e-10
2.274999e+00 1.116361e-10
2.286666e+00 8.000349e-11
2.298332e+00 5.733156e-11
2.309999e+00 4.108364e-11
2.321666e+00 2.944052e-11
2.333332e+00 2.109756e-11
2.344999e+00 1.511953e-11
2.356666e+00 1.083621e-11
2.368332e+00 7.766962e-12
2.379999e+00 5.567682e-12
2.391666e+00 3.991616e-12
2.403332e+00 2.862225e-12
2.414999e+00 2.052662e-12
2.426666e+00 1.472302e-12
2.438332e+00 1.056327e-12
2.449999e+00 7.579770e-13
2.461666e+00 5.439882e-13
2.473332e+00 3.906483e-13
2.484999e+00 2.805199e-13
2.496666e+00 2.015408e-13
2.508332e+00 1.448140e-13
2.519999e+00 1.040771e-13
2.531666e+00 7.486818e-14
2.543332e+00 5.382783e-14
2.554999e+00 3.871277e-14
2.566666e+00 2.790583e-14
2.578332e+00 2.008115e-14
2.589999e+00 1.447935e-14
2.601666e+00 1.039605e-14
2.613332e+00 7.539788e-15
2.624999e+00 5.391881e-15
2.636666e+00 3.904933e-15
2.648332e+00 2.820866e-15
2.659999e+00 2.031512e-15
2.671666e+00 1.449189e-15
2.683332e+00 1.059006e-15
2.694999e+00 7.655929e-16
2.706666e+00 5.432647e-16
2.718332e+00 4.144974e-16
2.729999e+00 2.907110e-16
2.741666e+00 2.284714e-16
2.753332e+00 1.684941e-16
2.764999e+00 1.104120e-16
2.776666e+00 8.162586e-17
2.788332e+00 5.333237e-17
2.799999e+00 5.241949e-17
2.811666e+00 5.152220e-17
2.823332e+00 5.089556e-22
2.834999e+00 1.852375e-33
2.846666e+00 6.741833e-45
2.858332e+00 2.453731e-56
2.869999e+00 8.930506e-68
2.881666e+00 3.250313e-79
2.893332e+00 1.182971e-90
2.904999e+00 4.305496e-102
2.916666e+00 1.567012e-113
2.928332e+00 5.703236e-125
2.939999e+00 2.075728e-136
2.951666e+00 7.554738e-148
2.963332e+00 2.749593e-159
2.974999e+00 1.000731e-170
2.986666e+00 3.642223e-182
2.998332e+00 1.325610e-193
3.009999e+00 4.824637e-205
3.021666e+00 1.755956e-216
3.033332e+00 6.390911e-228
3.044999e+00 2.326011e-239
3.056665e+00 8.465661e-251
3.068332e+00 3.081129e-262
3.079999e+00 1.121396e-273
3.091665e+00 4.081389e-285
3.103332e+00 1.485447e-296
3.114999e+00 5.406374e-308
3.126665e+00 1.967666e-319
3.138332e+00 0.000000e+00
3.149999e+00 0.000000e+00
3.161665e+00 0.000000e+00
3.173332e+00 0.000000e+00
3.184999e+00 0.000000e+00
3.196665e+00 0.000000e+00
3.208332e+00 0.000000e+00
3.219999e+00 0.000000e+00
3.231665e+00 0.000000e+00
3.243332e+00 0.000000e+00
3.254999e+00 0.000000e+00
3.266665e+00 0.000000e+00
3.278332e+00 0.000000e+00
3.289999e+00 0.000000e+00
3.301665e+00 0.000000e+00
3.313332e+00 0.000000e+00
3.324999e+00 0.000000e+00
3.336665e+00 0.000000e+00
3.348332e+00 0.000000e+00
3.359999e+00 0.000000e+00
3.371665e+00 0.000000e+00
3.383332e+00 0.000000e+00
3.394999e+00 0.000000e+00
3.406665e+00 0.000000e+00
3.418332e+00 0.000000e+00
3.429999e+00 0.000000e+00
3.441665e+00 0.000000e+00
3.453332e+00 0.000000e+00
3.464999e+00 0.000000e+00
3.476665e+00 0.000000e+00
3.488332e+00 0.000000e+00
3.499999e+00 0.000000e+00
