1.000000e-02 0.000000e+00
1.496667e-02 0.000000e+00
1.993333e-02 0.000000e+00
2.490000e-02 0.000000e+00
2.986667e-02 0.000000e+00
3.483333e-02 0.000000e+00
3.980000e-02 0.000000e+00
4.476667e-02 0.000000e+00
4.973333e-02 0.000000e+00
5.470000e-02 0.000000e+00
5.966667e-02 0.000000e+00
6.463333e-02 0.000000e+00
6.960000e-02 0.000000e+00
7.456667e-02 0.000000e+00
7.953333e-02 0.000000e+00
8.450000e-02 0.000000e+00
8.946667e-02 0.000000e+00
9.443333e-02 0.000000e+00
9.940000e-02 0.000000e+00
1.043667e-01 0.000000e+00
1.093333e-01 0.000000e+00
1.143000e-01 -1.768755e-321
1.192667e-01 -4.865173e-310
1.242333e-01 -1.336747e-298
1.292000e-01 -3.672824e-287
1.341667e-01 -1.009139e-275
1.391333e-01 -2.772695e-264
1.441000e-01 -7.618211e-253
1.490667e-01 -2.093167e-241
1.540333e-01 -5.751153e-230
1.590000e-01 -1.580177e-218
1.639667e-01 -4.341670e-207
1.689333e-01 -1.192910e-195
1.739000e-01 -3.277621e-184
1.788667e-01 -9.005538e-173
1.838333e-01 -2.474347e-161
1.888000e-01 -6.798476e-150
1.937667e-01 -1.867938e-138
1.987333e-01 -5.132317e-127
2.037000e-01 -1.410147e-115
2.086667e-01 -3.874497e-104
2.136333e-01 -1.064551e-92
2.186000e-01 -2.924942e-81
2.235667e-01 -8.036523e-70
2.285333e-01 -2.208102e-58
2.335000e-01 -6.066946e-47
2.384667e-01 -1.666944e-35
2.434333e-01 -4.580069e-24
2.484000e-01 7.082227e-16
2.533667e-01 2.023793e-14
2.583333e-01 5.628597e-13
2.633000e-01 1.220338e-11
2.682667e-01 2.230123e-10
2.732333e-01 3.352899e-09
2.782000e-01 4.083041e-08
2.831667e-01 4.335149e-07
2.881333e-01 3.678313e-06
2.931000e-01 2.737476e-05
2.980667e-01 1.648389e-04
3.030333e-01 8.382488e-04
3.080000e-01 3.814950e-03
3.129667e-01 1.422859e-02
3.179333e-01 4.741470e-02
3.229000e-01 1.318111e-01
3.278667e-01 3.302940e-01
3.328333e-01 7.007569e-01
3.378000e-01 1.313709e+00
3.427667e-01 2.259471e+00
3.477333e-01 3.384309e+00
3.527000e-01 4.744870e+00
3.576667e-01 5.937936e+00
3.626333e-01 7.126894e+00
3.676000e-01 7.874378e+00
3.725667e-01 8.354954e+00
3.775333e-01 8.859708e+00
3.825000e-01 9.002616e+00
3.874667e-01 9.289778e+00
3.924333e-01 9.316150e+00
3.974000e-01 9.540295e+00
4.023667e-01 9.541361e+00
4.073333e-01 9.540673e+00
4.123000e-01 9.736359e+00
4.172667e-01 9.715443e+00
4.222333e-01 9.851048e+00
4.272000e-01 9.721797e+00
4.321667e-01 9.629546e+00
4.371333e-01 9.162783e+00
4.421000e-01 8.424632e+00
4.470667e-01 7.528608e+00
4.520333e-01 6.253909e+00
4.570000e-01 4.940747e+00
4.619667e-01 3.570818e+00
4.669333e-01 2.421880e+00
4.719000e-01 1.484868e+00
4.768667e-01 8.361093e-01
4.818333e-01 4.366954e-01
4.868000e-01 2.058216e-01
4.917667e-01 8.975492e-02
4.967333e-01 3.534674e-02
5.017000e-01 1.280023e-02
5.066667e-01 4.242891e-03
5.116333e-01 1.280984e-03
5.166000e-01 3.582531e-04
5.215667e-01 9.104975e-05
5.265333e-01 2.146702e-05
5.315000e-01 4.615509e-06
5.364667e-01 9.138678e-07
5.414333e-01 1.686427e-07
5.464000e-01 2.849995e-08
5.513667e-01 4.490815e-09
5.563333e-01 6.508957e-10
5.613000e-01 8.813866e-11
5.662667e-01 1.101733e-11
5.712333e-01 1.281840e-12
5.762000e-01 1.393968e-13
5.811667e-01 1.412041e-14
5.861333e-01 1.278090e-15
5.911000e-01 4.748375e-24
5.960667e-01 1.728200e-35
6.010333e-01 6.289891e-47
6.060000e-01 2.289245e-58
6.109667e-01 8.331846e-70
6.159333e-01 3.032427e-81
6.209000e-01 1.103670e-92
6.258667e-01 4.016876e-104
6.308333e-01 1.461967e-115
6.358000e-01 5.320917e-127
6.407667e-01 1.936580e-138
6.457333e-01 7.048303e-150
6.507000e-01 2.565273e-161
6.556667e-01 9.336470e-173
6.606333e-01 3.398065e-184
6.656000e-01 1.236747e-195
6.705667e-01 4.501216e-207
6.755333e-01 1.638245e-218
6.805000e-01 5.962494e-230
6.854667e-01 2.170086e-241
6.904333e-01 7.898162e-253
6.954000e-01 2.874585e-264
7.003667e-01 1.046223e-275
7.053333e-01 3.807792e-287
7.103000e-01 1.385869e-298
7.152667e-01 5.043956e-310
7.202333e-01 1.837924e-321
7.252000e-01 0.000000e+00
7.301667e-01 0.000000e+00
7.351333e-01 0.000000e+00
7.401000e-01 0.000000e+00
7.450667e-01 0.000000e+00
7.500333e-01 0.000000e+00
7.550000e-01 0.000000e+00
7.599667e-01 0.000000e+00
7.649333e-01 0.000000e+00
7.699000e-01 0.000000e+00
7.748667e-01 0.000000e+00
7.798333e-01 0.000000e+00
7.848000e-01 0.000000e+00
7.897667e-01 0.000000e+00
7.947333e-01 0.000000e+00
7.997000e-01 0.000000e+00
8.046667e-01 0.000000e+00
8.096333e-01 0.000000e+00
8.146000e-01 0.000000e+00
8.195667e-01 0.000000e+00
8.245333e-01 0.000000e+00
8.295000e-01 0.000000e+00
8.344667e-01 0.000000e+00
8.394333e-01 0.000000e+00
8.444000e-01 0.000000e+00
8.493667e-01 0.000000e+00
8.543333e-01 0.000000e+00
8.593000e-01 0.000000e+00
8.642667e-01 0.000000e+00
8.692333e-01 0.000000e+00
8.742000e-01 0.000000e+00
8.791667e-01 0.000000e+00
8.841333e-01 0.000000e+00
8.891000e-01 0.000000e+00
8.940667e-01 0.000000e+00
8.990333e-01 0.000000e+00
9.040000e-01 0.000000e+00
9.089667e-01 0.000000e+00
9.139333e-01 0.000000e+00
9.189000e-01 0.000000e+00
9.238667e-01 0.000000e+00
9.288333e-01 0.000000e+00
9.338000e-01 0.000000e+00
9.387667e-01 0.000000e+00
9.437333e-01 0.000000e+00
9.487000e-01 0.000000e+00
9.536667e-01 0.000000e+00
9.586333e-01 0.000000e+00
9.636000e-01 0.000000e+00
9.685667e-01 0.000000e+00
9.735333e-01 0.000000e+00
9.785000e-01 0.000000e+00
9.834667e-01 0.000000e+00
9.884333e-01 0.000000e+00
9.934000e-01 0.000000e+00
9.983667e-01 0.000000e+00
1.003333e+00 0.000000e+00
1.008300e+00 0.000000e+00
1.013267e+00 0.000000e+00
1.018233e+00 0.000000e+00
1.023200e+00 0.000000e+00
1.028167e+00 0.000000e+00
1.033133e+00 0.000000e+00
1.038100e+00 0.000000e+00
1.043067e+00 0.000000e+00
1.048033e+00 0.000000e+00
1.053000e+00 0.000000e+00
1.057967e+00 0.000000e+00
1.062933e+00 0.000000e+00
1.067900e+00 0.000000e+00
1.072867e+00 0.000000e+00
1.077833e+00 0.000000e+00
1.082800e+00 0.000000e+00
1.087767e+00 0.000000e+00
1.092733e+00 0.000000e+00
1.097700e+00 0.000000e+00
1.102667e+00 0.000000e+00
1.107633e+00 0.000000e+00
1.112600e+00 0.000000e+00
1.117567e+00 0.000000e+00
1.122533e+00 0.000000e+00
1.127500e+00 0.000000e+00
1.132467e+00 0.000000e+00
1.137433e+00 0.000000e+00
1.142400e+00 0.000000e+00
1.147367e+00 0.000000e+00
1.152333e+00 0.000000e+00
1.157300e+00 0.000000e+00
1.162267e+00 0.000000e+00
1.167233e+00 0.000000e+00
1.172200e+00 0.000000e+00
1.177167e+00 0.000000e+00
1.182133e+00 0.000000e+00
1.187100e+00 0.000000e+00
1.192067e+00 0.000000e+00
1.197033e+00 0.000000e+00
1.202000e+00 0.000000e+00
1.206967e+00 0.000000e+00
1.211933e+00 0.000000e+00
1.216900e+00 0.000000e+00
1.221867e+00 0.000000e+00
1.226833e+00 0.000000e+00
1.231800e+00 0.000000e+00
1.236767e+00 0.000000e+00
1.241733e+00 0.000000e+00
1.246700e+00 0.000000e+00
1.251667e+00 0.000000e+00
1.256633e+00 0.000000e+00
1.261600e+00 0.000000e+00
1.266567e+00 0.000000e+00
1.271533e+00 0.000000e+00
1.276500e+00 0.000000e+00
1.281467e+00 0.000000e+00
1.286433e+00 0.000000e+00
1.291400e+00 0.000000e+00
1.296367e+00 0.000000e+00
1.301333e+00 0.000000e+00
1.306300e+00 0.000000e+00
1.311267e+00 0.000000e+00
1.316233e+00 0.000000e+00
1.321200e+00 0.000000e+00
1.326167e+00 0.000000e+00
1.331133e+00 0.000000e+00
1.336100e+00 0.000000e+00
1.341067e+00 0.000000e+00
1.346033e+00 0.000000e+00
1.351000e+00 0.000000e+00
1.355967e+00 0.000000e+00
1.360933e+00 0.000000e+00
1.365900e+00 0.000000e+00
1.370867e+00 0.000000e+00
1.375833e+00 0.000000e+00
1.380800e+00 0.000000e+00
1.385767e+00 0.000000e+00
1.390733e+00 0.000000e+00
1.395700e+00 0.000000e+00
1.400667e+00 0.000000e+00
1.405633e+00 0.000000e+00
1.410600e+00 0.000000e+00
1.415567e+00 0.000000e+00
1.420533e+00 0.000000e+00
1.425500e+00 0.000000e+00
1.430467e+00 0.000000e+00
1.435433e+00 0.000000e+00
1.440400e+00 0.000000e+00
1.445367e+00 0.000000e+00
1.450333e+00 0.000000e+00
1.455300e+00 0.000000e+00
1.460267e+00 0.000000e+00
1.465233e+00 0.000000e+00
1.470200e+00 0.000000e+00
1.475167e+00 0.000000e+00
1.480133e+00 0.000000e+00
1.485100e+00 0.000000e+00
1.490067e+00 0.000000e+00
1.495033e+00 0.000000e+00
1.500000e+00 0.000000e+00
