0.000000e+00 0.000000e+00
1.166666e-02 0.000000e+00
2.333332e-02 0.000000e+00
3.499999e-02 0.000000e+00
4.666665e-02 0.000000e+00
5.833331e-02 0.000000e+00
6.999997e-02 0.000000e+00
8.166664e-02 0.000000e+00
9.333330e-02 0.000000e+00
1.050000e-01 0.000000e+00
1.166666e-01 0.000000e+00
1.283333e-01 0.000000e+00
1.399999e-01 0.000000e+00
1.516666e-01 0.000000e+00
1.633333e-01 0.000000e+00
1.749999e-01 0.000000e+00
1.866666e-01 0.000000e+00
1.983333e-01 0.000000e+00
2.099999e-01 0.000000e+00
2.216666e-01 0.000000e+00
2.333332e-01 0.000000e+00
2.449999e-01 0.000000e+00
2.566666e-01 0.000000e+00
2.683332e-01 0.000000e+00
2.799999e-01 0.000000e+00
2.916666e-01 0.000000e+00
3.033332e-01 0.000000e+00
3.149999e-01 0.000000e+00
3.266665e-01 0.000000e+00
3.383332e-01 0.000000e+00
3.499999e-01 0.000000e+00
3.616665e-01 0.000000e+00
3.733332e-01 0.000000e+00
3.849999e-01 0.000000e+00
3.966665e-01 0.000000e+00
4.083332e-01 0.000000e+00
4.199998e-01 0.000000e+00
4.316665e-01 0.000000e+00
4.433332e-01 0.000000e+00
4.549998e-01 0.000000e+00
4.666665e-01 -2.110878e-313
4.783332e-01 -5.799815e-302
4.899998e-01 -1.593548e-290
5.016665e-01 -4.378406e-279
5.133331e-01 -1.203004e-267
5.249998e-01 -3.305354e-256
5.366665e-01 -9.081737e-245
5.483331e-01 -2.495283e-233
5.599998e-01 -6.856000e-222
5.716664e-01 -1.883744e-210
5.833331e-01 -5.175743e-199
5.949998e-01 -1.422079e-187
6.066664e-01 -3.907281e-176
6.183331e-01 -1.073558e-164
6.299998e-01 -2.949691e-153
6.416664e-01 -8.104523e-142
6.533331e-01 -2.226786e-130
6.649997e-01 -6.118280e-119
6.766664e-01 -1.681049e-107
6.883331e-01 -4.618823e-96
6.999997e-01 -1.269060e-84
7.116664e-01 -3.486849e-73
7.233331e-01 -9.580411e-62
7.349997e-01 -2.632298e-50
7.466664e-01 -7.232460e-39
7.583330e-01 -1.987179e-27
7.699997e-01 4.267455e-16
7.816664e-01 9.607659e-16
7.933330e-01 4.390856e-15
8.049997e-01 1.887980e-14
8.166664e-01 7.550573e-14
8.283330e-01 2.899299e-13
8.399997e-01 1.060528e-12
8.516663e-01 3.704239e-12
8.633330e-01 1.237562e-11
8.749997e-01 3.960291e-11
8.866663e-01 1.215478e-10
8.983330e-01 3.582543e-10
9.099997e-01 1.015315e-09
9.216663e-01 2.770128e-09
9.333330e-01 7.284436e-09
9.449996e-01 1.848328e-08
9.566663e-01 4.530260e-08
9.683330e-01 1.073711e-07
9.799996e-01 2.463288e-07
9.916663e-01 5.475666e-07
1.003333e+00 1.180507e-06
1.015000e+00 2.470658e-06
1.026666e+00 5.024122e-06
1.038333e+00 9.935486e-06
1.050000e+00 1.912345e-05
1.061666e+00 3.585475e-05
1.073333e+00 6.553533e-05
1.085000e+00 1.168657e-04
1.096666e+00 2.034724e-04
1.108333e+00 3.461353e-04
1.120000e+00 5.757239e-04
1.131666e+00 9.369304e-04
1.143333e+00 1.492842e-03
1.155000e+00 2.330312e-03
1.166666e+00 3.565998e-03
1.178333e+00 5.352787e-03
1.190000e+00 7.886221e-03
1.201666e+00 1.141036e-02
1.213333e+00 1.622244e-02
1.225000e+00 2.267556e-02
1.236666e+00 3.117866e-02
1.248333e+00 4.219309e-02
1.260000e+00 5.622525e-02
1.271666e+00 7.381488e-02
1.283333e+00 9.551911e-02
1.295000e+00 1.218926e-01
1.306666e+00 1.534641e-01
1.318333e+00 1.907118e-01
1.329999e+00 2.340361e-01
1.341666e+00 2.837351e-01
1.353333e+00 3.399811e-01
1.364999e+00 4.028016e-01
1.376666e+00 4.720651e-01
1.388333e+00 5.474743e-01
1.399999e+00 6.285652e-01
1.411666e+00 7.147143e-01
1.423333e+00 8.051529e-01
1.434999e+00 8.989869e-01
1.446666e+00 9.952222e-01
1.458333e+00 1.092795e+00
1.469999e+00 1.190601e+00
1.481666e+00 1.287530e+00
1.493333e+00 1.382497e+00
1.504999e+00 1.474465e+00
1.516666e+00 1.562478e+00
1.528333e+00 1.645672e+00
1.539999e+00 1.723298e+00
1.551666e+00 1.794724e+00
1.563333e+00 1.859444e+00
1.574999e+00 1.917075e+00
1.586666e+00 1.967349e+00
1.598333e+00 2.010110e+00
1.609999e+00 2.045296e+00
1.621666e+00 2.072931e+00
1.633333e+00 2.093108e+00
1.644999e+00 2.105977e+00
1.656666e+00 2.111731e+00
1.668333e+00 2.110597e+00
1.679999e+00 2.102824e+00
1.691666e+00 2.088676e+00
1.703333e+00 2.068429e+00
1.714999e+00 2.042364e+00
1.726666e+00 2.010773e+00
1.738333e+00 1.973951e+00
1.749999e+00 1.932201e+00
1.761666e+00 1.885839e+00
1.773333e+00 1.835194e+00
1.784999e+00 1.780609e+00
1.796666e+00 1.722447e+00
1.808333e+00 1.661087e+00
1.819999e+00 1.596928e+00
1.831666e+00 1.530389e+00
1.843333e+00 1.461901e+00
1.854999e+00 1.391908e+00
1.866666e+00 1.320864e+00
1.878333e+00 1.249222e+00
1.889999e+00 1.177435e+00
1.901666e+00 1.105943e+00
1.913333e+00 1.035173e+00
1.924999e+00 9.655298e-01
1.936666e+00 8.973897e-01
1.948333e+00 8.310974e-01
1.959999e+00 7.669615e-01
1.971666e+00 7.052510e-01
1.983333e+00 6.461927e-01
1.994999e+00 5.899714e-01
2.006666e+00 5.367284e-01
2.018333e+00 4.865628e-01
2.029999e+00 4.395338e-01
2.041666e+00 3.956619e-01
2.053333e+00 3.549328e-01
2.064999e+00 3.173006e-01
2.076666e+00 2.826911e-01
2.088333e+00 2.510067e-01
2.099999e+00 2.221297e-01
2.111666e+00 1.959266e-01
2.123333e+00 1.722519e-01
2.134999e+00 1.509512e-01
2.146666e+00 1.318655e-01
2.158333e+00 1.148333e-01
2.169999e+00 9.969349e-02
2.181666e+00 8.628775e-02
2.193332e+00 7.446223e-02
2.204999e+00 6.406921e-02
2.216666e+00 5.496808e-02
2.228332e+00 4.702638e-02
2.239999e+00 4.012036e-02
2.251666e+00 3.413518e-02
2.263332e+00 2.896514e-02
2.274999e+00 2.451363e-02
2.286666e+00 2.069283e-02
2.298332e+00 1.742348e-02
2.309999e+00 1.463438e-02
2.321666e+00 1.226196e-02
2.333332e+00 1.024976e-02
2.344999e+00 8.547849e-03
2.356666e+00 7.112312e-03
2.368332e+00 5.904684e-03
2.379999e+00 4.891425e-03
2.391666e+00 4.043409e-03
2.403332e+00 3.335447e-03
2.414999e+00 2.745836e-03
2.426666e+00 2.255950e-03
2.438332e+00 1.849858e-03
2.449999e+00 1.513982e-03
2.461666e+00 1.236790e-03
2.473332e+00 1.008516e-03
2.484999e+00 8.209178e-04
2.496666e+00 6.670608e-04
2.508332e+00 5.411256e-04
2.519999e+00 4.382434e-04
2.531666e+00 3.543521e-04
2.543332e+00 2.860712e-04
2.554999e+00 2.305950e-04
2.566666e+00 1.856004e-04
2.578332e+00 1.491688e-04
2.589999e+00 1.197189e-04
2.601666e+00 9.595103e-05
2.613332e+00 7.679873e-05
2.624999e+00 6.138913e-05
2.636666e+00 4.900913e-05
2.648332e+00 3.907738e-05
2.659999e+00 3.112085e-05
2.671666e+00 2.475537e-05
2.683332e+00 1.966950e-05
2.694999e+00 1.561123e-05
2.706666e+00 1.237697e-05
2.718332e+00 9.802532e-06
2.729999e+00 7.755719e-06
2.741666e+00 6.130256e-06
2.753332e+00 4.840838e-06
2.764999e+00 3.819093e-06
2.776666e+00 3.010300e-06
2.788332e+00 2.370725e-06
2.799999e+00 1.865461e-06
2.811666e+00 1.466683e-06
2.823332e+00 1.152239e-06
2.834999e+00 9.045165e-07
2.846666e+00 7.095265e-07
2.858332e+00 5.561727e-07
2.869999e+00 4.356625e-07
2.881666e+00 3.410361e-07
2.893332e+00 2.667904e-07
2.904999e+00 2.085785e-07
2.916666e+00 1.629702e-07
2.928332e+00 1.272611e-07
2.939999e+00 9.932104e-08
2.951666e+00 7.747365e-08
2.963332e+00 6.040083e-08
2.974999e+00 4.706703e-08
2.986666e+00 3.665930e-08
2.998332e+00 2.853998e-08
3.009999e+00 2.220922e-08
3.021666e+00 1.727553e-08
3.033332e+00 1.343247e-08
3.044999e+00 1.044034e-08
3.056665e+00 8.111760e-09
3.068332e+00 6.300353e-09
3.079999e+00 4.891830e-09
3.091665e+00 3.797010e-09
3.103332e+00 2.946342e-09
3.114999e+00 2.285612e-09
3.126665e+00 1.772583e-09
3.138332e+00 1.374364e-09
3.149999e+00 1.065357e-09
3.161665e+00 8.256435e-10
3.173332e+00 6.397358e-10
3.184999e+00 4.955932e-10
3.196665e+00 3.838600e-10
3.208332e+00 2.972686e-10
3.219999e+00 2.301758e-10
3.231665e+00 1.782010e-10
3.243332e+00 1.379451e-10
3.254999e+00 1.067711e-10
3.266665e+00 8.263373e-11
3.278332e+00 6.394739e-11
3.289999e+00 4.948289e-11
3.301665e+00 3.828765e-11
3.313332e+00 2.962370e-11
3.324999e+00 2.291932e-11
3.336665e+00 1.773168e-11
3.348332e+00 1.371795e-11
3.359999e+00 1.061265e-11
3.371665e+00 8.210282e-12
3.383332e+00 6.351795e-12
3.394999e+00 4.914090e-12
3.406665e+00 3.801916e-12
3.418332e+00 2.941564e-12
3.429999e+00 2.276014e-12
3.441665e+00 1.761145e-12
3.453332e+00 1.362842e-12
3.464999e+00 1.054700e-12
3.476665e+00 8.162968e-13
3.488332e+00 6.318420e-13
3.499999e+00 0.000000e+00
