1.000000e-02 0.000000e+00
1.496667e-02 0.000000e+00
1.993333e-02 0.000000e+00
2.490000e-02 0.000000e+00
2.986667e-02 0.000000e+00
3.483333e-02 0.000000e+00
3.980000e-02 0.000000e+00
4.476667e-02 0.000000e+00
4.973333e-02 0.000000e+00
5.470000e-02 0.000000e+00
5.966667e-02 0.000000e+00
6.463333e-02 0.000000e+00
6.960000e-02 0.000000e+00
7.456667e-02 0.000000e+00
7.953333e-02 0.000000e+00
8.450000e-02 0.000000e+00
8.946667e-02 0.000000e+00
9.443333e-02 0.000000e+00
9.940000e-02 0.000000e+00
1.043667e-01 0.000000e+00
1.093333e-01 0.000000e+00
1.143000e-01 0.000000e+00
1.192667e-01 0.000000e+00
1.242333e-01 0.000000e+00
1.292000e-01 0.000000e+00
1.341667e-01 0.000000e+00
1.391333e-01 0.000000e+00
1.441000e-01 0.000000e+00
1.490667e-01 0.000000e+00
1.540333e-01 0.000000e+00
1.590000e-01 0.000000e+00
1.639667e-01 0.000000e+00
1.689333e-01 0.000000e+00
1.739000e-01 0.000000e+00
1.788667e-01 0.000000e+00
1.838333e-01 0.000000e+00
1.888000e-01 0.000000e+00
1.937667e-01 0.000000e+00
1.987333e-01 0.000000e+00
2.037000e-01 0.000000e+00
2.086667e-01 0.000000e+00
2.136333e-01 0.000000e+00
2.186000e-01 0.000000e+00
2.235667e-01 0.000000e+00
2.285333e-01 0.000000e+00
2.335000e-01 0.000000e+00
2.384667e-01 0.000000e+00
2.434333e-01 0.000000e+00
2.484000e-01 0.000000e+00
2.533667e-01 0.000000e+00
2.583333e-01 0.000000e+00
2.633000e-01 0.000000e+00
2.682667e-01 0.000000e+00
2.732333e-01 0.000000e+00
2.782000e-01 0.000000e+00
2.831667e-01 0.000000e+00
2.881333e-01 0.000000e+00
2.931000e-01 0.000000e+00
2.980667e-01 0.000000e+00
3.030333e-01 0.000000e+00
3.080000e-01 0.000000e+00
3.129667e-01 0.000000e+00
3.179333e-01 0.000000e+00
3.229000e-01 0.000000e+00
3.278667e-01 0.000000e+00
3.328333e-01 0.000000e+00
3.378000e-01 0.000000e+00
3.427667e-01 0.000000e+00
3.477333e-01 0.000000e+00
3.527000e-01 0.000000e+00
3.576667e-01 0.000000e+00
3.626333e-01 0.000000e+00
3.676000e-01 0.000000e+00
3.725667e-01 0.000000e+00
3.775333e-01 0.000000e+00
3.825000e-01 0.000000e+00
3.874667e-01 0.000000e+00
3.924333e-01 0.000000e+00
3.974000e-01 0.000000e+00
4.023667e-01 0.000000e+00
4.073333e-01 0.000000e+00
4.123000e-01 0.000000e+00
4.172667e-01 0.000000e+00
4.222333e-01 0.000000e+00
4.272000e-01 0.000000e+00
4.321667e-01 0.000000e+00
4.371333e-01 0.000000e+00
4.421000e-01 0.000000e+00
4.470667e-01 0.000000e+00
4.520333e-01 0.000000e+00
4.570000e-01 0.000000e+00
4.619667e-01 0.000000e+00
4.669333e-01 0.000000e+00
4.719000e-01 0.000000e+00
4.768667e-01 0.000000e+00
4.818333e-01 0.000000e+00
4.868000e-01 0.000000e+00
4.917667e-01 0.000000e+00
4.967333e-01 0.000000e+00
5.017000e-01 0.000000e+00
5.066667e-01 0.000000e+00
5.116333e-01 0.000000e+00
5.166000e-01 0.000000e+00
5.215667e-01 0.000000e+00
5.265333e-01 0.000000e+00
5.315000e-01 0.000000e+00
5.364667e-01 0.000000e+00
5.414333e-01 0.000000e+00
5.464000e-01 0.000000e+00
5.513667e-01 0.000000e+00
5.563333e-01 0.000000e+00
5.613000e-01 0.000000e+00
5.662667e-01 0.000000e+00
5.712333e-01 0.000000e+00
5.762000e-01 0.000000e+00
5.811667e-01 0.000000e+00
5.861333e-01 0.000000e+00
5.911000e-01 0.000000e+00
5.960667e-01 0.000000e+00
6.010333e-01 0.000000e+00
6.060000e-01 0.000000e+00
6.109667e-01 0.000000e+00
6.159333e-01 0.000000e+00
6.209000e-01 0.000000e+00
6.258667e-01 0.000000e+00
6.308333e-01 0.000000e+00
6.358000e-01 0.000000e+00
6.407667e-01 0.000000e+00
6.457333e-01 0.000000e+00
6.507000e-01 0.000000e+00
6.556667e-01 0.000000e+00
6.606333e-01 0.000000e+00
6.656000e-01 0.000000e+00
6.705667e-01 0.000000e+00
6.755333e-01 0.000000e+00
6.805000e-01 0.000000e+00
6.854667e-01 0.000000e+00
6.904333e-01 0.000000e+00
6.954000e-01 0.000000e+00
7.003667e-01 1.253445e-320
7.053333e-01 3.443505e-309
7.103000e-01 9.461319e-298
7.152667e-01 2.599577e-286
7.202333e-01 7.142555e-275
7.252000e-01 1.962477e-263
7.301667e-01 5.392070e-252
7.351333e-01 1.481516e-240
7.401000e-01 4.070590e-229
7.450667e-01 1.118429e-217
7.500333e-01 3.072977e-206
7.550000e-01 8.443262e-195
7.599667e-01 2.319857e-183
7.649333e-01 6.374001e-172
7.699000e-01 1.751310e-160
7.748667e-01 4.811872e-149
7.798333e-01 1.322102e-137
7.848000e-01 3.632586e-126
7.897667e-01 9.980836e-115
7.947333e-01 2.742318e-103
7.997000e-01 7.534749e-92
8.046667e-01 2.070236e-80
8.096333e-01 5.688146e-69
8.146000e-01 1.562866e-57
8.195667e-01 4.294105e-46
8.245333e-01 1.179841e-34
8.295000e-01 3.241713e-23
8.344667e-01 5.673846e-16
8.394333e-01 9.159323e-15
8.444000e-01 9.183459e-14
8.493667e-01 8.417821e-13
8.543333e-01 6.983040e-12
8.593000e-01 5.317212e-11
8.642667e-01 3.674783e-10
8.692333e-01 2.338518e-09
8.742000e-01 1.363559e-08
8.791667e-01 7.244776e-08
8.841333e-01 3.561307e-07
8.891000e-01 1.599528e-06
8.940667e-01 6.667560e-06
8.990333e-01 2.545929e-05
9.040000e-01 9.051973e-05
9.089667e-01 2.978613e-04
9.139333e-01 9.015799e-04
9.189000e-01 2.552808e-03
9.238667e-01 6.666931e-03
9.288333e-01 1.634299e-02
9.338000e-01 3.706644e-02
9.387667e-01 7.915890e-02
9.437333e-01 1.582471e-01
9.487000e-01 2.941034e-01
9.536667e-01 5.179033e-01
9.586333e-01 8.511165e-01
9.636000e-01 1.331480e+00
9.685667e-01 1.950971e+00
9.735333e-01 2.741119e+00
9.785000e-01 3.660961e+00
9.834667e-01 4.624447e+00
9.884333e-01 5.648967e+00
9.934000e-01 6.575113e+00
9.983667e-01 7.464567e+00
1.003333e+00 8.184788e+00
1.008300e+00 8.751027e+00
1.013267e+00 9.210821e+00
1.018233e+00 9.444356e+00
1.023200e+00 9.661300e+00
1.028167e+00 9.693845e+00
1.033133e+00 9.758767e+00
1.038100e+00 9.778802e+00
1.043067e+00 9.623645e+00
1.048033e+00 9.518032e+00
1.053000e+00 9.235458e+00
1.057967e+00 8.955540e+00
1.062933e+00 8.465096e+00
1.067900e+00 7.940800e+00
1.072867e+00 7.282232e+00
1.077833e+00 6.438621e+00
1.082800e+00 5.586790e+00
1.087767e+00 4.639700e+00
1.092733e+00 3.761847e+00
1.097700e+00 2.904727e+00
1.102667e+00 2.181400e+00
1.107633e+00 1.573179e+00
1.112600e+00 1.075480e+00
1.117567e+00 7.129511e-01
1.122533e+00 4.473928e-01
1.127500e+00 2.720108e-01
1.132467e+00 1.564144e-01
1.137433e+00 8.714972e-02
1.142400e+00 4.647529e-02
1.147367e+00 2.344103e-02
1.152333e+00 1.145920e-02
1.157300e+00 5.299365e-03
1.162267e+00 2.377026e-03
1.167233e+00 1.009477e-03
1.172200e+00 4.158630e-04
1.177167e+00 1.643693e-04
1.182133e+00 6.154756e-05
1.187100e+00 2.240400e-05
1.192067e+00 7.731637e-06
1.197033e+00 2.596556e-06
1.202000e+00 8.261656e-07
1.206967e+00 2.568136e-07
1.211933e+00 7.669431e-08
1.216900e+00 2.175764e-08
1.221867e+00 6.022740e-09
1.226833e+00 1.584984e-09
1.231800e+00 4.074454e-10
1.236767e+00 1.003486e-10
1.241733e+00 2.383636e-11
1.246700e+00 5.503302e-12
1.251667e+00 1.210300e-12
1.256633e+00 2.607620e-13
1.261600e+00 5.385038e-14
1.266567e+00 1.075746e-14
1.271533e+00 2.156404e-15
1.276500e+00 -8.532126e-17
1.281467e+00 -3.105320e-28
1.286433e+00 -1.130200e-39
1.291400e+00 -4.113433e-51
1.296367e+00 -1.497109e-62
1.301333e+00 -5.448821e-74
1.306300e+00 -1.983132e-85
1.311267e+00 -7.217730e-97
1.316233e+00 -2.626937e-108
1.321200e+00 -9.560899e-120
1.326167e+00 -3.479748e-131
1.331133e+00 -1.266476e-142
1.336100e+00 -4.609415e-154
1.341067e+00 -1.677625e-165
1.346033e+00 -6.105819e-177
1.351000e+00 -2.222250e-188
1.355967e+00 -8.088017e-200
1.360933e+00 -2.943683e-211
1.365900e+00 -1.071372e-222
1.370867e+00 -3.899323e-234
1.375833e+00 -1.419183e-245
1.380800e+00 -5.165202e-257
1.385767e+00 -1.879907e-268
1.390733e+00 -6.842037e-280
1.395700e+00 -2.490201e-291
1.400667e+00 -9.063240e-303
1.405633e+00 -3.298622e-314
1.410600e+00 0.000000e+00
1.415567e+00 0.000000e+00
1.420533e+00 0.000000e+00
1.425500e+00 0.000000e+00
1.430467e+00 0.000000e+00
1.435433e+00 0.000000e+00
1.440400e+00 0.000000e+00
1.445367e+00 0.000000e+00
1.450333e+00 0.000000e+00
1.455300e+00 0.000000e+00
1.460267e+00 0.000000e+00
1.465233e+00 0.000000e+00
1.470200e+00 0.000000e+00
1.475167e+00 0.000000e+00
1.480133e+00 0.000000e+00
1.485100e+00 0.000000e+00
1.490067e+00 0.000000e+00
1.495033e+00 0.000000e+00
1.500000e+00 0.000000e+00
