1.000000e-02 0.000000e+00
1.496667e-02 0.000000e+00
1.993333e-02 0.000000e+00
2.490000e-02 0.000000e+00
2.986667e-02 0.000000e+00
3.483333e-02 0.000000e+00
3.980000e-02 0.000000e+00
4.476667e-02 0.000000e+00
4.973333e-02 0.000000e+00
5.470000e-02 0.000000e+00
5.966667e-02 0.000000e+00
6.463333e-02 0.000000e+00
6.960000e-02 0.000000e+00
7.456667e-02 0.000000e+00
7.953333e-02 0.000000e+00
8.450000e-02 0.000000e+00
8.946667e-02 0.000000e+00
9.443333e-02 0.000000e+00
9.940000e-02 0.000000e+00
1.043667e-01 0.000000e+00
1.093333e-01 0.000000e+00
1.143000e-01 0.000000e+00
1.192667e-01 0.000000e+00
1.242333e-01 0.000000e+00
1.292000e-01 0.000000e+00
1.341667e-01 0.000000e+00
1.391333e-01 0.000000e+00
1.441000e-01 0.000000e+00
1.490667e-01 0.000000e+00
1.540333e-01 0.000000e+00
1.590000e-01 0.000000e+00
1.639667e-01 0.000000e+00
1.689333e-01 0.000000e+00
1.739000e-01 0.000000e+00
1.788667e-01 0.000000e+00
1.838333e-01 0.000000e+00
1.888000e-01 0.000000e+00
1.937667e-01 0.000000e+00
1.987333e-01 0.000000e+00
2.037000e-01 0.000000e+00
2.086667e-01 0.000000e+00
2.136333e-01 0.000000e+00
2.186000e-01 0.000000e+00
2.235667e-01 0.000000e+00
2.285333e-01 0.000000e+00
2.335000e-01 0.000000e+00
2.384667e-01 0.000000e+00
2.434333e-01 0.000000e+00
2.484000e-01 0.000000e+00
2.533667e-01 0.000000e+00
2.583333e-01 0.000000e+00
2.633000e-01 0.000000e+00
2.682667e-01 0.000000e+00
2.732333e-01 0.000000e+00
2.782000e-01 0.000000e+00
2.831667e-01 0.000000e+00
2.881333e-01 0.000000e+00
2.931000e-01 0.000000e+00
2.980667e-01 0.000000e+00
3.030333e-01 0.000000e+00
3.080000e-01 0.000000e+00
3.129667e-01 0.000000e+00
3.179333e-01 0.000000e+00
3.229000e-01 0.000000e+00
3.278667e-01 0.000000e+00
3.328333e-01 0.000000e+00
3.378000e-01 0.000000e+00
3.427667e-01 0.000000e+00
3.477333e-01 0.000000e+00
3.527000e-01 0.000000e+00
3.576667e-01 0.000000e+00
3.626333e-01 0.000000e+00
3.676000e-01 0.000000e+00
3.725667e-01 0.000000e+00
3.775333e-01 0.000000e+00
3.825000e-01 0.000000e+00
3.874667e-01 0.000000e+00
3.924333e-01 0.000000e+00
3.974000e-01 0.000000e+00
4.023667e-01 0.000000e+00
4.073333e-01 0.000000e+00
4.123000e-01 0.000000e+00
4.172667e-01 0.000000e+00
4.222333e-01 0.000000e+00
4.272000e-01 0.000000e+00
4.321667e-01 0.000000e+00
4.371333e-01 0.000000e+00
4.421000e-01 0.000000e+00
4.470667e-01 0.000000e+00
4.520333e-01 0.000000e+00
4.570000e-01 0.000000e+00
4.619667e-01 0.000000e+00
4.669333e-01 0.000000e+00
4.719000e-01 0.000000e+00
4.768667e-01 0.000000e+00
4.818333e-01 0.000000e+00
4.868000e-01 0.000000e+00
4.917667e-01 0.000000e+00
4.967333e-01 0.000000e+00
5.017000e-01 0.000000e+00
5.066667e-01 0.000000e+00
5.116333e-01 0.000000e+00
5.166000e-01 0.000000e+00
5.215667e-01 0.000000e+00
5.265333e-01 0.000000e+00
5.315000e-01 0.000000e+00
5.364667e-01 0.000000e+00
5.414333e-01 0.000000e+00
5.464000e-01 0.000000e+00
5.513667e-01 0.000000e+00
5.563333e-01 0.000000e+00
5.613000e-01 0.000000e+00
5.662667e-01 0.000000e+00
5.712333e-01 0.000000e+00
5.762000e-01 0.000000e+00
5.811667e-01 0.000000e+00
5.861333e-01 0.000000e+00
5.911000e-01 0.000000e+00
5.960667e-01 0.000000e+00
6.010333e-01 0.000000e+00
6.060000e-01 0.000000e+00
6.109667e-01 0.000000e+00
6.159333e-01 -1.816416e-315
6.209000e-01 -4.990754e-304
6.258667e-01 -1.371251e-292
6.308333e-01 -3.767628e-281
6.358000e-01 -1.035187e-269
6.407667e-01 -2.844264e-258
6.457333e-01 -7.814855e-247
6.507000e-01 -2.147197e-235
6.556667e-01 -5.899603e-224
6.606333e-01 -1.620965e-212
6.656000e-01 -4.453738e-201
6.705667e-01 -1.223702e-189
6.755333e-01 -3.362224e-178
6.805000e-01 -9.237992e-167
6.854667e-01 -2.538216e-155
6.904333e-01 -6.973960e-144
6.954000e-01 -1.916154e-132
7.003667e-01 -5.264794e-121
7.053333e-01 -1.446546e-109
7.103000e-01 -3.974507e-98
7.152667e-01 -1.092029e-86
7.202333e-01 -3.000442e-75
7.252000e-01 -8.243965e-64
7.301667e-01 -2.265098e-52
7.351333e-01 -6.223548e-41
7.401000e-01 -1.709972e-29
7.450667e-01 -4.698291e-18
7.500333e-01 2.919029e-15
7.550000e-01 3.432322e-14
7.599667e-01 3.664242e-13
7.649333e-01 3.523550e-12
7.699000e-01 3.054530e-11
7.748667e-01 2.395981e-10
7.798333e-01 1.706180e-09
7.848000e-01 1.098545e-08
7.897667e-01 6.457453e-08
7.947333e-01 3.442299e-07
7.997000e-01 1.681546e-06
8.046667e-01 7.510918e-06
8.096333e-01 3.053374e-05
8.146000e-01 1.144225e-04
8.195667e-01 3.918362e-04
8.245333e-01 1.240942e-03
8.295000e-01 3.602504e-03
8.344667e-01 9.709443e-03
8.394333e-01 2.420242e-02
8.444000e-01 5.560554e-02
8.493667e-01 1.193054e-01
8.543333e-01 2.367350e-01
8.593000e-01 4.407877e-01
8.642667e-01 7.622686e-01
8.692333e-01 1.243440e+00
8.742000e-01 1.906428e+00
8.791667e-01 2.736594e+00
8.841333e-01 3.741511e+00
8.891000e-01 4.823001e+00
8.940667e-01 5.970485e+00
8.990333e-01 7.027542e+00
9.040000e-01 8.023409e+00
9.089667e-01 8.865035e+00
9.139333e-01 9.458496e+00
9.189000e-01 9.948384e+00
9.238667e-01 1.020516e+01
9.288333e-01 1.041806e+01
9.338000e-01 1.044994e+01
9.387667e-01 1.048437e+01
9.437333e-01 1.044849e+01
9.487000e-01 1.024489e+01
9.536667e-01 1.003219e+01
9.586333e-01 9.612323e+00
9.636000e-01 9.134986e+00
9.685667e-01 8.414050e+00
9.735333e-01 7.635198e+00
9.785000e-01 6.717226e+00
9.834667e-01 5.659894e+00
9.884333e-01 4.637346e+00
9.934000e-01 3.615649e+00
9.983667e-01 2.727872e+00
1.003333e+00 1.959555e+00
1.008300e+00 1.344749e+00
1.013267e+00 8.851004e-01
1.018233e+00 5.500716e-01
1.023200e+00 3.291365e-01
1.028167e+00 1.857690e-01
1.033133e+00 1.009296e-01
1.038100e+00 5.230253e-02
1.043067e+00 2.551027e-02
1.048033e+00 1.199606e-02
1.053000e+00 5.321591e-03
1.057967e+00 2.275673e-03
1.062933e+00 9.185092e-04
1.067900e+00 3.577471e-04
1.072867e+00 1.330316e-04
1.077833e+00 4.677123e-05
1.082800e+00 1.588977e-05
1.087767e+00 5.105401e-06
1.092733e+00 1.587494e-06
1.097700e+00 4.672608e-07
1.102667e+00 1.332617e-07
1.107633e+00 3.643234e-08
1.112600e+00 9.440486e-09
1.117567e+00 2.374944e-09
1.122533e+00 5.668851e-10
1.127500e+00 1.315278e-10
1.132467e+00 2.897823e-11
1.137433e+00 6.214971e-12
1.142400e+00 1.282670e-12
1.147367e+00 2.519698e-13
1.152333e+00 4.792964e-14
1.157300e+00 8.698025e-15
1.162267e+00 2.031221e-15
1.167233e+00 -3.597035e-20
1.172200e+00 -1.309163e-31
1.177167e+00 -4.764779e-43
1.182133e+00 -1.734170e-54
1.187100e+00 -6.311620e-66
1.192067e+00 -2.297153e-77
1.197033e+00 -8.360628e-89
1.202000e+00 -3.042902e-100
1.206967e+00 -1.107483e-111
1.211933e+00 -4.030752e-123
1.216900e+00 -1.467017e-134
1.221867e+00 -5.339298e-146
1.226833e+00 -1.943270e-157
1.231800e+00 -7.072652e-169
1.236767e+00 -2.574135e-180
1.241733e+00 -9.368722e-192
1.246700e+00 -3.409804e-203
1.251667e+00 -1.241019e-214
1.256633e+00 -4.516765e-226
1.261600e+00 -1.643904e-237
1.266567e+00 -5.983091e-249
1.271533e+00 -2.177583e-260
1.276500e+00 -7.925446e-272
1.281467e+00 -2.884515e-283
1.286433e+00 -1.049837e-294
1.291400e+00 -3.820946e-306
1.296367e+00 -1.390656e-317
1.301333e+00 0.000000e+00
1.306300e+00 0.000000e+00
1.311267e+00 0.000000e+00
1.316233e+00 0.000000e+00
1.321200e+00 0.000000e+00
1.326167e+00 0.000000e+00
1.331133e+00 0.000000e+00
1.336100e+00 0.000000e+00
1.341067e+00 0.000000e+00
1.346033e+00 0.000000e+00
1.351000e+00 0.000000e+00
1.355967e+00 0.000000e+00
1.360933e+00 0.000000e+00
1.365900e+00 0.000000e+00
1.370867e+00 0.000000e+00
1.375833e+00 0.000000e+00
1.380800e+00 0.000000e+00
1.385767e+00 0.000000e+00
1.390733e+00 0.000000e+00
1.395700e+00 0.000000e+00
1.400667e+00 0.000000e+00
1.405633e+00 0.000000e+00
1.410600e+00 0.000000e+00
1.415567e+00 0.000000e+00
1.420533e+00 0.000000e+00
1.425500e+00 0.000000e+00
1.430467e+00 0.000000e+00
1.435433e+00 0.000000e+00
1.440400e+00 0.000000e+00
1.445367e+00 0.000000e+00
1.450333e+00 0.000000e+00
1.455300e+00 0.000000e+00
1.460267e+00 0.000000e+00
1.465233e+00 0.000000e+00
1.470200e+00 0.000000e+00
1.475167e+00 0.000000e+00
1.480133e+00 0.000000e+00
1.485100e+00 0.000000e+00
1.490067e+00 0.000000e+00
1.495033e+00 0.000000e+00
1.500000e+00 0.000000e+00
