0.000000e+00 0.000000e+00
1.166666e-02 3.686929e-02
2.333332e-02 1.292265e-01
3.499999e-02 2.823318e-01
4.666665e-02 4.890980e-01
5.833331e-02 7.389491e-01
6.999997e-02 1.020059e+00
8.166664e-02 1.321229e+00
9.333330e-02 1.633013e+00
1.050000e-01 1.948118e+00
1.166666e-01 2.261233e+00
1.283333e-01 2.568546e+00
1.399999e-01 2.867089e+00
1.516666e-01 3.154043e+00
1.633333e-01 3.426063e+00
1.749999e-01 3.678689e+00
1.866666e-01 3.905937e+00
1.983333e-01 4.100187e+00
2.099999e-01 4.252471e+00
2.216666e-01 4.353229e+00
2.333332e-01 4.393462e+00
2.449999e-01 4.366123e+00
2.566666e-01 4.267460e+00
2.683332e-01 4.098038e+00
2.799999e-01 3.863168e+00
2.916666e-01 3.572655e+00
3.033332e-01 3.239886e+00
3.149999e-01 2.880442e+00
3.266665e-01 2.510485e+00
3.383332e-01 2.145226e+00
3.499999e-01 1.797675e+00
3.616665e-01 1.477833e+00
3.733332e-01 1.192357e+00
3.849999e-01 9.446574e-01
3.966665e-01 7.353116e-01
4.083332e-01 5.626722e-01
4.199998e-01 4.235400e-01
4.316665e-01 3.138074e-01
4.433332e-01 2.290018e-01
4.549998e-01 1.647022e-01
4.666665e-01 1.168208e-01
4.783332e-01 8.176620e-02
4.899998e-01 5.651023e-02
5.016665e-01 3.858702e-02
5.133331e-01 2.604779e-02
5.249998e-01 1.739256e-02
5.366665e-01 1.149367e-02
5.483331e-01 7.521230e-03
5.599998e-01 4.876159e-03
5.716664e-01 3.133589e-03
5.833331e-01 1.997053e-03
5.949998e-01 1.262761e-03
6.066664e-01 7.925557e-04
6.183331e-01 4.939698e-04
6.299998e-01 3.058519e-04
6.416664e-01 1.882057e-04
6.533331e-01 1.151408e-04
6.649997e-01 7.005794e-05
6.766664e-01 4.240997e-05
6.883331e-01 2.555084e-05
6.999997e-01 1.532524e-05
7.116664e-01 9.153916e-06
7.233331e-01 5.446662e-06
7.349997e-01 3.229233e-06
7.466664e-01 1.908226e-06
7.583330e-01 1.124172e-06
7.699997e-01 6.604117e-07
7.816664e-01 3.869701e-07
7.933330e-01 2.262132e-07
8.049997e-01 1.319561e-07
8.166664e-01 7.682470e-08
8.283330e-01 4.464957e-08
8.399997e-01 2.590956e-08
8.516663e-01 1.501436e-08
8.633330e-01 8.690241e-09
8.749997e-01 5.024655e-09
8.866663e-01 2.902670e-09
8.983330e-01 1.675604e-09
9.099997e-01 9.666935e-10
9.216663e-01 5.574545e-10
9.333330e-01 3.213579e-10
9.449996e-01 1.852177e-10
9.566663e-01 1.067434e-10
9.683330e-01 6.151975e-11
9.799996e-01 3.546040e-11
9.916663e-01 2.044517e-11
1.003333e+00 1.179170e-11
1.015000e+00 6.803989e-12
1.026666e+00 3.928045e-12
1.038333e+00 2.268958e-12
1.050000e+00 1.311511e-12
1.061666e+00 7.590298e-13
1.073333e+00 4.393746e-13
1.085000e+00 2.546525e-13
1.096666e+00 1.474771e-13
1.108333e+00 8.563307e-14
1.120000e+00 4.988229e-14
1.131666e+00 2.901440e-14
1.143333e+00 1.717192e-14
1.155000e+00 9.830706e-15
1.166666e+00 5.714223e-15
1.178333e+00 3.415145e-15
1.190000e+00 1.934626e-15
1.201666e+00 9.051075e-16
1.213333e+00 4.224018e-16
1.225000e+00 4.633045e-16
1.236666e+00 5.022675e-16
1.248333e+00 -2.300608e-27
1.260000e+00 -8.373203e-39
1.271666e+00 -3.047479e-50
1.283333e+00 -1.109149e-61
1.295000e+00 -4.036814e-73
1.306666e+00 -1.469223e-84
1.318333e+00 -5.347328e-96
1.329999e+00 -1.946193e-107
1.341666e+00 -7.083289e-119
1.353333e+00 -2.578007e-130
1.364999e+00 -9.382813e-142
1.376666e+00 -3.414932e-153
1.388333e+00 -1.242886e-164
1.399999e+00 -4.523558e-176
1.411666e+00 -1.646377e-187
1.423333e+00 -5.992090e-199
1.434999e+00 -2.180858e-210
1.446666e+00 -7.937366e-222
1.458333e+00 -2.888853e-233
1.469999e+00 -1.051416e-244
1.481666e+00 -3.826692e-256
1.493333e+00 -1.392748e-267
1.504999e+00 -5.068993e-279
1.516666e+00 -1.844891e-290
1.528333e+00 -6.714594e-302
1.539999e+00 -2.443818e-313
1.551666e+00 0.000000e+00
1.563333e+00 0.000000e+00
1.574999e+00 0.000000e+00
1.586666e+00 0.000000e+00
1.598333e+00 0.000000e+00
1.609999e+00 0.000000e+00
1.621666e+00 0.000000e+00
1.633333e+00 0.000000e+00
1.644999e+00 0.000000e+00
1.656666e+00 0.000000e+00
1.668333e+00 0.000000e+00
1.679999e+00 0.000000e+00
1.691666e+00 0.000000e+00
1.703333e+00 0.000000e+00
1.714999e+00 0.000000e+00
1.726666e+00 0.000000e+00
1.738333e+00 0.000000e+00
1.749999e+00 0.000000e+00
1.761666e+00 0.000000e+00
1.773333e+00 0.000000e+00
1.784999e+00 0.000000e+00
1.796666e+00 0.000000e+00
1.808333e+00 0.000000e+00
1.819999e+00 0.000000e+00
1.831666e+00 0.000000e+00
1.843333e+00 0.000000e+00
1.854999e+00 0.000000e+00
1.866666e+00 0.000000e+00
1.878333e+00 0.000000e+00
1.889999e+00 0.000000e+00
1.901666e+00 0.000000e+00
1.913333e+00 0.000000e+00
1.924999e+00 0.000000e+00
1.936666e+00 0.000000e+00
1.948333e+00 0.000000e+00
1.959999e+00 0.000000e+00
1.971666e+00 0.000000e+00
1.983333e+00 0.000000e+00
1.994999e+00 0.000000e+00
2.006666e+00 0.000000e+00
2.018333e+00 0.000000e+00
2.029999e+00 0.000000e+00
2.041666e+00 0.000000e+00
2.053333e+00 0.000000e+00
2.064999e+00 0.000000e+00
2.076666e+00 0.000000e+00
2.088333e+00 0.000000e+00
2.099999e+00 0.000000e+00
2.111666e+00 0.000000e+00
2.123333e+00 0.000000e+00
2.134999e+00 0.000000e+00
2.146666e+00 0.000000e+00
2.158333e+00 0.000000e+00
2.169999e+00 0.000000e+00
2.181666e+00 0.000000e+00
2.193332e+00 0.000000e+00
2.204999e+00 0.000000e+00
2.216666e+00 0.000000e+00
2.228332e+00 0.000000e+00
2.239999e+00 0.000000e+00
2.251666e+00 0.000000e+00
2.263332e+00 0.000000e+00
2.274999e+00 0.000000e+00
2.286666e+00 0.000000e+00
2.298332e+00 0.000000e+00
2.309999e+00 0.000000e+00
2.321666e+00 0.000000e+00
2.333332e+00 0.000000e+00
2.344999e+00 0.000000e+00
2.356666e+00 0.000000e+00
2.368332e+00 0.000000e+00
2.379999e+00 0.000000e+00
2.391666e+00 0.000000e+00
2.403332e+00 0.000000e+00
2.414999e+00 0.000000e+00
2.426666e+00 0.000000e+00
2.438332e+00 0.000000e+00
2.449999e+00 0.000000e+00
2.461666e+00 0.000000e+00
2.473332e+00 0.000000e+00
2.484999e+00 0.000000e+00
2.496666e+00 0.000000e+00
2.508332e+00 0.000000e+00
2.519999e+00 0.000000e+00
2.531666e+00 0.000000e+00
2.543332e+00 0.000000e+00
2.554999e+00 0.000000e+00
2.566666e+00 0.000000e+00
2.578332e+00 0.000000e+00
2.589999e+00 0.000000e+00
2.601666e+00 0.000000e+00
2.613332e+00 0.000000e+00
2.624999e+00 0.000000e+00
2.636666e+00 0.000000e+00
2.648332e+00 0.000000e+00
2.659999e+00 0.000000e+00
2.671666e+00 0.000000e+00
2.683332e+00 0.000000e+00
2.694999e+00 0.000000e+00
2.706666e+00 0.000000e+00
2.718332e+00 0.000000e+00
2.729999e+00 0.000000e+00
2.741666e+00 0.000000e+00
2.753332e+00 0.000000e+00
2.764999e+00 0.000000e+00
2.776666e+00 0.000000e+00
2.788332e+00 0.000000e+00
2.799999e+00 0.000000e+00
2.811666e+00 0.000000e+00
2.823332e+00 0.000000e+00
2.834999e+00 0.000000e+00
2.846666e+00 0.000000e+00
2.858332e+00 0.000000e+00
2.869999e+00 0.000000e+00
2.881666e+00 0.000000e+00
2.893332e+00 0.000000e+00
2.904999e+00 0.000000e+00
2.916666e+00 0.000000e+00
2.928332e+00 0.000000e+00
2.939999e+00 0.000000e+00
2.951666e+00 0.000000e+00
2.963332e+00 0.000000e+00
2.974999e+00 0.000000e+00
2.986666e+00 0.000000e+00
2.998332e+00 0.000000e+00
3.009999e+00 0.000000e+00
3.021666e+00 0.000000e+00
3.033332e+00 0.000000e+00
3.044999e+00 0.000000e+00
3.056665e+00 0.000000e+00
3.068332e+00 0.000000e+00
3.079999e+00 0.000000e+00
3.091665e+00 0.000000e+00
3.103332e+00 0.000000e+00
3.114999e+00 0.000000e+00
3.126665e+00 0.000000e+00
3.138332e+00 0.000000e+00
3.149999e+00 0.000000e+00
3.161665e+00 0.000000e+00
3.173332e+00 0.000000e+00
3.184999e+00 0.000000e+00
3.196665e+00 0.000000e+00
3.208332e+00 0.000000e+00
3.219999e+00 0.000000e+00
3.231665e+00 0.000000e+00
3.243332e+00 0.000000e+00
3.254999e+00 0.000000e+00
3.266665e+00 0.000000e+00
3.278332e+00 0.000000e+00
3.289999e+00 0.000000e+00
3.301665e+00 0.000000e+00
3.313332e+00 0.000000e+00
3.324999e+00 0.000000e+00
3.336665e+00 0.000000e+00
3.348332e+00 0.000000e+00
3.359999e+00 0.000000e+00
3.371665e+00 0.000000e+00
3.383332e+00 0.000000e+00
3.394999e+00 0.000000e+00
3.406665e+00 0.000000e+00
3.418332e+00 0.000000e+00
3.429999e+00 0.000000e+00
3.441665e+00 0.000000e+00
3.453332e+00 0.000000e+00
3.464999e+00 0.000000e+00
3.476665e+00 0.000000e+00
3.488332e+00 0.000000e+00
3.499999e+00 0.000000e+00
