1.000000e-02 0.000000e+00
1.496667e-02 0.000000e+00
1.993333e-02 0.000000e+00
2.490000e-02 0.000000e+00
2.986667e-02 0.000000e+00
3.483333e-02 0.000000e+00
3.980000e-02 0.000000e+00
4.476667e-02 0.000000e+00
4.973333e-02 0.000000e+00
5.470000e-02 0.000000e+00
5.966667e-02 0.000000e+00
6.463333e-02 0.000000e+00
6.960000e-02 0.000000e+00
7.456667e-02 0.000000e+00
7.953333e-02 0.000000e+00
8.450000e-02 0.000000e+00
8.946667e-02 0.000000e+00
9.443333e-02 0.000000e+00
9.940000e-02 0.000000e+00
1.043667e-01 0.000000e+00
1.093333e-01 0.000000e+00
1.143000e-01 0.000000e+00
1.192667e-01 0.000000e+00
1.242333e-01 0.000000e+00
1.292000e-01 0.000000e+00
1.341667e-01 0.000000e+00
1.391333e-01 0.000000e+00
1.441000e-01 0.000000e+00
1.490667e-01 0.000000e+00
1.540333e-01 0.000000e+00
1.590000e-01 0.000000e+00
1.639667e-01 0.000000e+00
1.689333e-01 0.000000e+00
1.739000e-01 0.000000e+00
1.788667e-01 0.000000e+00
1.838333e-01 0.000000e+00
1.888000e-01 0.000000e+00
1.937667e-01 0.000000e+00
1.987333e-01 0.000000e+00
2.037000e-01 0.000000e+00
2.086667e-01 0.000000e+00
2.136333e-01 0.000000e+00
2.186000e-01 0.000000e+00
2.235667e-01 0.000000e+00
2.285333e-01 0.000000e+00
2.335000e-01 0.000000e+00
2.384667e-01 0.000000e+00
2.434333e-01 0.000000e+00
2.484000e-01 0.000000e+00
2.533667e-01 0.000000e+00
2.583333e-01 0.000000e+00
2.633000e-01 0.000000e+00
2.682667e-01 0.000000e+00
2.732333e-01 0.000000e+00
2.782000e-01 0.000000e+00
2.831667e-01 0.000000e+00
2.881333e-01 0.000000e+00
2.931000e-01 0.000000e+00
2.980667e-01 0.000000e+00
3.030333e-01 0.000000e+00
3.080000e-01 0.000000e+00
3.129667e-01 0.000000e+00
3.179333e-01 0.000000e+00
3.229000e-01 0.000000e+00
3.278667e-01 0.000000e+00
3.328333e-01 0.000000e+00
3.378000e-01 0.000000e+00
3.427667e-01 0.000000e+00
3.477333e-01 0.000000e+00
3.527000e-01 0.000000e+00
3.576667e-01 0.000000e+00
3.626333e-01 0.000000e+00
3.676000e-01 0.000000e+00
3.725667e-01 0.000000e+00
3.775333e-01 0.000000e+00
3.825000e-01 0.000000e+00
3.874667e-01 0.000000e+00
3.924333e-01 0.000000e+00
3.974000e-01 0.000000e+00
4.023667e-01 0.000000e+00
4.073333e-01 0.000000e+00
4.123000e-01 0.000000e+00
4.172667e-01 0.000000e+00
4.222333e-01 0.000000e+00
4.272000e-01 0.000000e+00
4.321667e-01 0.000000e+00
4.371333e-01 0.000000e+00
4.421000e-01 0.000000e+00
4.470667e-01 0.000000e+00
4.520333e-01 0.000000e+00
4.570000e-01 0.000000e+00
4.619667e-01 0.000000e+00
4.669333e-01 0.000000e+00
4.719000e-01 0.000000e+00
4.768667e-01 0.000000e+00
4.818333e-01 0.000000e+00
4.868000e-01 0.000000e+00
4.917667e-01 0.000000e+00
4.967333e-01 0.000000e+00
5.017000e-01 0.000000e+00
5.066667e-01 0.000000e+00
5.116333e-01 0.000000e+00
5.166000e-01 0.000000e+00
5.215667e-01 0.000000e+00
5.265333e-01 0.000000e+00
5.315000e-01 9.387247e-322
5.364667e-01 2.575944e-310
5.414333e-01 7.077623e-299
5.464000e-01 1.944636e-287
5.513667e-01 5.343051e-276
5.563333e-01 1.468048e-264
5.613000e-01 4.033585e-253
5.662667e-01 1.108261e-241
5.712333e-01 3.045041e-230
5.762000e-01 8.366505e-219
5.811667e-01 2.298767e-207
5.861333e-01 6.316056e-196
5.911000e-01 1.735389e-184
5.960667e-01 4.768127e-173
6.010333e-01 1.310083e-161
6.060000e-01 3.599563e-150
6.109667e-01 9.890101e-139
6.159333e-01 2.717388e-127
6.209000e-01 7.466251e-116
6.258667e-01 2.051415e-104
6.308333e-01 5.636435e-93
6.358000e-01 1.548658e-81
6.407667e-01 4.255067e-70
6.457333e-01 1.169115e-58
6.507000e-01 3.212242e-47
6.556667e-01 8.825905e-36
6.606333e-01 2.424991e-24
6.656000e-01 6.757145e-16
6.705667e-01 1.053822e-14
6.755333e-01 1.313516e-13
6.805000e-01 1.478172e-12
6.854667e-01 1.485058e-11
6.904333e-01 1.334925e-10
6.954000e-01 1.076560e-09
7.003667e-01 7.794018e-09
7.053333e-01 5.085586e-08
7.103000e-01 2.993184e-07
7.152667e-01 1.590066e-06
7.202333e-01 7.659766e-06
7.252000e-01 3.341756e-05
7.301667e-01 1.327817e-04
7.351333e-01 4.793575e-04
7.401000e-01 1.583719e-03
7.450667e-01 4.783980e-03
7.500333e-01 1.320660e-02
7.550000e-01 3.357309e-02
7.599667e-01 7.830343e-02
7.649333e-01 1.690147e-01
7.699000e-01 3.367626e-01
7.748667e-01 6.221928e-01
7.798333e-01 1.070826e+00
7.848000e-01 1.712186e+00
7.897667e-01 2.572624e+00
7.947333e-01 3.615876e+00
7.997000e-01 4.816230e+00
8.046667e-01 6.084401e+00
8.096333e-01 7.283147e+00
8.146000e-01 8.399321e+00
8.195667e-01 9.292385e+00
8.245333e-01 1.002596e+01
8.295000e-01 1.050254e+01
8.344667e-01 1.086020e+01
8.394333e-01 1.107538e+01
8.444000e-01 1.111804e+01
8.493667e-01 1.113028e+01
8.543333e-01 1.098285e+01
8.593000e-01 1.079733e+01
8.642667e-01 1.041099e+01
8.692333e-01 9.931650e+00
8.742000e-01 9.268243e+00
8.791667e-01 8.359263e+00
8.841333e-01 7.350759e+00
8.891000e-01 6.186665e+00
8.940667e-01 5.034862e+00
8.990333e-01 3.891915e+00
9.040000e-01 2.892808e+00
9.089667e-01 2.047632e+00
9.139333e-01 1.367638e+00
9.189000e-01 8.742451e-01
9.238667e-01 5.261296e-01
9.288333e-01 3.027263e-01
9.338000e-01 1.638499e-01
9.387667e-01 8.474098e-02
9.437333e-01 4.156751e-02
9.487000e-01 1.917363e-02
9.536667e-01 8.461936e-03
9.586333e-01 3.513181e-03
9.636000e-01 1.397027e-03
9.685667e-01 5.224422e-04
9.735333e-01 1.877305e-04
9.785000e-01 6.408360e-05
9.834667e-01 2.062151e-05
9.884333e-01 6.376301e-06
9.934000e-01 1.860359e-06
9.983667e-01 5.223238e-07
1.003333e+00 1.392111e-07
1.008300e+00 3.540229e-08
1.013267e+00 8.641056e-09
1.018233e+00 1.995501e-09
1.023200e+00 4.450740e-10
1.028167e+00 9.401959e-11
1.033133e+00 1.921127e-11
1.038100e+00 3.764107e-12
1.043067e+00 6.987921e-13
1.048033e+00 1.264602e-13
1.053000e+00 2.158076e-14
1.057967e+00 3.125473e-15
1.062933e+00 1.173399e-15
1.067900e+00 -5.431194e-27
1.072867e+00 -1.976716e-38
1.077833e+00 -7.194380e-50
1.082800e+00 -2.618439e-61
1.087767e+00 -9.529969e-73
1.092733e+00 -3.468491e-84
1.097700e+00 -1.262379e-95
1.102667e+00 -4.594504e-107
1.107633e+00 -1.672198e-118
1.112600e+00 -6.086067e-130
1.117567e+00 -2.215062e-141
1.122533e+00 -8.061852e-153
1.127500e+00 -2.934161e-164
1.132467e+00 -1.067906e-175
1.137433e+00 -3.886709e-187
1.142400e+00 -1.414591e-198
1.147367e+00 -5.148493e-210
1.152333e+00 -1.873825e-221
1.157300e+00 -6.819903e-233
1.162267e+00 -2.482145e-244
1.167233e+00 -9.033921e-256
1.172200e+00 -3.287951e-267
1.177167e+00 -1.196670e-278
1.182133e+00 -4.355354e-290
1.187100e+00 -1.585158e-301
1.192067e+00 -5.769279e-313
1.197033e+00 0.000000e+00
1.202000e+00 0.000000e+00
1.206967e+00 0.000000e+00
1.211933e+00 0.000000e+00
1.216900e+00 0.000000e+00
1.221867e+00 0.000000e+00
1.226833e+00 0.000000e+00
1.231800e+00 0.000000e+00
1.236767e+00 0.000000e+00
1.241733e+00 0.000000e+00
1.246700e+00 0.000000e+00
1.251667e+00 0.000000e+00
1.256633e+00 0.000000e+00
1.261600e+00 0.000000e+00
1.266567e+00 0.000000e+00
1.271533e+00 0.000000e+00
1.276500e+00 0.000000e+00
1.281467e+00 0.000000e+00
1.286433e+00 0.000000e+00
1.291400e+00 0.000000e+00
1.296367e+00 0.000000e+00
1.301333e+00 0.000000e+00
1.306300e+00 0.000000e+00
1.311267e+00 0.000000e+00
1.316233e+00 0.000000e+00
1.321200e+00 0.000000e+00
1.326167e+00 0.000000e+00
1.331133e+00 0.000000e+00
1.336100e+00 0.000000e+00
1.341067e+00 0.000000e+00
1.346033e+00 0.000000e+00
1.351000e+00 0.000000e+00
1.355967e+00 0.000000e+00
1.360933e+00 0.000000e+00
1.365900e+00 0.000000e+00
1.370867e+00 0.000000e+00
1.375833e+00 0.000000e+00
1.380800e+00 0.000000e+00
1.385767e+00 0.000000e+00
1.390733e+00 0.000000e+00
1.395700e+00 0.000000e+00
1.400667e+00 0.000000e+00
1.405633e+00 0.000000e+00
1.410600e+00 0.000000e+00
1.415567e+00 0.000000e+00
1.420533e+00 0.000000e+00
1.425500e+00 0.000000e+00
1.430467e+00 0.000000e+00
1.435433e+00 0.000000e+00
1.440400e+00 0.000000e+00
1.445367e+00 0.000000e+00
1.450333e+00 0.000000e+00
1.455300e+00 0.000000e+00
1.460267e+00 0.000000e+00
1.465233e+00 0.000000e+00
1.470200e+00 0.000000e+00
1.475167e+00 0.000000e+00
1.480133e+00 0.000000e+00
1.485100e+00 0.000000e+00
1.490067e+00 0.000000e+00
1.495033e+00 0.000000e+00
1.500000e+00 0.000000e+00
