1.000000e-02 0.000000e+00
1.496667e-02 0.000000e+00
1.993333e-02 0.000000e+00
2.490000e-02 0.000000e+00
2.986667e-02 0.000000e+00
3.483333e-02 0.000000e+00
3.980000e-02 0.000000e+00
4.476667e-02 0.000000e+00
4.973333e-02 0.000000e+00
5.470000e-02 0.000000e+00
5.966667e-02 0.000000e+00
6.463333e-02 0.000000e+00
6.960000e-02 0.000000e+00
7.456667e-02 0.000000e+00
7.953333e-02 0.000000e+00
8.450000e-02 0.000000e+00
8.946667e-02 0.000000e+00
9.443333e-02 0.000000e+00
9.940000e-02 0.000000e+00
1.043667e-01 0.000000e+00
1.093333e-01 0.000000e+00
1.143000e-01 0.000000e+00
1.192667e-01 0.000000e+00
1.242333e-01 0.000000e+00
1.292000e-01 0.000000e+00
1.341667e-01 0.000000e+00
1.391333e-01 0.000000e+00
1.441000e-01 0.000000e+00
1.490667e-01 0.000000e+00
1.540333e-01 0.000000e+00
1.590000e-01 0.000000e+00
1.639667e-01 0.000000e+00
1.689333e-01 0.000000e+00
1.739000e-01 0.000000e+00
1.788667e-01 0.000000e+00
1.838333e-01 0.000000e+00
1.888000e-01 0.000000e+00
1.937667e-01 0.000000e+00
1.987333e-01 0.000000e+00
2.037000e-01 0.000000e+00
2.086667e-01 0.000000e+00
2.136333e-01 0.000000e+00
2.186000e-01 0.000000e+00
2.235667e-01 0.000000e+00
2.285333e-01 0.000000e+00
2.335000e-01 0.000000e+00
2.384667e-01 0.000000e+00
2.434333e-01 0.000000e+00
2.484000e-01 0.000000e+00
2.533667e-01 0.000000e+00
2.583333e-01 0.000000e+00
2.633000e-01 0.000000e+00
2.682667e-01 0.000000e+00
2.732333e-01 0.000000e+00
2.782000e-01 0.000000e+00
2.831667e-01 0.000000e+00
2.881333e-01 0.000000e+00
2.931000e-01 0.000000e+00
2.980667e-01 0.000000e+00
3.030333e-01 0.000000e+00
3.080000e-01 0.000000e+00
3.129667e-01 0.000000e+00
3.179333e-01 0.000000e+00
3.229000e-01 0.000000e+00
3.278667e-01 0.000000e+00
3.328333e-01 0.000000e+00
3.378000e-01 0.000000e+00
3.427667e-01 0.000000e+00
3.477333e-01 0.000000e+00
3.527000e-01 0.000000e+00
3.576667e-01 0.000000e+00
3.626333e-01 0.000000e+00
3.676000e-01 0.000000e+00
3.725667e-01 0.000000e+00
3.775333e-01 0.000000e+00
3.825000e-01 0.000000e+00
3.874667e-01 0.000000e+00
3.924333e-01 0.000000e+00
3.974000e-01 0.000000e+00
4.023667e-01 0.000000e+00
4.073333e-01 0.000000e+00
4.123000e-01 0.000000e+00
4.172667e-01 0.000000e+00
4.222333e-01 0.000000e+00
4.272000e-01 0.000000e+00
4.321667e-01 0.000000e+00
4.371333e-01 0.000000e+00
4.421000e-01 0.000000e+00
4.470667e-01 0.000000e+00
4.520333e-01 0.000000e+00
4.570000e-01 0.000000e+00
4.619667e-01 0.000000e+00
4.669333e-01 0.000000e+00
4.719000e-01 0.000000e+00
4.768667e-01 0.000000e+00
4.818333e-01 0.000000e+00
4.868000e-01 0.000000e+00
4.917667e-01 0.000000e+00
4.967333e-01 0.000000e+00
5.017000e-01 0.000000e+00
5.066667e-01 0.000000e+00
5.116333e-01 0.000000e+00
5.166000e-01 0.000000e+00
5.215667e-01 0.000000e+00
5.265333e-01 0.000000e+00
5.315000e-01 0.000000e+00
5.364667e-01 0.000000e+00
5.414333e-01 0.000000e+00
5.464000e-01 0.000000e+00
5.513667e-01 0.000000e+00
5.563333e-01 0.000000e+00
5.613000e-01 0.000000e+00
5.662667e-01 0.000000e+00
5.712333e-01 0.000000e+00
5.762000e-01 0.000000e+00
5.811667e-01 0.000000e+00
5.861333e-01 0.000000e+00
5.911000e-01 0.000000e+00
5.960667e-01 0.000000e+00
6.010333e-01 0.000000e+00
6.060000e-01 0.000000e+00
6.109667e-01 0.000000e+00
6.159333e-01 0.000000e+00
6.209000e-01 0.000000e+00
6.258667e-01 0.000000e+00
6.308333e-01 0.000000e+00
6.358000e-01 0.000000e+00
6.407667e-01 0.000000e+00
6.457333e-01 0.000000e+00
6.507000e-01 0.000000e+00
6.556667e-01 0.000000e+00
6.606333e-01 0.000000e+00
6.656000e-01 0.000000e+00
6.705667e-01 0.000000e+00
6.755333e-01 0.000000e+00
6.805000e-01 0.000000e+00
6.854667e-01 0.000000e+00
6.904333e-01 0.000000e+00
6.954000e-01 0.000000e+00
7.003667e-01 0.000000e+00
7.053333e-01 0.000000e+00
7.103000e-01 0.000000e+00
7.152667e-01 0.000000e+00
7.202333e-01 0.000000e+00
7.252000e-01 0.000000e+00
7.301667e-01 0.000000e+00
7.351333e-01 0.000000e+00
7.401000e-01 0.000000e+00
7.450667e-01 0.000000e+00
7.500333e-01 0.000000e+00
7.550000e-01 0.000000e+00
7.599667e-01 0.000000e+00
7.649333e-01 0.000000e+00
7.699000e-01 0.000000e+00
7.748667e-01 0.000000e+00
7.798333e-01 0.000000e+00
7.848000e-01 0.000000e+00
7.897667e-01 0.000000e+00
7.947333e-01 -6.167026e-319
7.997000e-01 -1.694448e-307
8.046667e-01 -4.655638e-296
8.096333e-01 -1.279176e-284
8.146000e-01 -3.514642e-273
8.195667e-01 -9.656775e-262
8.245333e-01 -2.653280e-250
8.295000e-01 -7.290109e-239
8.344667e-01 -2.003018e-227
8.394333e-01 -5.503461e-216
8.444000e-01 -1.512122e-204
8.493667e-01 -4.154682e-193
8.543333e-01 -1.141534e-181
8.593000e-01 -3.136460e-170
8.642667e-01 -8.617686e-159
8.692333e-01 -2.367781e-147
8.742000e-01 -6.505678e-136
8.791667e-01 -1.787490e-124
8.841333e-01 -4.911277e-113
8.891000e-01 -1.349415e-101
8.940667e-01 -3.707630e-90
8.990333e-01 -1.018702e-78
9.040000e-01 -2.798970e-67
9.089667e-01 -7.690405e-56
9.139333e-01 -2.113003e-44
9.189000e-01 -5.805653e-33
9.238667e-01 -1.595152e-21
9.288333e-01 1.250701e-15
9.338000e-01 1.010326e-14
9.387667e-01 9.085268e-14
9.437333e-01 7.468313e-13
9.487000e-01 5.600829e-12
9.536667e-01 3.898050e-11
9.586333e-01 2.477488e-10
9.636000e-01 1.465243e-09
9.685667e-01 7.925055e-09
9.735333e-01 4.006290e-08
9.785000e-01 1.873633e-07
9.834667e-01 8.048221e-07
9.884333e-01 3.238780e-06
9.934000e-01 1.199802e-05
9.983667e-01 4.175332e-05
1.003333e+00 1.347049e-04
1.008300e+00 4.054723e-04
1.013267e+00 1.145481e-03
1.018233e+00 2.996479e-03
1.023200e+00 7.414371e-03
1.028167e+00 1.702947e-02
1.033133e+00 3.710734e-02
1.038100e+00 7.612432e-02
1.043067e+00 1.452465e-01
1.048033e+00 2.644655e-01
1.053000e+00 4.502268e-01
1.057967e+00 7.333557e-01
1.062933e+00 1.120820e+00
1.067900e+00 1.646027e+00
1.072867e+00 2.302355e+00
1.077833e+00 3.044003e+00
1.082800e+00 3.896345e+00
1.087767e+00 4.737915e+00
1.092733e+00 5.616266e+00
1.097700e+00 6.367395e+00
1.102667e+00 7.090913e+00
1.107633e+00 7.700213e+00
1.112600e+00 8.090114e+00
1.117567e+00 8.452554e+00
1.122533e+00 8.609889e+00
1.127500e+00 8.783592e+00
1.132467e+00 8.786554e+00
1.137433e+00 8.848223e+00
1.142400e+00 8.871906e+00
1.147367e+00 8.756032e+00
1.152333e+00 8.712575e+00
1.157300e+00 8.520032e+00
1.162267e+00 8.378011e+00
1.167233e+00 8.064068e+00
1.172200e+00 7.759788e+00
1.177167e+00 7.356098e+00
1.182133e+00 6.758308e+00
1.187100e+00 6.151988e+00
1.192067e+00 5.392005e+00
1.197033e+00 4.655593e+00
1.202000e+00 3.844296e+00
1.206967e+00 3.121660e+00
1.211933e+00 2.446445e+00
1.216900e+00 1.826045e+00
1.221867e+00 1.331195e+00
1.226833e+00 9.222537e-01
1.231800e+00 6.231710e-01
1.236767e+00 4.023785e-01
1.241733e+00 2.498148e-01
1.246700e+00 1.501389e-01
1.251667e+00 8.557792e-02
1.256633e+00 4.753811e-02
1.261600e+00 2.504341e-02
1.266567e+00 1.286217e-02
1.271533e+00 6.362038e-03
1.276500e+00 2.977758e-03
1.281467e+00 1.361737e-03
1.286433e+00 5.910763e-04
1.291400e+00 2.505304e-04
1.296367e+00 1.008452e-04
1.301333e+00 3.967126e-05
1.306300e+00 1.506326e-05
1.311267e+00 5.422521e-06
1.316233e+00 1.912684e-06
1.321200e+00 6.417539e-07
1.326167e+00 2.108985e-07
1.331133e+00 6.597042e-08
1.336100e+00 2.023107e-08
1.341067e+00 5.994876e-09
1.346033e+00 1.693895e-09
1.351000e+00 4.696911e-10
1.355967e+00 1.241900e-10
1.360933e+00 3.226511e-11
1.365900e+00 7.999175e-12
1.370867e+00 1.950302e-12
1.375833e+00 4.610010e-13
1.380800e+00 1.038749e-13
1.385767e+00 2.305571e-14
1.390733e+00 4.698656e-15
1.395700e+00 6.604075e-16
1.400667e+00 -2.730348e-20
1.405633e+00 -9.937269e-32
1.410600e+00 -3.616730e-43
1.415567e+00 -1.316331e-54
1.420533e+00 -4.790868e-66
1.425500e+00 -1.743666e-77
1.430467e+00 -6.346179e-89
1.435433e+00 -2.309731e-100
1.440400e+00 -8.406407e-112
1.445367e+00 -3.059563e-123
1.450333e+00 -1.113547e-134
1.455300e+00 -4.052822e-146
1.460267e+00 -1.475050e-157
1.465233e+00 -5.368533e-169
1.470200e+00 -1.953911e-180
1.475167e+00 -7.111378e-192
1.480133e+00 -2.588230e-203
1.485100e+00 -9.420021e-215
1.490067e+00 -3.428474e-226
1.495033e+00 -1.247814e-237
1.500000e+00 0.000000e+00
