0.000000e+00 0.000000e+00
1.166666e-02 0.000000e+00
2.333332e-02 0.000000e+00
3.499999e-02 0.000000e+00
4.666665e-02 0.000000e+00
5.833331e-02 0.000000e+00
6.999997e-02 0.000000e+00
8.166664e-02 0.000000e+00
9.333330e-02 0.000000e+00
1.050000e-01 0.000000e+00
1.166666e-01 0.000000e+00
1.283333e-01 0.000000e+00
1.399999e-01 0.000000e+00
1.516666e-01 0.000000e+00
1.633333e-01 0.000000e+00
1.749999e-01 0.000000e+00
1.866666e-01 0.000000e+00
1.983333e-01 0.000000e+00
2.099999e-01 0.000000e+00
2.216666e-01 0.000000e+00
2.333332e-01 0.000000e+00
2.449999e-01 0.000000e+00
2.566666e-01 0.000000e+00
2.683332e-01 -6.116439e-318
2.799999e-01 -1.680543e-306
2.916666e-01 -4.617434e-295
3.033332e-01 -1.268679e-283
3.149999e-01 -3.485801e-272
3.266665e-01 -9.577530e-261
3.383332e-01 -2.631507e-249
3.499999e-01 -7.230285e-238
3.616665e-01 -1.986582e-226
3.733332e-01 -5.458299e-215
3.849999e-01 -1.499713e-203
3.966665e-01 -4.120588e-192
4.083332e-01 -1.132166e-180
4.199998e-01 -3.110722e-169
4.316665e-01 -8.546968e-158
4.433332e-01 -2.348351e-146
4.549998e-01 -6.452292e-135
4.666665e-01 -1.772821e-123
4.783332e-01 -4.870975e-112
4.899998e-01 -1.338341e-100
5.016665e-01 -3.677205e-89
5.133331e-01 -1.010343e-77
5.249998e-01 -2.776002e-66
5.366665e-01 -7.627297e-55
5.483331e-01 -2.095664e-43
5.599998e-01 -5.758012e-32
5.716664e-01 -1.582062e-20
5.833331e-01 8.924085e-16
5.949998e-01 3.560833e-15
6.066664e-01 1.903536e-14
6.183331e-01 9.111177e-14
6.299998e-01 4.117024e-13
6.416664e-01 1.757113e-12
6.533331e-01 7.074771e-12
6.649997e-01 2.695014e-11
6.766664e-01 9.730732e-11
6.883331e-01 3.336377e-10
6.999997e-01 1.088247e-09
7.116664e-01 3.382606e-09
7.233331e-01 1.003616e-08
7.349997e-01 2.846885e-08
7.466664e-01 7.732631e-08
7.583330e-01 2.014113e-07
7.699997e-01 5.038030e-07
7.816664e-01 1.211872e-06
7.933330e-01 2.807046e-06
8.049997e-01 6.268971e-06
8.166664e-01 1.351558e-05
8.283330e-01 2.816336e-05
8.399997e-01 5.678669e-05
8.516663e-01 1.109190e-04
8.633330e-01 2.101021e-04
8.749997e-01 3.863430e-04
8.866663e-01 6.903540e-04
8.983330e-01 1.199915e-03
9.099997e-01 2.030576e-03
9.216663e-01 3.348694e-03
9.333330e-01 5.386471e-03
9.449996e-01 8.458220e-03
9.566663e-01 1.297662e-02
9.683330e-01 1.946721e-02
9.799996e-01 2.857895e-02
9.916663e-01 4.108857e-02
1.003333e+00 5.789623e-02
1.015000e+00 8.001060e-02
1.026666e+00 1.085220e-01
1.038333e+00 1.445633e-01
1.050000e+00 1.892595e-01
1.061666e+00 2.436682e-01
1.073333e+00 3.087139e-01
1.085000e+00 3.851213e-01
1.096666e+00 4.733519e-01
1.108333e+00 5.735487e-01
1.120000e+00 6.854944e-01
1.131666e+00 8.085854e-01
1.143333e+00 9.418258e-01
1.155000e+00 1.083840e+00
1.166666e+00 1.232905e+00
1.178333e+00 1.387000e+00
1.190000e+00 1.543866e+00
1.201666e+00 1.701082e+00
1.213333e+00 1.856138e+00
1.225000e+00 2.006514e+00
1.236666e+00 2.149754e+00
1.248333e+00 2.283534e+00
1.260000e+00 2.405719e+00
1.271666e+00 2.514415e+00
1.283333e+00 2.608006e+00
1.295000e+00 2.685182e+00
1.306666e+00 2.744954e+00
1.318333e+00 2.786667e+00
1.329999e+00 2.809997e+00
1.341666e+00 2.814945e+00
1.353333e+00 2.801825e+00
1.364999e+00 2.771242e+00
1.376666e+00 2.724074e+00
1.388333e+00 2.661436e+00
1.399999e+00 2.584653e+00
1.411666e+00 2.495226e+00
1.423333e+00 2.394788e+00
1.434999e+00 2.285070e+00
1.446666e+00 2.167858e+00
1.458333e+00 2.044952e+00
1.469999e+00 1.918129e+00
1.481666e+00 1.789107e+00
1.493333e+00 1.659509e+00
1.504999e+00 1.530841e+00
1.516666e+00 1.404461e+00
1.528333e+00 1.281571e+00
1.539999e+00 1.163198e+00
1.551666e+00 1.050192e+00
1.563333e+00 9.432246e-01
1.574999e+00 8.427934e-01
1.586666e+00 7.492325e-01
1.598333e+00 6.627235e-01
1.609999e+00 5.833115e-01
1.621666e+00 5.109212e-01
1.633333e+00 4.453756e-01
1.644999e+00 3.864141e-01
1.656666e+00 3.337097e-01
1.668333e+00 2.868865e-01
1.679999e+00 2.455350e-01
1.691666e+00 2.092261e-01
1.703333e+00 1.775229e-01
1.714999e+00 1.499915e-01
1.726666e+00 1.262091e-01
1.738333e+00 1.057703e-01
1.749999e+00 8.829253e-02
1.761666e+00 7.341907e-02
1.773333e+00 6.082136e-02
1.784999e+00 5.019993e-02
1.796666e+00 4.128450e-02
1.808333e+00 3.383332e-02
1.819999e+00 2.763201e-02
1.831666e+00 2.249194e-02
1.843333e+00 1.824835e-02
1.854999e+00 1.475835e-02
1.866666e+00 1.189885e-02
1.878333e+00 9.564429e-03
1.889999e+00 7.665392e-03
1.901666e+00 6.125823e-03
1.913333e+00 4.881824e-03
1.924999e+00 3.879895e-03
1.936666e+00 3.075460e-03
1.948333e+00 2.431552e-03
1.959999e+00 1.917661e-03
1.971666e+00 1.508707e-03
1.983333e+00 1.184165e-03
1.994999e+00 9.273078e-04
2.006666e+00 7.245496e-04
2.018333e+00 5.649019e-04
2.029999e+00 4.395077e-04
2.041666e+00 3.412522e-04
2.053333e+00 2.644397e-04
2.064999e+00 2.045249e-04
2.076666e+00 1.578917e-04
2.088333e+00 1.216721e-04
2.099999e+00 9.359787e-05
2.111666e+00 7.188002e-05
2.123333e+00 5.511136e-05
2.134999e+00 4.218788e-05
2.146666e+00 3.224560e-05
2.158333e+00 2.460999e-05
2.169999e+00 1.875566e-05
2.181666e+00 1.427427e-05
2.193332e+00 1.084918e-05
2.204999e+00 8.235352e-06
2.216666e+00 6.243508e-06
2.228332e+00 4.727764e-06
2.239999e+00 3.575880e-06
2.251666e+00 2.701645e-06
2.263332e+00 2.038966e-06
2.274999e+00 1.537254e-06
2.286666e+00 1.157850e-06
2.298332e+00 8.712595e-07
2.309999e+00 6.550091e-07
2.321666e+00 4.920032e-07
2.333332e+00 3.692541e-07
2.344999e+00 2.769075e-07
2.356666e+00 2.074968e-07
2.368332e+00 1.553710e-07
2.379999e+00 1.162585e-07
2.391666e+00 8.693409e-08
2.403332e+00 6.496503e-08
2.414999e+00 4.851843e-08
2.426666e+00 3.621468e-08
2.438332e+00 2.701633e-08
2.449999e+00 2.014392e-08
2.461666e+00 1.501240e-08
2.473332e+00 1.118296e-08
2.484999e+00 8.326748e-09
2.496666e+00 6.197516e-09
2.508332e+00 4.610994e-09
2.519999e+00 3.429392e-09
2.531666e+00 2.549739e-09
2.543332e+00 1.895140e-09
2.554999e+00 1.408197e-09
2.566666e+00 1.046098e-09
2.578332e+00 7.769227e-10
2.589999e+00 5.768849e-10
2.601666e+00 4.282680e-10
2.613332e+00 3.178822e-10
2.624999e+00 2.359119e-10
2.636666e+00 1.750552e-10
2.648332e+00 1.298823e-10
2.659999e+00 9.635704e-11
2.671666e+00 7.147972e-11
2.683332e+00 5.302205e-11
2.694999e+00 3.932889e-11
2.706666e+00 2.917133e-11
2.718332e+00 2.163697e-11
2.729999e+00 1.604870e-11
2.741666e+00 1.190402e-11
2.753332e+00 8.830109e-12
2.764999e+00 6.550293e-12
2.776666e+00 4.859436e-12
2.788332e+00 3.605372e-12
2.799999e+00 2.675151e-12
2.811666e+00 1.985203e-12
2.823332e+00 1.473402e-12
2.834999e+00 1.093643e-12
2.846666e+00 8.119352e-13
2.858332e+00 6.028459e-13
2.869999e+00 4.476994e-13
2.881666e+00 3.325582e-13
2.893332e+00 2.470798e-13
2.904999e+00 1.835959e-13
2.916666e+00 1.364443e-13
2.928332e+00 1.014511e-13
2.939999e+00 7.543760e-14
2.951666e+00 5.609463e-14
2.963332e+00 4.172499e-14
2.974999e+00 3.105903e-14
2.986666e+00 2.313158e-14
2.998332e+00 1.721725e-14
3.009999e+00 1.281653e-14
3.021666e+00 9.551455e-15
3.033332e+00 7.133152e-15
3.044999e+00 5.313897e-15
3.056665e+00 3.954186e-15
3.068332e+00 2.953709e-15
3.079999e+00 2.195513e-15
3.091665e+00 1.651967e-15
3.103332e+00 1.235249e-15
3.114999e+00 9.187921e-16
3.126665e+00 6.743659e-16
3.138332e+00 5.042673e-16
3.149999e+00 3.707893e-16
3.161665e+00 2.725523e-16
3.173332e+00 2.107932e-16
3.184999e+00 1.449522e-16
3.196665e+00 1.163421e-16
3.208332e+00 8.576149e-17
3.219999e+00 5.599368e-17
3.231665e+00 5.523804e-17
3.243332e+00 2.713305e-17
3.254999e+00 2.668357e-17
3.266665e+00 2.622789e-17
3.278332e+00 2.578005e-17
3.289999e+00 -1.843812e-19
3.301665e+00 -6.710667e-31
3.313332e+00 -2.442389e-42
3.324999e+00 -8.889223e-54
3.336665e+00 -3.235287e-65
3.348332e+00 -1.177503e-76
3.359999e+00 -4.285593e-88
3.371665e+00 -1.559768e-99
3.383332e+00 -5.676871e-111
3.394999e+00 -2.066132e-122
3.406665e+00 -7.519815e-134
3.418332e+00 -2.736883e-145
3.429999e+00 -9.961053e-157
3.441665e+00 -3.625386e-168
3.453332e+00 -1.319482e-179
3.464999e+00 -4.802334e-191
3.476665e+00 -1.747839e-202
3.488332e+00 -6.361368e-214
3.499999e+00 0.000000e+00
