1.000000e-02 0.000000e+00
1.496667e-02 0.000000e+00
1.993333e-02 0.000000e+00
2.490000e-02 0.000000e+00
2.986667e-02 0.000000e+00
3.483333e-02 0.000000e+00
3.980000e-02 0.000000e+00
4.476667e-02 0.000000e+00
4.973333e-02 0.000000e+00
5.470000e-02 0.000000e+00
5.966667e-02 0.000000e+00
6.463333e-02 0.000000e+00
6.960000e-02 0.000000e+00
7.456667e-02 0.000000e+00
7.953333e-02 0.000000e+00
8.450000e-02 0.000000e+00
8.946667e-02 0.000000e+00
9.443333e-02 0.000000e+00
9.940000e-02 0.000000e+00
1.043667e-01 0.000000e+00
1.093333e-01 0.000000e+00
1.143000e-01 0.000000e+00
1.192667e-01 0.000000e+00
1.242333e-01 0.000000e+00
1.292000e-01 0.000000e+00
1.341667e-01 0.000000e+00
1.391333e-01 0.000000e+00
1.441000e-01 0.000000e+00
1.490667e-01 0.000000e+00
1.540333e-01 0.000000e+00
1.590000e-01 0.000000e+00
1.639667e-01 0.000000e+00
1.689333e-01 0.000000e+00
1.739000e-01 0.000000e+00
1.788667e-01 0.000000e+00
1.838333e-01 0.000000e+00
1.888000e-01 0.000000e+00
1.937667e-01 0.000000e+00
1.987333e-01 0.000000e+00
2.037000e-01 0.000000e+00
2.086667e-01 0.000000e+00
2.136333e-01 0.000000e+00
2.186000e-01 0.000000e+00
2.235667e-01 0.000000e+00
2.285333e-01 0.000000e+00
2.335000e-01 0.000000e+00
2.384667e-01 0.000000e+00
2.434333e-01 0.000000e+00
2.484000e-01 0.000000e+00
2.533667e-01 0.000000e+00
2.583333e-01 0.000000e+00
2.633000e-01 0.000000e+00
2.682667e-01 0.000000e+00
2.732333e-01 0.000000e+00
2.782000e-01 0.000000e+00
2.831667e-01 0.000000e+00
2.881333e-01 0.000000e+00
2.931000e-01 0.000000e+00
2.980667e-01 -1.544882e-315
3.030333e-01 -4.244693e-304
3.080000e-01 -1.166265e-292
3.129667e-01 -3.204411e-281
3.179333e-01 -8.804388e-270
3.229000e-01 -2.419079e-258
3.278667e-01 -6.646623e-247
3.328333e-01 -1.826215e-235
3.378000e-01 -5.017680e-224
3.427667e-01 -1.378650e-212
3.477333e-01 -3.787955e-201
3.527000e-01 -1.040772e-189
3.576667e-01 -2.859610e-178
3.626333e-01 -7.857017e-167
3.676000e-01 -2.158781e-155
3.725667e-01 -5.931433e-144
3.775333e-01 -1.629711e-132
3.825000e-01 -4.477767e-121
3.874667e-01 -1.230304e-109
3.924333e-01 -3.380364e-98
3.974000e-01 -9.287832e-87
4.023667e-01 -2.551910e-75
4.073333e-01 -7.011586e-64
4.123000e-01 -1.926492e-52
4.172667e-01 -5.293198e-41
4.222333e-01 -1.454351e-29
4.272000e-01 -3.995950e-18
4.321667e-01 4.246276e-15
4.371333e-01 8.128573e-14
4.421000e-01 1.369829e-12
4.470667e-01 2.019209e-11
4.520333e-01 2.519233e-10
4.570000e-01 2.756166e-09
4.619667e-01 2.571078e-08
4.669333e-01 2.116305e-07
4.719000e-01 1.492465e-06
4.768667e-01 9.210802e-06
4.818333e-01 5.049922e-05
4.868000e-01 2.402741e-04
4.917667e-01 1.020810e-03
4.967333e-01 3.791479e-03
5.017000e-01 1.257372e-02
5.066667e-01 3.713564e-02
5.116333e-01 9.751264e-02
5.166000e-01 2.320984e-01
5.215667e-01 4.926476e-01
5.265333e-01 9.549261e-01
5.315000e-01 1.667433e+00
5.364667e-01 2.659164e+00
5.414333e-01 3.939631e+00
5.464000e-01 5.355588e+00
5.513667e-01 6.846146e+00
5.563333e-01 8.178094e+00
5.613000e-01 9.347563e+00
5.662667e-01 1.018771e+01
5.712333e-01 1.076456e+01
5.762000e-01 1.118616e+01
5.811667e-01 1.138740e+01
5.861333e-01 1.154222e+01
5.911000e-01 1.156461e+01
5.960667e-01 1.157205e+01
6.010333e-01 1.144319e+01
6.060000e-01 1.118728e+01
6.109667e-01 1.079015e+01
6.159333e-01 1.011476e+01
6.209000e-01 9.204252e+00
6.258667e-01 8.016163e+00
6.308333e-01 6.670058e+00
6.358000e-01 5.243109e+00
6.407667e-01 3.883429e+00
6.457333e-01 2.704394e+00
6.507000e-01 1.758975e+00
6.556667e-01 1.069579e+00
6.606333e-01 6.056398e-01
6.656000e-01 3.196883e-01
6.705667e-01 1.570298e-01
6.755333e-01 7.181483e-02
6.805000e-01 3.058929e-02
6.854667e-01 1.213606e-02
6.904333e-01 4.486117e-03
6.954000e-01 1.547235e-03
7.003667e-01 4.975878e-04
7.053333e-01 1.496426e-04
7.103000e-01 4.207097e-05
7.152667e-01 1.105329e-05
7.202333e-01 2.723846e-06
7.252000e-01 6.281668e-07
7.301667e-01 1.362058e-07
7.351333e-01 2.767318e-08
7.401000e-01 5.301889e-09
7.450667e-01 9.558852e-10
7.500333e-01 1.619324e-10
7.550000e-01 2.594308e-11
7.599667e-01 3.911164e-12
7.649333e-01 5.593720e-13
7.699000e-01 7.501482e-14
7.748667e-01 9.748046e-15
7.798333e-01 1.293858e-15
7.848000e-01 4.774601e-24
7.897667e-01 1.737745e-35
7.947333e-01 6.324630e-47
7.997000e-01 2.301888e-58
8.046667e-01 8.377863e-70
8.096333e-01 3.049175e-81
8.146000e-01 1.109766e-92
8.195667e-01 4.039061e-104
8.245333e-01 1.470041e-115
8.295000e-01 5.350304e-127
8.344667e-01 1.947276e-138
8.394333e-01 7.087231e-150
8.444000e-01 2.579441e-161
8.493667e-01 9.388035e-173
8.543333e-01 3.416833e-184
8.593000e-01 1.243577e-195
8.642667e-01 4.526076e-207
8.692333e-01 1.647293e-218
8.742000e-01 5.995424e-230
8.791667e-01 2.182072e-241
8.841333e-01 7.941783e-253
8.891000e-01 2.890461e-264
8.940667e-01 1.052001e-275
8.990333e-01 3.828822e-287
9.040000e-01 1.393523e-298
9.089667e-01 5.071814e-310
9.139333e-01 1.847806e-321
9.189000e-01 0.000000e+00
9.238667e-01 0.000000e+00
9.288333e-01 0.000000e+00
9.338000e-01 0.000000e+00
9.387667e-01 0.000000e+00
9.437333e-01 0.000000e+00
9.487000e-01 0.000000e+00
9.536667e-01 0.000000e+00
9.586333e-01 0.000000e+00
9.636000e-01 0.000000e+00
9.685667e-01 0.000000e+00
9.735333e-01 0.000000e+00
9.785000e-01 0.000000e+00
9.834667e-01 0.000000e+00
9.884333e-01 0.000000e+00
9.934000e-01 0.000000e+00
9.983667e-01 0.000000e+00
1.003333e+00 0.000000e+00
1.008300e+00 0.000000e+00
1.013267e+00 0.000000e+00
1.018233e+00 0.000000e+00
1.023200e+00 0.000000e+00
1.028167e+00 0.000000e+00
1.033133e+00 0.000000e+00
1.038100e+00 0.000000e+00
1.043067e+00 0.000000e+00
1.048033e+00 0.000000e+00
1.053000e+00 0.000000e+00
1.057967e+00 0.000000e+00
1.062933e+00 0.000000e+00
1.067900e+00 0.000000e+00
1.072867e+00 0.000000e+00
1.077833e+00 0.000000e+00
1.082800e+00 0.000000e+00
1.087767e+00 0.000000e+00
1.092733e+00 0.000000e+00
1.097700e+00 0.000000e+00
1.102667e+00 0.000000e+00
1.107633e+00 0.000000e+00
1.112600e+00 0.000000e+00
1.117567e+00 0.000000e+00
1.122533e+00 0.000000e+00
1.127500e+00 0.000000e+00
1.132467e+00 0.000000e+00
1.137433e+00 0.000000e+00
1.142400e+00 0.000000e+00
1.147367e+00 0.000000e+00
1.152333e+00 0.000000e+00
1.157300e+00 0.000000e+00
1.162267e+00 0.000000e+00
1.167233e+00 0.000000e+00
1.172200e+00 0.000000e+00
1.177167e+00 0.000000e+00
1.182133e+00 0.000000e+00
1.187100e+00 0.000000e+00
1.192067e+00 0.000000e+00
1.197033e+00 0.000000e+00
1.202000e+00 0.000000e+00
1.206967e+00 0.000000e+00
1.211933e+00 0.000000e+00
1.216900e+00 0.000000e+00
1.221867e+00 0.000000e+00
1.226833e+00 0.000000e+00
1.231800e+00 0.000000e+00
1.236767e+00 0.000000e+00
1.241733e+00 0.000000e+00
1.246700e+00 0.000000e+00
1.251667e+00 0.000000e+00
1.256633e+00 0.000000e+00
1.261600e+00 0.000000e+00
1.266567e+00 0.000000e+00
1.271533e+00 0.000000e+00
1.276500e+00 0.000000e+00
1.281467e+00 0.000000e+00
1.286433e+00 0.000000e+00
1.291400e+00 0.000000e+00
1.296367e+00 0.000000e+00
1.301333e+00 0.000000e+00
1.306300e+00 0.000000e+00
1.311267e+00 0.000000e+00
1.316233e+00 0.000000e+00
1.321200e+00 0.000000e+00
1.326167e+00 0.000000e+00
1.331133e+00 0.000000e+00
1.336100e+00 0.000000e+00
1.341067e+00 0.000000e+00
1.346033e+00 0.000000e+00
1.351000e+00 0.000000e+00
1.355967e+00 0.000000e+00
1.360933e+00 0.000000e+00
1.365900e+00 0.000000e+00
1.370867e+00 0.000000e+00
1.375833e+00 0.000000e+00
1.380800e+00 0.000000e+00
1.385767e+00 0.000000e+00
1.390733e+00 0.000000e+00
1.395700e+00 0.000000e+00
1.400667e+00 0.000000e+00
1.405633e+00 0.000000e+00
1.410600e+00 0.000000e+00
1.415567e+00 0.000000e+00
1.420533e+00 0.000000e+00
1.425500e+00 0.000000e+00
1.430467e+00 0.000000e+00
1.435433e+00 0.000000e+00
1.440400e+00 0.000000e+00
1.445367e+00 0.000000e+00
1.450333e+00 0.000000e+00
1.455300e+00 0.000000e+00
1.460267e+00 0.000000e+00
1.465233e+00 0.000000e+00
1.470200e+00 0.000000e+00
1.475167e+00 0.000000e+00
1.480133e+00 0.000000e+00
1.485100e+00 0.000000e+00
1.490067e+00 0.000000e+00
1.495033e+00 0.000000e+00
1.500000e+00 0.000000e+00
