1.000000e-02 0.000000e+00
1.496667e-02 0.000000e+00
1.993333e-02 0.000000e+00
2.490000e-02 0.000000e+00
2.986667e-02 0.000000e+00
3.483333e-02 0.000000e+00
3.980000e-02 0.000000e+00
4.476667e-02 0.000000e+00
4.973333e-02 0.000000e+00
5.470000e-02 0.000000e+00
5.966667e-02 0.000000e+00
6.463333e-02 0.000000e+00
6.960000e-02 0.000000e+00
7.456667e-02 0.000000e+00
7.953333e-02 0.000000e+00
8.450000e-02 0.000000e+00
8.946667e-02 0.000000e+00
9.443333e-02 0.000000e+00
9.940000e-02 0.000000e+00
1.043667e-01 0.000000e+00
1.093333e-01 0.000000e+00
1.143000e-01 0.000000e+00
1.192667e-01 0.000000e+00
1.242333e-01 0.000000e+00
1.292000e-01 0.000000e+00
1.341667e-01 0.000000e+00
1.391333e-01 0.000000e+00
1.441000e-01 0.000000e+00
1.490667e-01 0.000000e+00
1.540333e-01 0.000000e+00
1.590000e-01 0.000000e+00
1.639667e-01 0.000000e+00
1.689333e-01 0.000000e+00
1.739000e-01 0.000000e+00
1.788667e-01 0.000000e+00
1.838333e-01 0.000000e+00
1.888000e-01 0.000000e+00
1.937667e-01 0.000000e+00
1.987333e-01 0.000000e+00
2.037000e-01 0.000000e+00
2.086667e-01 0.000000e+00
2.136333e-01 0.000000e+00
2.186000e-01 0.000000e+00
2.235667e-01 0.000000e+00
2.285333e-01 0.000000e+00
2.335000e-01 0.000000e+00
2.384667e-01 0.000000e+00
2.434333e-01 0.000000e+00
2.484000e-01 0.000000e+00
2.533667e-01 0.000000e+00
2.583333e-01 0.000000e+00
2.633000e-01 0.000000e+00
2.682667e-01 0.000000e+00
2.732333e-01 0.000000e+00
2.782000e-01 0.000000e+00
2.831667e-01 0.000000e+00
2.881333e-01 0.000000e+00
2.931000e-01 0.000000e+00
2.980667e-01 0.000000e+00
3.030333e-01 0.000000e+00
3.080000e-01 0.000000e+00
3.129667e-01 0.000000e+00
3.179333e-01 0.000000e+00
3.229000e-01 0.000000e+00
3.278667e-01 0.000000e+00
3.328333e-01 0.000000e+00
3.378000e-01 0.000000e+00
3.427667e-01 0.000000e+00
3.477333e-01 0.000000e+00
3.527000e-01 0.000000e+00
3.576667e-01 0.000000e+00
3.626333e-01 0.000000e+00
3.676000e-01 0.000000e+00
3.725667e-01 0.000000e+00
3.775333e-01 6.382378e-315
3.825000e-01 1.753612e-303
3.874667e-01 4.818195e-292
3.924333e-01 1.323840e-280
3.974000e-01 3.637360e-269
4.023667e-01 9.993952e-258
4.073333e-01 2.745922e-246
4.123000e-01 7.544651e-235
4.172667e-01 2.072956e-223
4.222333e-01 5.695621e-212
4.272000e-01 1.564920e-200
4.321667e-01 4.299748e-189
4.371333e-01 1.181392e-177
4.421000e-01 3.245973e-166
4.470667e-01 8.918582e-155
4.520333e-01 2.450455e-143
4.570000e-01 6.732831e-132
4.619667e-01 1.849902e-120
4.669333e-01 5.082760e-109
4.719000e-01 1.396531e-97
4.768667e-01 3.837086e-86
4.818333e-01 1.054272e-74
4.868000e-01 2.896699e-63
4.917667e-01 7.958924e-52
4.967333e-01 2.186781e-40
5.017000e-01 6.008365e-29
5.066667e-01 1.650849e-17
5.116333e-01 4.020614e-15
5.166000e-01 7.092924e-14
5.215667e-01 1.053522e-12
5.265333e-01 1.369417e-11
5.315000e-01 1.540436e-10
5.364667e-01 1.516264e-09
5.414333e-01 1.324230e-08
5.464000e-01 1.008872e-07
5.513667e-01 6.836309e-07
5.563333e-01 4.069494e-06
5.613000e-01 2.164087e-05
5.662667e-01 1.017071e-04
5.712333e-01 4.264759e-04
5.762000e-01 1.608341e-03
5.811667e-01 5.408752e-03
5.861333e-01 1.644299e-02
5.911000e-01 4.485431e-02
5.960667e-01 1.111838e-01
6.010333e-01 2.490187e-01
6.060000e-01 5.078859e-01
6.109667e-01 9.504439e-01
6.159333e-01 1.626234e+00
6.209000e-01 2.573289e+00
6.258667e-01 3.761497e+00
6.308333e-01 5.136920e+00
6.358000e-01 6.563769e+00
6.407667e-01 7.923584e+00
6.457333e-01 9.124468e+00
6.507000e-01 1.006976e+01
6.556667e-01 1.077342e+01
6.606333e-01 1.123512e+01
6.656000e-01 1.152257e+01
6.705667e-01 1.166849e+01
6.755333e-01 1.171377e+01
6.805000e-01 1.167149e+01
6.854667e-01 1.152440e+01
6.904333e-01 1.123525e+01
6.954000e-01 1.076668e+01
7.003667e-01 1.006358e+01
7.053333e-01 9.130113e+00
7.103000e-01 7.976285e+00
7.152667e-01 6.659922e+00
7.202333e-01 5.300842e+00
7.252000e-01 3.991316e+00
7.301667e-01 2.843645e+00
7.351333e-01 1.903574e+00
7.401000e-01 1.201359e+00
7.450667e-01 7.116934e-01
7.500333e-01 3.944278e-01
7.550000e-01 2.055290e-01
7.599667e-01 1.000833e-01
7.649333e-01 4.583691e-02
7.699000e-01 1.965149e-02
7.748667e-01 7.903393e-03
7.798333e-01 2.988857e-03
7.848000e-01 1.057312e-03
7.897667e-01 3.529075e-04
7.947333e-01 1.102948e-04
7.997000e-01 3.258486e-05
8.046667e-01 9.071422e-06
8.096333e-01 2.367278e-06
8.146000e-01 5.858660e-07
8.195667e-01 1.362094e-07
8.245333e-01 3.008096e-08
8.295000e-01 6.249103e-09
8.344667e-01 1.235712e-09
8.394333e-01 2.314842e-10
8.444000e-01 4.089173e-11
8.493667e-01 6.894714e-12
8.543333e-01 1.097637e-12
8.593000e-01 1.672803e-13
8.642667e-01 2.348688e-14
8.692333e-01 3.838913e-15
8.742000e-01 -8.955235e-18
8.791667e-01 -3.259313e-29
8.841333e-01 -1.186247e-40
8.891000e-01 -4.317418e-52
8.940667e-01 -1.571351e-63
8.990333e-01 -5.719028e-75
9.040000e-01 -2.081475e-86
9.089667e-01 -7.575658e-98
9.139333e-01 -2.757207e-109
9.189000e-01 -1.003502e-120
9.238667e-01 -3.652309e-132
9.288333e-01 -1.329280e-143
9.338000e-01 -4.837997e-155
9.387667e-01 -1.760819e-166
9.437333e-01 -6.408608e-178
9.487000e-01 -2.332452e-189
9.536667e-01 -8.489103e-201
9.586333e-01 -3.089661e-212
9.636000e-01 -1.124501e-223
9.685667e-01 -4.092691e-235
9.735333e-01 -1.489560e-246
9.785000e-01 -5.421345e-258
9.834667e-01 -1.973132e-269
9.884333e-01 -7.181334e-281
9.934000e-01 -2.613691e-292
9.983667e-01 -9.512688e-304
1.003333e+00 -3.462201e-315
1.008300e+00 0.000000e+00
1.013267e+00 0.000000e+00
1.018233e+00 0.000000e+00
1.023200e+00 0.000000e+00
1.028167e+00 0.000000e+00
1.033133e+00 0.000000e+00
1.038100e+00 0.000000e+00
1.043067e+00 0.000000e+00
1.048033e+00 0.000000e+00
1.053000e+00 0.000000e+00
1.057967e+00 0.000000e+00
1.062933e+00 0.000000e+00
1.067900e+00 0.000000e+00
1.072867e+00 0.000000e+00
1.077833e+00 0.000000e+00
1.082800e+00 0.000000e+00
1.087767e+00 0.000000e+00
1.092733e+00 0.000000e+00
1.097700e+00 0.000000e+00
1.102667e+00 0.000000e+00
1.107633e+00 0.000000e+00
1.112600e+00 0.000000e+00
1.117567e+00 0.000000e+00
1.122533e+00 0.000000e+00
1.127500e+00 0.000000e+00
1.132467e+00 0.000000e+00
1.137433e+00 0.000000e+00
1.142400e+00 0.000000e+00
1.147367e+00 0.000000e+00
1.152333e+00 0.000000e+00
1.157300e+00 0.000000e+00
1.162267e+00 0.000000e+00
1.167233e+00 0.000000e+00
1.172200e+00 0.000000e+00
1.177167e+00 0.000000e+00
1.182133e+00 0.000000e+00
1.187100e+00 0.000000e+00
1.192067e+00 0.000000e+00
1.197033e+00 0.000000e+00
1.202000e+00 0.000000e+00
1.206967e+00 0.000000e+00
1.211933e+00 0.000000e+00
1.216900e+00 0.000000e+00
1.221867e+00 0.000000e+00
1.226833e+00 0.000000e+00
1.231800e+00 0.000000e+00
1.236767e+00 0.000000e+00
1.241733e+00 0.000000e+00
1.246700e+00 0.000000e+00
1.251667e+00 0.000000e+00
1.256633e+00 0.000000e+00
1.261600e+00 0.000000e+00
1.266567e+00 0.000000e+00
1.271533e+00 0.000000e+00
1.276500e+00 0.000000e+00
1.281467e+00 0.000000e+00
1.286433e+00 0.000000e+00
1.291400e+00 0.000000e+00
1.296367e+00 0.000000e+00
1.301333e+00 0.000000e+00
1.306300e+00 0.000000e+00
1.311267e+00 0.000000e+00
1.316233e+00 0.000000e+00
1.321200e+00 0.000000e+00
1.326167e+00 0.000000e+00
1.331133e+00 0.000000e+00
1.336100e+00 0.000000e+00
1.341067e+00 0.000000e+00
1.346033e+00 0.000000e+00
1.351000e+00 0.000000e+00
1.355967e+00 0.000000e+00
1.360933e+00 0.000000e+00
1.365900e+00 0.000000e+00
1.370867e+00 0.000000e+00
1.375833e+00 0.000000e+00
1.380800e+00 0.000000e+00
1.385767e+00 0.000000e+00
1.390733e+00 0.000000e+00
1.395700e+00 0.000000e+00
1.400667e+00 0.000000e+00
1.405633e+00 0.000000e+00
1.410600e+00 0.000000e+00
1.415567e+00 0.000000e+00
1.420533e+00 0.000000e+00
1.425500e+00 0.000000e+00
1.430467e+00 0.000000e+00
1.435433e+00 0.000000e+00
1.440400e+00 0.000000e+00
1.445367e+00 0.000000e+00
1.450333e+00 0.000000e+00
1.455300e+00 0.000000e+00
1.460267e+00 0.000000e+00
1.465233e+00 0.000000e+00
1.470200e+00 0.000000e+00
1.475167e+00 0.000000e+00
1.480133e+00 0.000000e+00
1.485100e+00 0.000000e+00
1.490067e+00 0.000000e+00
1.495033e+00 0.000000e+00
1.500000e+00 0.000000e+00
