0.000000e+00 0.000000e+00
1.166666e-02 2.180903e-29
2.333332e-02 7.989566e-18
3.499999e-02 1.674876e-16
4.666665e-02 3.285647e-15
5.833331e-02 4.942794e-14
6.999997e-02 5.981750e-13
8.166664e-02 6.023183e-12
9.333330e-02 5.153674e-11
1.050000e-01 3.805956e-10
1.166666e-01 2.455998e-09
1.283333e-01 1.399137e-08
1.399999e-01 7.098576e-08
1.516666e-01 3.232227e-07
1.633333e-01 1.329938e-06
1.749999e-01 4.975678e-06
1.866666e-01 1.702240e-05
1.983333e-01 5.352995e-05
2.099999e-01 1.554788e-04
2.216666e-01 4.189757e-04
2.333332e-01 1.051879e-03
2.449999e-01 2.470042e-03
2.566666e-01 5.445080e-03
2.683332e-01 1.130766e-02
2.799999e-01 2.219387e-02
2.916666e-01 4.129817e-02
3.033332e-01 7.307015e-02
3.149999e-01 1.232730e-01
3.266665e-01 1.988192e-01
3.383332e-01 3.073229e-01
3.499999e-01 4.563553e-01
3.616665e-01 6.524562e-01
3.733332e-01 9.000203e-01
3.849999e-01 1.200226e+00
3.966665e-01 1.550190e+00
4.083332e-01 1.942518e+00
4.199998e-01 2.365350e+00
4.316665e-01 2.802944e+00
4.433332e-01 3.236740e+00
4.549998e-01 3.646796e+00
4.666665e-01 4.013405e+00
4.783332e-01 4.318729e+00
4.899998e-01 4.548239e+00
5.016665e-01 4.691822e+00
5.133331e-01 4.744442e+00
5.249998e-01 4.706319e+00
5.366665e-01 4.582620e+00
5.483331e-01 4.382752e+00
5.599998e-01 4.119355e+00
5.716664e-01 3.807121e+00
5.833331e-01 3.461585e+00
5.949998e-01 3.098004e+00
6.066664e-01 2.730417e+00
6.183331e-01 2.370952e+00
6.299998e-01 2.029389e+00
6.416664e-01 1.712992e+00
6.533331e-01 1.426556e+00
6.649997e-01 1.172622e+00
6.766664e-01 9.518171e-01
6.883331e-01 7.632412e-01
6.999997e-01 6.048774e-01
7.116664e-01 4.739704e-01
7.233331e-01 3.673594e-01
7.349997e-01 2.817486e-01
7.466664e-01 2.139115e-01
7.583330e-01 1.608331e-01
7.699997e-01 1.197980e-01
7.816664e-01 8.843338e-02
7.933330e-01 6.471891e-02
8.049997e-01 4.697279e-02
8.166664e-01 3.382280e-02
8.283330e-01 2.416933e-02
8.399997e-01 1.714553e-02
8.516663e-01 1.207827e-02
8.633330e-01 8.451953e-03
8.749997e-01 5.876733e-03
8.866663e-01 4.061300e-03
8.983330e-01 2.790386e-03
9.099997e-01 1.906556e-03
9.216663e-01 1.295786e-03
9.333330e-01 8.762425e-04
9.449996e-01 5.896950e-04
9.566663e-01 3.950430e-04
9.683330e-01 2.634956e-04
9.799996e-01 1.750287e-04
9.916663e-01 1.158093e-04
1.003333e+00 7.634224e-05
1.015000e+00 5.014859e-05
1.026666e+00 3.283277e-05
1.038333e+00 2.142846e-05
1.050000e+00 1.394395e-05
1.061666e+00 9.048284e-06
1.073333e+00 5.856035e-06
1.085000e+00 3.780656e-06
1.096666e+00 2.435137e-06
1.108333e+00 1.565079e-06
1.120000e+00 1.003848e-06
1.131666e+00 6.426546e-07
1.143333e+00 4.106986e-07
1.155000e+00 2.620355e-07
1.166666e+00 1.669329e-07
1.178333e+00 1.061988e-07
1.190000e+00 6.747506e-08
1.201666e+00 4.282137e-08
1.213333e+00 2.714673e-08
1.225000e+00 1.719328e-08
1.236666e+00 1.087995e-08
1.248333e+00 6.879597e-09
1.260000e+00 4.347174e-09
1.271666e+00 2.745346e-09
1.283333e+00 1.732886e-09
1.295000e+00 1.093355e-09
1.306666e+00 6.896119e-10
1.318333e+00 4.348441e-10
1.329999e+00 2.741443e-10
1.341666e+00 1.728112e-10
1.353333e+00 1.089285e-10
1.364999e+00 6.866176e-11
1.376666e+00 4.328346e-11
1.388333e+00 2.728899e-11
1.399999e+00 1.720824e-11
1.411666e+00 1.085410e-11
1.423333e+00 6.848053e-12
1.434999e+00 4.322109e-12
1.446666e+00 2.729076e-12
1.458333e+00 1.723913e-12
1.469999e+00 1.089467e-12
1.481666e+00 6.891563e-13
1.493333e+00 4.361158e-13
1.504999e+00 2.759654e-13
1.516666e+00 1.748105e-13
1.528333e+00 1.108808e-13
1.539999e+00 7.036297e-14
1.551666e+00 4.473008e-14
1.563333e+00 2.840232e-14
1.574999e+00 1.801288e-14
1.586666e+00 1.147035e-14
1.598333e+00 7.370820e-15
1.609999e+00 4.772927e-15
1.621666e+00 2.885275e-15
1.633333e+00 2.035006e-15
1.644999e+00 1.135802e-15
1.656666e+00 8.326741e-16
1.668333e+00 5.460969e-16
1.679999e+00 2.686494e-16
1.691666e+00 2.643139e-16
1.703333e+00 2.859568e-16
1.714999e+00 -1.307960e-27
1.726666e+00 -4.760399e-39
1.738333e+00 -1.732576e-50
1.749999e+00 -6.305818e-62
1.761666e+00 -2.295041e-73
1.773333e+00 -8.352944e-85
1.784999e+00 -3.040105e-96
1.796666e+00 -1.106465e-107
1.808333e+00 -4.027047e-119
1.819999e+00 -1.465669e-130
1.831666e+00 -5.334391e-142
1.843333e+00 -1.941484e-153
1.854999e+00 -7.066151e-165
1.866666e+00 -2.571769e-176
1.878333e+00 -9.360111e-188
1.889999e+00 -3.406670e-199
1.901666e+00 -1.239878e-210
1.913333e+00 -4.512614e-222
1.924999e+00 -1.642393e-233
1.936666e+00 -5.977592e-245
1.948333e+00 -2.175581e-256
1.959999e+00 -7.918161e-268
1.971666e+00 -2.881863e-279
1.983333e+00 -1.048872e-290
1.994999e+00 -3.817434e-302
2.006666e+00 -1.389378e-313
2.018333e+00 0.000000e+00
2.029999e+00 0.000000e+00
2.041666e+00 0.000000e+00
2.053333e+00 0.000000e+00
2.064999e+00 0.000000e+00
2.076666e+00 0.000000e+00
2.088333e+00 0.000000e+00
2.099999e+00 0.000000e+00
2.111666e+00 0.000000e+00
2.123333e+00 0.000000e+00
2.134999e+00 0.000000e+00
2.146666e+00 0.000000e+00
2.158333e+00 0.000000e+00
2.169999e+00 0.000000e+00
2.181666e+00 0.000000e+00
2.193332e+00 0.000000e+00
2.204999e+00 0.000000e+00
2.216666e+00 0.000000e+00
2.228332e+00 0.000000e+00
2.239999e+00 0.000000e+00
2.251666e+00 0.000000e+00
2.263332e+00 0.000000e+00
2.274999e+00 0.000000e+00
2.286666e+00 0.000000e+00
2.298332e+00 0.000000e+00
2.309999e+00 0.000000e+00
2.321666e+00 0.000000e+00
2.333332e+00 0.000000e+00
2.344999e+00 0.000000e+00
2.356666e+00 0.000000e+00
2.368332e+00 0.000000e+00
2.379999e+00 0.000000e+00
2.391666e+00 0.000000e+00
2.403332e+00 0.000000e+00
2.414999e+00 0.000000e+00
2.426666e+00 0.000000e+00
2.438332e+00 0.000000e+00
2.449999e+00 0.000000e+00
2.461666e+00 0.000000e+00
2.473332e+00 0.000000e+00
2.484999e+00 0.000000e+00
2.496666e+00 0.000000e+00
2.508332e+00 0.000000e+00
2.519999e+00 0.000000e+00
2.531666e+00 0.000000e+00
2.543332e+00 0.000000e+00
2.554999e+00 0.000000e+00
2.566666e+00 0.000000e+00
2.578332e+00 0.000000e+00
2.589999e+00 0.000000e+00
2.601666e+00 0.000000e+00
2.613332e+00 0.000000e+00
2.624999e+00 0.000000e+00
2.636666e+00 0.000000e+00
2.648332e+00 0.000000e+00
2.659999e+00 0.000000e+00
2.671666e+00 0.000000e+00
2.683332e+00 0.000000e+00
2.694999e+00 0.000000e+00
2.706666e+00 0.000000e+00
2.718332e+00 0.000000e+00
2.729999e+00 0.000000e+00
2.741666e+00 0.000000e+00
2.753332e+00 0.000000e+00
2.764999e+00 0.000000e+00
2.776666e+00 0.000000e+00
2.788332e+00 0.000000e+00
2.799999e+00 0.000000e+00
2.811666e+00 0.000000e+00
2.823332e+00 0.000000e+00
2.834999e+00 0.000000e+00
2.846666e+00 0.000000e+00
2.858332e+00 0.000000e+00
2.869999e+00 0.000000e+00
2.881666e+00 0.000000e+00
2.893332e+00 0.000000e+00
2.904999e+00 0.000000e+00
2.916666e+00 0.000000e+00
2.928332e+00 0.000000e+00
2.939999e+00 0.000000e+00
2.951666e+00 0.000000e+00
2.963332e+00 0.000000e+00
2.974999e+00 0.000000e+00
2.986666e+00 0.000000e+00
2.998332e+00 0.000000e+00
3.009999e+00 0.000000e+00
3.021666e+00 0.000000e+00
3.033332e+00 0.000000e+00
3.044999e+00 0.000000e+00
3.056665e+00 0.000000e+00
3.068332e+00 0.000000e+00
3.079999e+00 0.000000e+00
3.091665e+00 0.000000e+00
3.103332e+00 0.000000e+00
3.114999e+00 0.000000e+00
3.126665e+00 0.000000e+00
3.138332e+00 0.000000e+00
3.149999e+00 0.000000e+00
3.161665e+00 0.000000e+00
3.173332e+00 0.000000e+00
3.184999e+00 0.000000e+00
3.196665e+00 0.000000e+00
3.208332e+00 0.000000e+00
3.219999e+00 0.000000e+00
3.231665e+00 0.000000e+00
3.243332e+00 0.000000e+00
3.254999e+00 0.000000e+00
3.266665e+00 0.000000e+00
3.278332e+00 0.000000e+00
3.289999e+00 0.000000e+00
3.301665e+00 0.000000e+00
3.313332e+00 0.000000e+00
3.324999e+00 0.000000e+00
3.336665e+00 0.000000e+00
3.348332e+00 0.000000e+00
3.359999e+00 0.000000e+00
3.371665e+00 0.000000e+00
3.383332e+00 0.000000e+00
3.394999e+00 0.000000e+00
3.406665e+00 0.000000e+00
3.418332e+00 0.000000e+00
3.429999e+00 0.000000e+00
3.441665e+00 0.000000e+00
3.453332e+00 0.000000e+00
3.464999e+00 0.000000e+00
3.476665e+00 0.000000e+00
3.488332e+00 0.000000e+00
3.499999e+00 0.000000e+00
