0.000000e+00 0.000000e+00
1.166666e-02 7.457059e-119
2.333332e-02 2.048890e-107
3.499999e-02 5.629496e-96
4.666665e-02 1.546751e-84
5.833331e-02 4.249828e-73
6.999997e-02 1.167676e-61
8.166664e-02 3.208288e-50
9.333330e-02 8.815039e-39
1.050000e-01 2.422006e-27
1.166666e-01 1.314694e-16
1.283333e-01 1.143204e-15
1.399999e-01 1.218255e-14
1.516666e-01 1.188650e-13
1.633333e-01 1.016112e-12
1.749999e-01 7.685931e-12
1.866666e-01 5.179888e-11
1.983333e-01 3.129843e-10
2.099999e-01 1.705358e-09
2.216666e-01 8.424318e-09
2.333332e-01 3.791969e-08
2.449999e-01 1.562624e-07
2.566666e-01 5.921474e-07
2.683332e-01 2.072074e-06
2.799999e-01 6.721910e-06
2.916666e-01 2.029131e-05
3.033332e-01 5.719909e-05
3.149999e-01 1.510709e-04
3.266665e-01 3.750271e-04
3.383332e-01 8.776926e-04
3.499999e-01 1.942066e-03
3.616665e-01 4.073907e-03
3.733332e-01 8.122907e-03
3.849999e-01 1.543262e-02
3.966665e-01 2.800406e-02
4.083332e-01 4.864441e-02
4.199998e-01 8.106037e-02
4.316665e-01 1.298487e-01
4.433332e-01 2.003402e-01
4.549998e-01 2.982690e-01
4.666665e-01 4.292653e-01
4.783332e-01 5.982058e-01
4.899998e-01 8.084878e-01
5.016665e-01 1.061322e+00
5.133331e-01 1.355147e+00
5.249998e-01 1.685268e+00
5.366665e-01 2.043783e+00
5.483331e-01 2.419847e+00
5.599998e-01 2.800247e+00
5.716664e-01 3.170258e+00
5.833331e-01 3.514668e+00
5.949998e-01 3.818881e+00
6.066664e-01 4.069983e+00
6.183331e-01 4.257649e+00
6.299998e-01 4.374824e+00
6.416664e-01 4.418106e+00
6.533331e-01 4.387825e+00
6.649997e-01 4.287824e+00
6.766664e-01 4.124980e+00
6.883331e-01 3.908544e+00
6.999997e-01 3.649366e+00
7.116664e-01 3.359090e+00
7.233331e-01 3.049393e+00
7.349997e-01 2.731318e+00
7.466664e-01 2.414753e+00
7.583330e-01 2.108071e+00
7.699997e-01 1.817927e+00
7.816664e-01 1.549206e+00
7.933330e-01 1.305099e+00
8.049997e-01 1.087268e+00
8.166664e-01 8.960723e-01
8.283330e-01 7.308262e-01
8.399997e-01 5.900632e-01
8.516663e-01 4.717833e-01
8.633330e-01 3.736711e-01
8.749997e-01 2.932781e-01
8.866663e-01 2.281659e-01
8.983330e-01 1.760100e-01
9.099997e-01 1.346701e-01
9.216663e-01 1.022306e-01
9.333330e-01 7.701806e-02
9.449996e-01 5.760080e-02
9.566663e-01 4.277681e-02
9.683330e-01 3.155359e-02
9.799996e-01 2.312402e-02
9.916663e-01 1.684078e-02
1.003333e+00 1.219139e-02
1.015000e+00 8.774875e-03
1.026666e+00 6.280967e-03
1.038333e+00 4.472073e-03
1.050000e+00 3.167988e-03
1.061666e+00 2.233283e-03
1.073333e+00 1.567038e-03
1.085000e+00 1.094658e-03
1.096666e+00 7.614215e-04
1.108333e+00 5.274752e-04
1.120000e+00 3.639895e-04
1.131666e+00 2.502434e-04
1.143333e+00 1.714345e-04
1.155000e+00 1.170491e-04
1.166666e+00 7.966041e-05
1.178333e+00 5.404920e-05
1.190000e+00 3.656571e-05
1.201666e+00 2.466951e-05
1.213333e+00 1.660008e-05
1.225000e+00 1.114251e-05
1.236666e+00 7.461669e-06
1.248333e+00 4.985691e-06
1.260000e+00 3.324337e-06
1.271666e+00 2.212213e-06
1.283333e+00 1.469406e-06
1.295000e+00 9.743123e-07
1.306666e+00 6.449757e-07
1.318333e+00 4.263075e-07
1.329999e+00 2.813721e-07
1.341666e+00 1.854642e-07
1.353333e+00 1.220960e-07
1.364999e+00 8.028698e-08
1.376666e+00 5.273869e-08
1.388333e+00 3.460918e-08
1.399999e+00 2.269170e-08
1.411666e+00 1.486590e-08
1.423333e+00 9.731893e-09
1.434999e+00 6.366752e-09
1.446666e+00 4.162787e-09
1.458333e+00 2.720361e-09
1.469999e+00 1.776945e-09
1.481666e+00 1.160259e-09
1.493333e+00 7.573493e-10
1.504999e+00 4.942253e-10
1.516666e+00 3.224526e-10
1.528333e+00 2.103504e-10
1.539999e+00 1.372086e-10
1.551666e+00 8.949595e-11
1.563333e+00 5.837551e-11
1.574999e+00 3.807894e-11
1.586666e+00 2.484198e-11
1.598333e+00 1.620868e-11
1.609999e+00 1.057810e-11
1.621666e+00 6.905094e-12
1.633333e+00 4.508680e-12
1.644999e+00 2.945017e-12
1.656666e+00 1.924225e-12
1.668333e+00 1.257719e-12
1.679999e+00 8.226294e-13
1.691666e+00 5.380920e-13
1.703333e+00 3.520424e-13
1.714999e+00 2.307148e-13
1.726666e+00 1.511341e-13
1.738333e+00 9.913611e-14
1.749999e+00 6.501927e-14
1.761666e+00 4.271423e-14
1.773333e+00 2.806030e-14
1.784999e+00 1.850177e-14
1.796666e+00 1.215083e-14
1.808333e+00 7.910607e-15
1.819999e+00 5.272851e-15
1.831666e+00 3.430583e-15
1.843333e+00 2.357660e-15
1.854999e+00 1.469127e-15
1.866666e+00 1.027635e-15
1.878333e+00 6.051419e-16
1.889999e+00 3.977491e-16
1.901666e+00 1.757536e-16
1.913333e+00 1.923275e-16
1.924999e+00 1.891367e-16
1.936666e+00 -9.714477e-20
1.948333e+00 -3.535644e-31
1.959999e+00 -1.286819e-42
1.971666e+00 -4.683457e-54
1.983333e+00 -1.704573e-65
1.994999e+00 -6.203898e-77
2.006666e+00 -2.257947e-88
2.018333e+00 -8.217936e-100
2.029999e+00 -2.990968e-111
2.041666e+00 -1.088581e-122
2.053333e+00 -3.961958e-134
2.064999e+00 -1.441979e-145
2.076666e+00 -5.248171e-157
2.088333e+00 -1.910104e-168
2.099999e+00 -6.951942e-180
2.111666e+00 -2.530202e-191
2.123333e+00 -9.208825e-203
2.134999e+00 -3.351608e-214
2.146666e+00 -1.219838e-225
2.158333e+00 -4.439677e-237
2.169999e+00 -1.615848e-248
2.181666e+00 -5.880977e-260
2.193332e+00 -2.140418e-271
2.204999e+00 -7.790181e-283
2.216666e+00 -2.835284e-294
2.228332e+00 -1.031919e-305
2.239999e+00 -3.755733e-317
2.251666e+00 0.000000e+00
2.263332e+00 0.000000e+00
2.274999e+00 0.000000e+00
2.286666e+00 0.000000e+00
2.298332e+00 0.000000e+00
2.309999e+00 0.000000e+00
2.321666e+00 0.000000e+00
2.333332e+00 0.000000e+00
2.344999e+00 0.000000e+00
2.356666e+00 0.000000e+00
2.368332e+00 0.000000e+00
2.379999e+00 0.000000e+00
2.391666e+00 0.000000e+00
2.403332e+00 0.000000e+00
2.414999e+00 0.000000e+00
2.426666e+00 0.000000e+00
2.438332e+00 0.000000e+00
2.449999e+00 0.000000e+00
2.461666e+00 0.000000e+00
2.473332e+00 0.000000e+00
2.484999e+00 0.000000e+00
2.496666e+00 0.000000e+00
2.508332e+00 0.000000e+00
2.519999e+00 0.000000e+00
2.531666e+00 0.000000e+00
2.543332e+00 0.000000e+00
2.554999e+00 0.000000e+00
2.566666e+00 0.000000e+00
2.578332e+00 0.000000e+00
2.589999e+00 0.000000e+00
2.601666e+00 0.000000e+00
2.613332e+00 0.000000e+00
2.624999e+00 0.000000e+00
2.636666e+00 0.000000e+00
2.648332e+00 0.000000e+00
2.659999e+00 0.000000e+00
2.671666e+00 0.000000e+00
2.683332e+00 0.000000e+00
2.694999e+00 0.000000e+00
2.706666e+00 0.000000e+00
2.718332e+00 0.000000e+00
2.729999e+00 0.000000e+00
2.741666e+00 0.000000e+00
2.753332e+00 0.000000e+00
2.764999e+00 0.000000e+00
2.776666e+00 0.000000e+00
2.788332e+00 0.000000e+00
2.799999e+00 0.000000e+00
2.811666e+00 0.000000e+00
2.823332e+00 0.000000e+00
2.834999e+00 0.000000e+00
2.846666e+00 0.000000e+00
2.858332e+00 0.000000e+00
2.869999e+00 0.000000e+00
2.881666e+00 0.000000e+00
2.893332e+00 0.000000e+00
2.904999e+00 0.000000e+00
2.916666e+00 0.000000e+00
2.928332e+00 0.000000e+00
2.939999e+00 0.000000e+00
2.951666e+00 0.000000e+00
2.963332e+00 0.000000e+00
2.974999e+00 0.000000e+00
2.986666e+00 0.000000e+00
2.998332e+00 0.000000e+00
3.009999e+00 0.000000e+00
3.021666e+00 0.000000e+00
3.033332e+00 0.000000e+00
3.044999e+00 0.000000e+00
3.056665e+00 0.000000e+00
3.068332e+00 0.000000e+00
3.079999e+00 0.000000e+00
3.091665e+00 0.000000e+00
3.103332e+00 0.000000e+00
3.114999e+00 0.000000e+00
3.126665e+00 0.000000e+00
3.138332e+00 0.000000e+00
3.149999e+00 0.000000e+00
3.161665e+00 0.000000e+00
3.173332e+00 0.000000e+00
3.184999e+00 0.000000e+00
3.196665e+00 0.000000e+00
3.208332e+00 0.000000e+00
3.219999e+00 0.000000e+00
3.231665e+00 0.000000e+00
3.243332e+00 0.000000e+00
3.254999e+00 0.000000e+00
3.266665e+00 0.000000e+00
3.278332e+00 0.000000e+00
3.289999e+00 0.000000e+00
3.301665e+00 0.000000e+00
3.313332e+00 0.000000e+00
3.324999e+00 0.000000e+00
3.336665e+00 0.000000e+00
3.348332e+00 0.000000e+00
3.359999e+00 0.000000e+00
3.371665e+00 0.000000e+00
3.383332e+00 0.000000e+00
3.394999e+00 0.000000e+00
3.406665e+00 0.000000e+00
3.418332e+00 0.000000e+00
3.429999e+00 0.000000e+00
3.441665e+00 0.000000e+00
3.453332e+00 0.000000e+00
3.464999e+00 0.000000e+00
3.476665e+00 0.000000e+00
3.488332e+00 0.000000e+00
3.499999e+00 0.000000e+00
