1.000000e-02 0.000000e+00
1.496667e-02 6.701425e-230
1.993333e-02 1.841273e-218
2.490000e-02 5.059051e-207
2.986667e-02 1.390017e-195
3.483333e-02 3.819187e-184
3.980000e-02 1.049354e-172
4.476667e-02 2.883187e-161
4.973333e-02 7.921798e-150
5.470000e-02 2.176581e-138
5.966667e-02 5.980337e-127
6.463333e-02 1.643148e-115
6.960000e-02 4.514686e-104
7.456667e-02 1.240448e-92
7.953333e-02 3.408235e-81
8.450000e-02 9.364411e-70
8.946667e-02 2.572950e-58
9.443333e-02 7.069397e-47
9.940000e-02 1.942376e-35
1.043667e-01 5.336841e-24
1.093333e-01 2.500255e-16
1.143000e-01 1.367687e-14
1.192667e-01 6.011689e-13
1.242333e-01 1.747627e-11
1.292000e-01 4.575005e-10
1.341667e-01 8.169153e-09
1.391333e-01 1.153960e-07
1.441000e-01 1.478818e-06
1.490667e-01 1.337636e-05
1.540333e-01 1.095119e-04
1.590000e-01 6.503188e-04
1.639667e-01 3.507238e-03
1.689333e-01 1.404750e-02
1.739000e-01 4.677533e-02
1.788667e-01 1.432420e-01
1.838333e-01 3.375061e-01
1.888000e-01 7.399239e-01
1.937667e-01 1.285968e+00
1.987333e-01 2.114328e+00
2.037000e-01 2.871641e+00
2.086667e-01 3.531210e+00
2.136333e-01 4.324482e+00
2.186000e-01 4.658671e+00
2.235667e-01 5.174666e+00
2.285333e-01 5.264801e+00
2.335000e-01 5.673016e+00
2.384667e-01 5.652387e+00
2.434333e-01 5.656447e+00
2.484000e-01 5.990802e+00
2.533667e-01 5.991057e+00
2.583333e-01 6.317825e+00
2.633000e-01 6.317823e+00
2.682667e-01 6.477494e+00
2.732333e-01 6.637165e+00
2.782000e-01 6.637153e+00
2.831667e-01 6.948529e+00
2.881333e-01 6.948526e+00
2.931000e-01 7.251321e+00
2.980667e-01 7.251226e+00
3.030333e-01 7.221021e+00
3.080000e-01 7.541483e+00
3.129667e-01 7.531075e+00
3.179333e-01 7.782468e+00
3.229000e-01 7.698093e+00
3.278667e-01 7.774727e+00
3.328333e-01 7.404218e+00
3.378000e-01 6.798561e+00
3.427667e-01 6.110924e+00
3.477333e-01 4.986379e+00
3.527000e-01 3.881072e+00
3.576667e-01 2.688317e+00
3.626333e-01 1.743828e+00
3.676000e-01 9.970115e-01
3.725667e-01 5.148709e-01
3.775333e-01 2.461877e-01
3.825000e-01 1.033163e-01
3.874667e-01 4.002145e-02
3.924333e-01 1.363710e-02
3.974000e-01 4.288036e-03
4.023667e-01 1.189815e-03
4.073333e-01 2.985659e-04
4.123000e-01 6.927594e-05
4.172667e-01 1.427423e-05
4.222333e-01 2.724427e-06
4.272000e-01 4.639842e-07
4.321667e-01 7.329849e-08
4.371333e-01 1.039514e-08
4.421000e-01 1.347610e-09
4.470667e-01 1.627909e-10
4.520333e-01 1.774896e-11
4.570000e-01 1.807028e-12
4.619667e-01 1.668236e-13
4.669333e-01 1.476252e-14
4.719000e-01 1.169138e-15
4.768667e-01 -1.163133e-24
4.818333e-01 -4.233293e-36
4.868000e-01 -1.540733e-47
4.917667e-01 -5.607592e-59
4.967333e-01 -2.040917e-70
5.017000e-01 -7.428044e-82
5.066667e-01 -2.703482e-93
5.116333e-01 -9.839490e-105
5.166000e-01 -3.581143e-116
5.215667e-01 -1.303379e-127
5.265333e-01 -4.743728e-139
5.315000e-01 -1.726509e-150
5.364667e-01 -6.283735e-162
5.414333e-01 -2.287004e-173
5.464000e-01 -8.323691e-185
5.513667e-01 -3.029458e-196
5.563333e-01 -1.102590e-207
5.613000e-01 -4.012944e-219
5.662667e-01 -1.460536e-230
5.712333e-01 -5.315709e-242
5.762000e-01 -1.934685e-253
5.811667e-01 -7.041404e-265
5.861333e-01 -2.562762e-276
5.911000e-01 -9.327331e-288
5.960667e-01 -3.394739e-299
6.010333e-01 -1.235536e-310
6.060000e-01 -4.495997e-322
6.109667e-01 0.000000e+00
6.159333e-01 0.000000e+00
6.209000e-01 0.000000e+00
6.258667e-01 0.000000e+00
6.308333e-01 0.000000e+00
6.358000e-01 0.000000e+00
6.407667e-01 0.000000e+00
6.457333e-01 0.000000e+00
6.507000e-01 0.000000e+00
6.556667e-01 0.000000e+00
6.606333e-01 0.000000e+00
6.656000e-01 0.000000e+00
6.705667e-01 0.000000e+00
6.755333e-01 0.000000e+00
6.805000e-01 0.000000e+00
6.854667e-01 0.000000e+00
6.904333e-01 0.000000e+00
6.954000e-01 0.000000e+00
7.003667e-01 0.000000e+00
7.053333e-01 0.000000e+00
7.103000e-01 0.000000e+00
7.152667e-01 0.000000e+00
7.202333e-01 0.000000e+00
7.252000e-01 0.000000e+00
7.301667e-01 0.000000e+00
7.351333e-01 0.000000e+00
7.401000e-01 0.000000e+00
7.450667e-01 0.000000e+00
7.500333e-01 0.000000e+00
7.550000e-01 0.000000e+00
7.599667e-01 0.000000e+00
7.649333e-01 0.000000e+00
7.699000e-01 0.000000e+00
7.748667e-01 0.000000e+00
7.798333e-01 0.000000e+00
7.848000e-01 0.000000e+00
7.897667e-01 0.000000e+00
7.947333e-01 0.000000e+00
7.997000e-01 0.000000e+00
8.046667e-01 0.000000e+00
8.096333e-01 0.000000e+00
8.146000e-01 0.000000e+00
8.195667e-01 0.000000e+00
8.245333e-01 0.000000e+00
8.295000e-01 0.000000e+00
8.344667e-01 0.000000e+00
8.394333e-01 0.000000e+00
8.444000e-01 0.000000e+00
8.493667e-01 0.000000e+00
8.543333e-01 0.000000e+00
8.593000e-01 0.000000e+00
8.642667e-01 0.000000e+00
8.692333e-01 0.000000e+00
8.742000e-01 0.000000e+00
8.791667e-01 0.000000e+00
8.841333e-01 0.000000e+00
8.891000e-01 0.000000e+00
8.940667e-01 0.000000e+00
8.990333e-01 0.000000e+00
9.040000e-01 0.000000e+00
9.089667e-01 0.000000e+00
9.139333e-01 0.000000e+00
9.189000e-01 0.000000e+00
9.238667e-01 0.000000e+00
9.288333e-01 0.000000e+00
9.338000e-01 0.000000e+00
9.387667e-01 0.000000e+00
9.437333e-01 0.000000e+00
9.487000e-01 0.000000e+00
9.536667e-01 0.000000e+00
9.586333e-01 0.000000e+00
9.636000e-01 0.000000e+00
9.685667e-01 0.000000e+00
9.735333e-01 0.000000e+00
9.785000e-01 0.000000e+00
9.834667e-01 0.000000e+00
9.884333e-01 0.000000e+00
9.934000e-01 0.000000e+00
9.983667e-01 0.000000e+00
1.003333e+00 0.000000e+00
1.008300e+00 0.000000e+00
1.013267e+00 0.000000e+00
1.018233e+00 0.000000e+00
1.023200e+00 0.000000e+00
1.028167e+00 0.000000e+00
1.033133e+00 0.000000e+00
1.038100e+00 0.000000e+00
1.043067e+00 0.000000e+00
1.048033e+00 0.000000e+00
1.053000e+00 0.000000e+00
1.057967e+00 0.000000e+00
1.062933e+00 0.000000e+00
1.067900e+00 0.000000e+00
1.072867e+00 0.000000e+00
1.077833e+00 0.000000e+00
1.082800e+00 0.000000e+00
1.087767e+00 0.000000e+00
1.092733e+00 0.000000e+00
1.097700e+00 0.000000e+00
1.102667e+00 0.000000e+00
1.107633e+00 0.000000e+00
1.112600e+00 0.000000e+00
1.117567e+00 0.000000e+00
1.122533e+00 0.000000e+00
1.127500e+00 0.000000e+00
1.132467e+00 0.000000e+00
1.137433e+00 0.000000e+00
1.142400e+00 0.000000e+00
1.147367e+00 0.000000e+00
1.152333e+00 0.000000e+00
1.157300e+00 0.000000e+00
1.162267e+00 0.000000e+00
1.167233e+00 0.000000e+00
1.172200e+00 0.000000e+00
1.177167e+00 0.000000e+00
1.182133e+00 0.000000e+00
1.187100e+00 0.000000e+00
1.192067e+00 0.000000e+00
1.197033e+00 0.000000e+00
1.202000e+00 0.000000e+00
1.206967e+00 0.000000e+00
1.211933e+00 0.000000e+00
1.216900e+00 0.000000e+00
1.221867e+00 0.000000e+00
1.226833e+00 0.000000e+00
1.231800e+00 0.000000e+00
1.236767e+00 0.000000e+00
1.241733e+00 0.000000e+00
1.246700e+00 0.000000e+00
1.251667e+00 0.000000e+00
1.256633e+00 0.000000e+00
1.261600e+00 0.000000e+00
1.266567e+00 0.000000e+00
1.271533e+00 0.000000e+00
1.276500e+00 0.000000e+00
1.281467e+00 0.000000e+00
1.286433e+00 0.000000e+00
1.291400e+00 0.000000e+00
1.296367e+00 0.000000e+00
1.301333e+00 0.000000e+00
1.306300e+00 0.000000e+00
1.311267e+00 0.000000e+00
1.316233e+00 0.000000e+00
1.321200e+00 0.000000e+00
1.326167e+00 0.000000e+00
1.331133e+00 0.000000e+00
1.336100e+00 0.000000e+00
1.341067e+00 0.000000e+00
1.346033e+00 0.000000e+00
1.351000e+00 0.000000e+00
1.355967e+00 0.000000e+00
1.360933e+00 0.000000e+00
1.365900e+00 0.000000e+00
1.370867e+00 0.000000e+00
1.375833e+00 0.000000e+00
1.380800e+00 0.000000e+00
1.385767e+00 0.000000e+00
1.390733e+00 0.000000e+00
1.395700e+00 0.000000e+00
1.400667e+00 0.000000e+00
1.405633e+00 0.000000e+00
1.410600e+00 0.000000e+00
1.415567e+00 0.000000e+00
1.420533e+00 0.000000e+00
1.425500e+00 0.000000e+00
1.430467e+00 0.000000e+00
1.435433e+00 0.000000e+00
1.440400e+00 0.000000e+00
1.445367e+00 0.000000e+00
1.450333e+00 0.000000e+00
1.455300e+00 0.000000e+00
1.460267e+00 0.000000e+00
1.465233e+00 0.000000e+00
1.470200e+00 0.000000e+00
1.475167e+00 0.000000e+00
1.480133e+00 0.000000e+00
1.485100e+00 0.000000e+00
1.490067e+00 0.000000e+00
1.495033e+00 0.000000e+00
1.500000e+00 0.000000e+00
