1.000000e-02 0.000000e+00
1.496667e-02 0.000000e+00
1.993333e-02 0.000000e+00
2.490000e-02 0.000000e+00
2.986667e-02 0.000000e+00
3.483333e-02 0.000000e+00
3.980000e-02 0.000000e+00
4.476667e-02 0.000000e+00
4.973333e-02 0.000000e+00
5.470000e-02 0.000000e+00
5.966667e-02 0.000000e+00
6.463333e-02 0.000000e+00
6.960000e-02 0.000000e+00
7.456667e-02 0.000000e+00
7.953333e-02 0.000000e+00
8.450000e-02 0.000000e+00
8.946667e-02 0.000000e+00
9.443333e-02 0.000000e+00
9.940000e-02 0.000000e+00
1.043667e-01 0.000000e+00
1.093333e-01 0.000000e+00
1.143000e-01 0.000000e+00
1.192667e-01 0.000000e+00
1.242333e-01 0.000000e+00
1.292000e-01 0.000000e+00
1.341667e-01 0.000000e+00
1.391333e-01 0.000000e+00
1.441000e-01 0.000000e+00
1.490667e-01 0.000000e+00
1.540333e-01 0.000000e+00
1.590000e-01 0.000000e+00
1.639667e-01 0.000000e+00
1.689333e-01 0.000000e+00
1.739000e-01 0.000000e+00
1.788667e-01 0.000000e+00
1.838333e-01 0.000000e+00
1.888000e-01 0.000000e+00
1.937667e-01 0.000000e+00
1.987333e-01 0.000000e+00
2.037000e-01 0.000000e+00
2.086667e-01 0.000000e+00
2.136333e-01 0.000000e+00
2.186000e-01 0.000000e+00
2.235667e-01 0.000000e+00
2.285333e-01 0.000000e+00
2.335000e-01 0.000000e+00
2.384667e-01 0.000000e+00
2.434333e-01 0.000000e+00
2.484000e-01 0.000000e+00
2.533667e-01 0.000000e+00
2.583333e-01 0.000000e+00
2.633000e-01 0.000000e+00
2.682667e-01 0.000000e+00
2.732333e-01 0.000000e+00
2.782000e-01 0.000000e+00
2.831667e-01 0.000000e+00
2.881333e-01 0.000000e+00
2.931000e-01 0.000000e+00
2.980667e-01 0.000000e+00
3.030333e-01 0.000000e+00
3.080000e-01 0.000000e+00
3.129667e-01 0.000000e+00
3.179333e-01 0.000000e+00
3.229000e-01 0.000000e+00
3.278667e-01 0.000000e+00
3.328333e-01 0.000000e+00
3.378000e-01 0.000000e+00
3.427667e-01 0.000000e+00
3.477333e-01 0.000000e+00
3.527000e-01 0.000000e+00
3.576667e-01 0.000000e+00
3.626333e-01 0.000000e+00
3.676000e-01 0.000000e+00
3.725667e-01 0.000000e+00
3.775333e-01 0.000000e+00
3.825000e-01 0.000000e+00
3.874667e-01 0.000000e+00
3.924333e-01 0.000000e+00
3.974000e-01 0.000000e+00
4.023667e-01 0.000000e+00
4.073333e-01 0.000000e+00
4.123000e-01 0.000000e+00
4.172667e-01 0.000000e+00
4.222333e-01 0.000000e+00
4.272000e-01 0.000000e+00
4.321667e-01 0.000000e+00
4.371333e-01 0.000000e+00
4.421000e-01 0.000000e+00
4.470667e-01 0.000000e+00
4.520333e-01 6.422853e-323
4.570000e-01 1.817788e-311
4.619667e-01 4.994524e-300
4.669333e-01 1.372287e-288
4.719000e-01 3.770474e-277
4.768667e-01 1.035969e-265
4.818333e-01 2.846413e-254
4.868000e-01 7.820758e-243
4.917667e-01 2.148819e-231
4.967333e-01 5.904060e-220
5.017000e-01 1.622190e-208
5.066667e-01 4.457103e-197
5.116333e-01 1.224626e-185
5.166000e-01 3.364764e-174
5.215667e-01 9.244970e-163
5.265333e-01 2.540133e-151
5.315000e-01 6.979228e-140
5.364667e-01 1.917601e-128
5.414333e-01 5.268771e-117
5.464000e-01 1.447639e-105
5.513667e-01 3.977509e-94
5.563333e-01 1.092854e-82
5.613000e-01 3.002708e-71
5.662667e-01 8.250192e-60
5.712333e-01 2.266809e-48
5.762000e-01 6.228249e-37
5.811667e-01 1.711264e-25
5.861333e-01 6.463079e-16
5.911000e-01 9.062726e-15
5.960667e-01 1.273473e-13
6.010333e-01 1.612741e-12
6.060000e-01 1.803144e-11
6.109667e-01 1.791246e-10
6.159333e-01 1.572704e-09
6.209000e-01 1.231639e-08
6.258667e-01 8.569495e-08
6.308333e-01 5.338902e-07
6.358000e-01 2.970228e-06
6.407667e-01 1.482602e-05
6.457333e-01 6.666809e-05
6.507000e-01 2.696796e-04
6.556667e-01 9.866228e-04
6.606333e-01 3.263889e-03
6.656000e-01 9.805512e-03
6.705667e-01 2.678124e-02
6.755333e-01 6.671071e-02
6.805000e-01 1.519813e-01
6.854667e-01 3.174715e-01
6.904333e-01 6.097483e-01
6.954000e-01 1.081119e+00
7.003667e-01 1.773562e+00
7.053333e-01 2.708154e+00
7.103000e-01 3.861751e+00
7.152667e-01 5.161531e+00
7.202333e-01 6.520217e+00
7.252000e-01 7.807542e+00
7.301667e-01 8.954780e+00
7.351333e-01 9.864359e+00
7.401000e-01 1.056799e+01
7.450667e-01 1.105431e+01
7.500333e-01 1.133080e+01
7.550000e-01 1.149928e+01
7.599667e-01 1.152278e+01
7.649333e-01 1.148634e+01
7.699000e-01 1.132388e+01
7.748667e-01 1.102936e+01
7.798333e-01 1.058582e+01
7.848000e-01 9.900224e+00
7.897667e-01 9.040840e+00
7.947333e-01 7.947523e+00
7.997000e-01 6.747726e+00
8.046667e-01 5.485600e+00
8.096333e-01 4.226957e+00
8.146000e-01 3.111154e+00
8.195667e-01 2.159393e+00
8.245333e-01 1.425268e+00
8.295000e-01 8.839521e-01
8.344667e-01 5.203467e-01
8.394333e-01 2.889335e-01
8.444000e-01 1.504817e-01
8.493667e-01 7.433435e-02
8.543333e-01 3.442136e-02
8.593000e-01 1.513060e-02
8.642667e-01 6.236682e-03
8.692333e-01 2.443013e-03
8.742000e-01 9.041171e-04
8.791667e-01 3.141165e-04
8.841333e-01 1.039320e-04
8.891000e-01 3.231710e-05
8.940667e-01 9.585248e-06
8.990333e-01 2.674484e-06
9.040000e-01 7.131250e-07
9.089667e-01 1.804639e-07
9.139333e-01 4.304623e-08
9.189000e-01 9.835215e-09
9.238667e-01 2.120605e-09
9.288333e-01 4.387394e-10
9.338000e-01 8.578627e-11
9.387667e-01 1.611476e-11
9.437333e-01 2.889143e-12
9.487000e-01 4.905794e-13
9.536667e-01 7.993271e-14
9.586333e-01 1.222383e-14
9.636000e-01 2.448147e-15
9.685667e-01 1.161648e-20
9.735333e-01 4.227889e-32
9.785000e-01 1.538766e-43
9.834667e-01 5.600434e-55
9.884333e-01 2.038312e-66
9.934000e-01 7.418563e-78
9.983667e-01 2.700031e-89
1.003333e+00 9.826930e-101
1.008300e+00 3.576572e-112
1.013267e+00 1.301715e-123
1.018233e+00 4.737672e-135
1.023200e+00 1.724305e-146
1.028167e+00 6.275714e-158
1.033133e+00 2.284084e-169
1.038100e+00 8.313066e-181
1.043067e+00 3.025591e-192
1.048033e+00 1.101183e-203
1.053000e+00 4.007821e-215
1.057967e+00 1.458671e-226
1.062933e+00 5.308923e-238
1.067900e+00 1.932215e-249
1.072867e+00 7.032416e-261
1.077833e+00 2.559491e-272
1.082800e+00 9.315425e-284
1.087767e+00 3.390406e-295
1.092733e+00 1.233959e-306
1.097700e+00 4.491072e-318
1.102667e+00 0.000000e+00
1.107633e+00 0.000000e+00
1.112600e+00 0.000000e+00
1.117567e+00 0.000000e+00
1.122533e+00 0.000000e+00
1.127500e+00 0.000000e+00
1.132467e+00 0.000000e+00
1.137433e+00 0.000000e+00
1.142400e+00 0.000000e+00
1.147367e+00 0.000000e+00
1.152333e+00 0.000000e+00
1.157300e+00 0.000000e+00
1.162267e+00 0.000000e+00
1.167233e+00 0.000000e+00
1.172200e+00 0.000000e+00
1.177167e+00 0.000000e+00
1.182133e+00 0.000000e+00
1.187100e+00 0.000000e+00
1.192067e+00 0.000000e+00
1.197033e+00 0.000000e+00
1.202000e+00 0.000000e+00
1.206967e+00 0.000000e+00
1.211933e+00 0.000000e+00
1.216900e+00 0.000000e+00
1.221867e+00 0.000000e+00
1.226833e+00 0.000000e+00
1.231800e+00 0.000000e+00
1.236767e+00 0.000000e+00
1.241733e+00 0.000000e+00
1.246700e+00 0.000000e+00
1.251667e+00 0.000000e+00
1.256633e+00 0.000000e+00
1.261600e+00 0.000000e+00
1.266567e+00 0.000000e+00
1.271533e+00 0.000000e+00
1.276500e+00 0.000000e+00
1.281467e+00 0.000000e+00
1.286433e+00 0.000000e+00
1.291400e+00 0.000000e+00
1.296367e+00 0.000000e+00
1.301333e+00 0.000000e+00
1.306300e+00 0.000000e+00
1.311267e+00 0.000000e+00
1.316233e+00 0.000000e+00
1.321200e+00 0.000000e+00
1.326167e+00 0.000000e+00
1.331133e+00 0.000000e+00
1.336100e+00 0.000000e+00
1.341067e+00 0.000000e+00
1.346033e+00 0.000000e+00
1.351000e+00 0.000000e+00
1.355967e+00 0.000000e+00
1.360933e+00 0.000000e+00
1.365900e+00 0.000000e+00
1.370867e+00 0.000000e+00
1.375833e+00 0.000000e+00
1.380800e+00 0.000000e+00
1.385767e+00 0.000000e+00
1.390733e+00 0.000000e+00
1.395700e+00 0.000000e+00
1.400667e+00 0.000000e+00
1.405633e+00 0.000000e+00
1.410600e+00 0.000000e+00
1.415567e+00 0.000000e+00
1.420533e+00 0.000000e+00
1.425500e+00 0.000000e+00
1.430467e+00 0.000000e+00
1.435433e+00 0.000000e+00
1.440400e+00 0.000000e+00
1.445367e+00 0.000000e+00
1.450333e+00 0.000000e+00
1.455300e+00 0.000000e+00
1.460267e+00 0.000000e+00
1.465233e+00 0.000000e+00
1.470200e+00 0.000000e+00
1.475167e+00 0.000000e+00
1.480133e+00 0.000000e+00
1.485100e+00 0.000000e+00
1.490067e+00 0.000000e+00
1.495033e+00 0.000000e+00
1.500000e+00 0.000000e+00
