9.999999999999999547e-07 5.834331666666665341e-03 1.166766333333333142e-02 5.112379726820115661e-05
1.166766333333333142e-02 1.750099499999999836e-02 2.333432666666666530e-02 1.896428066219500177e-04
2.333432666666666530e-02 2.916765833333333224e-02 3.500098999999999572e-02 4.399938184381855101e-04
3.500098999999999572e-02 4.083432166666665919e-02 4.666765333333332960e-02 7.803014838917725262e-04
4.666765333333332960e-02 5.250098500000000001e-02 5.833431666666666349e-02 1.857090011292376582e-03
5.833431666666666349e-02 6.416764833333332696e-02 7.000097999999999043e-02 2.468044671952598565e-03
7.000097999999999043e-02 7.583431166666665391e-02 8.166764333333333126e-02 3.136305855354062574e-03
8.166764333333333126e-02 8.750097499999999473e-02 9.333430666666665820e-02 3.847602563966306261e-03
9.333430666666665820e-02 9.916763833333332168e-02 1.050009699999999851e-01 4.589716824047953767e-03
1.050009699999999851e-01 1.108343016666666625e-01 1.166676333333333260e-01 4.965850519564185030e-03
1.166676333333333260e-01 1.225009649999999894e-01 1.283342966666666529e-01 5.661387994032528528e-03
1.283342966666666529e-01 1.341676283333333164e-01 1.400009599999999799e-01 6.360243739257502235e-03
1.400009599999999799e-01 1.458342916666666433e-01 1.516676233333333068e-01 7.056525575179689591e-03
1.516676233333333068e-01 1.575009549999999980e-01 1.633342866666666615e-01 8.516090530860269403e-03
1.633342866666666615e-01 1.691676183333333250e-01 1.750009499999999885e-01 9.230969732255235941e-03
1.750009499999999885e-01 1.808342816666666519e-01 1.866676133333333154e-01 9.929588082396698448e-03
1.866676133333333154e-01 1.925009449999999789e-01 1.983342766666666424e-01 1.060880064099216369e-02
1.983342766666666424e-01 2.041676083333333058e-01 2.100009399999999693e-01 1.320428718845036847e-02
2.100009399999999693e-01 2.158342716666666328e-01 2.216676033333333240e-01 1.386455056715374563e-02
2.216676033333333240e-01 2.275009349999999875e-01 2.333342666666666509e-01 1.449789078787256345e-02
2.333342666666666509e-01 2.391675983333333144e-01 2.450009299999999779e-01 1.510292609157432193e-02
2.450009299999999779e-01 2.508342616666666136e-01 2.566675933333332771e-01 1.618216236029464822e-02
2.566675933333332771e-01 2.625009249999999406e-01 2.683342566666666040e-01 1.675696919787182312e-02
2.683342566666666040e-01 2.741675883333332675e-01 2.800009199999999310e-01 1.729955449723757921e-02
2.800009199999999310e-01 2.858342516666665944e-01 2.916675833333332579e-01 1.780964163649407725e-02
2.916675833333332579e-01 2.975009149999999214e-01 3.033342466666665849e-01 1.828716085193766994e-02
3.033342466666665849e-01 3.091675783333333039e-01 3.150009099999999673e-01 1.953136174120804688e-02
3.150009099999999673e-01 3.208342416666666308e-01 3.266675733333332943e-01 1.999887853506646107e-02
3.266675733333332943e-01 3.325009049999999577e-01 3.383342366666666212e-01 2.043039002368943549e-02
3.383342366666666212e-01 3.441675683333332847e-01 3.500008999999999482e-01 2.082647503098703293e-02
3.500008999999999482e-01 3.558342316666666116e-01 3.616675633333332751e-01 2.193106447321536978e-02
3.616675633333332751e-01 3.675008949999999386e-01 3.733342266666666021e-01 2.227704670534562739e-02
3.733342266666666021e-01 3.791675583333332655e-01 3.850008899999999290e-01 2.258804690729819542e-02
3.850008899999999290e-01 3.908342216666665925e-01 3.966675533333332559e-01 2.286503654506327060e-02
3.966675533333332559e-01 4.025008849999999194e-01 4.083342166666665829e-01 2.333746474754502462e-02
4.083342166666665829e-01 4.141675483333332464e-01 4.200008799999999098e-01 2.355059747645383422e-02
4.200008799999999098e-01 4.258342116666665733e-01 4.316675433333332368e-01 2.373275893454153407e-02
4.316675433333332368e-01 4.375008749999999003e-01 4.433342066666666192e-01 2.388507714845095053e-02
4.433342066666666192e-01 4.491675383333332827e-01 4.550008699999999462e-01 2.400869559565525432e-02
4.550008699999999462e-01 4.608342016666666097e-01 4.666675333333332731e-01 2.646951417968326781e-02
4.666675333333332731e-01 4.725008649999999366e-01 4.783341966666666001e-01 2.653929385699442187e-02
4.783341966666666001e-01 4.841675283333332636e-01 4.900008599999999270e-01 2.658379471411128486e-02
4.900008599999999270e-01 4.958341916666666460e-01 5.016675233333333095e-01 2.660416250000873298e-02
5.016675233333333095e-01 5.075008549999999730e-01 5.133341866666666364e-01 2.651147988035764541e-02
5.133341866666666364e-01 5.191675183333332999e-01 5.250008499999999634e-01 2.648912222395777977e-02
5.250008499999999634e-01 5.308341816666666269e-01 5.366675133333332903e-01 2.644781135043273307e-02
5.366675133333332903e-01 5.425008449999999538e-01 5.483341766666666173e-01 2.638853302624256242e-02
5.483341766666666173e-01 5.541675083333332807e-01 5.600008399999999442e-01 2.530572404268525630e-02
5.600008399999999442e-01 5.658341716666666077e-01 5.716675033333332712e-01 2.520799602146843107e-02
5.716675033333332712e-01 5.775008349999999346e-01 5.833341666666665981e-01 2.509424420573442074e-02
5.833341666666665981e-01 5.891674983333332616e-01 5.950008299999999251e-01 2.496541522318910383e-02
5.950008299999999251e-01 6.008341616666665885e-01 6.066674933333332520e-01 2.435683440492631205e-02
6.066674933333332520e-01 6.125008249999999155e-01 6.183341566666665789e-01 2.419075101927686128e-02
6.183341566666665789e-01 6.241674883333332424e-01 6.300008200000000169e-01 2.401148508758004299e-02
6.300008200000000169e-01 6.358341516666666804e-01 6.416674833333333439e-01 2.381992413912887435e-02
6.416674833333333439e-01 6.475008150000000073e-01 6.533341466666666708e-01 2.361692514960506487e-02
6.533341466666666708e-01 6.591674783333333343e-01 6.650008099999999978e-01 2.319049548627285379e-02
6.650008099999999978e-01 6.708341416666666612e-01 6.766674733333333247e-01 2.296420087181168246e-02
6.766674733333333247e-01 6.825008049999999882e-01 6.883341366666666516e-01 2.272873980358331922e-02
6.883341366666666516e-01 6.941674683333333151e-01 7.000007999999999786e-01 2.248485720528312082e-02
7.000007999999999786e-01 7.058341316666666421e-01 7.116674633333333055e-01 2.224449868625427013e-02
7.116674633333333055e-01 7.175007949999999690e-01 7.233341266666666325e-01 2.198489428519675992e-02
7.233341266666666325e-01 7.291674583333332960e-01 7.350007899999999594e-01 2.171890011279861699e-02
7.350007899999999594e-01 7.408341216666666229e-01 7.466674533333332864e-01 2.144714613530874364e-02
7.466674533333332864e-01 7.525007849999999499e-01 7.583341166666666133e-01 2.121659945025614058e-02
7.583341166666666133e-01 7.641674483333332768e-01 7.700007799999999403e-01 2.093535782314475541e-02
7.700007799999999403e-01 7.758341116666666037e-01 7.816674433333332672e-01 2.065008407723903719e-02
7.816674433333332672e-01 7.875007749999999307e-01 7.933341066666665942e-01 2.036129936387784736e-02
7.933341066666665942e-01 7.991674383333332576e-01 8.050007699999999211e-01 2.006949949521216053e-02
8.050007699999999211e-01 8.108341016666665846e-01 8.166674333333332481e-01 1.974840017113290228e-02
8.166674333333332481e-01 8.225007649999999115e-01 8.283340966666665750e-01 1.945376510363419631e-02
8.283340966666665750e-01 8.341674283333332385e-01 8.400007599999999020e-01 1.915746775619405276e-02
8.400007599999999020e-01 8.458340916666665654e-01 8.516674233333332289e-01 1.885990745919765427e-02
8.516674233333332289e-01 8.575007549999998924e-01 8.633340866666665558e-01 1.850413367578014959e-02
8.633340866666665558e-01 8.691674183333333303e-01 8.750007499999999938e-01 1.821017459107591996e-02
8.750007499999999938e-01 8.808340816666666573e-01 8.866674133333333208e-01 1.791602754035989328e-02
8.866674133333333208e-01 8.925007449999999842e-01 8.983340766666666477e-01 1.762200481292470339e-02
8.983340766666666477e-01 9.041674083333333112e-01 9.100007399999999746e-01 1.700612613741228282e-02
9.100007399999999746e-01 9.158340716666666381e-01 9.216674033333333016e-01 1.672774219093548995e-02
9.216674033333333016e-01 9.275007349999999651e-01 9.333340666666666285e-01 1.645026499273332873e-02
9.333340666666666285e-01 9.391673983333332920e-01 9.450007299999999555e-01 1.617392561762937345e-02
9.450007299999999555e-01 9.508340616666666190e-01 9.566673933333332824e-01 1.543334322845842793e-02
9.566673933333332824e-01 9.625007249999999459e-01 9.683340566666666094e-01 1.517370788538857998e-02
9.683340566666666094e-01 9.741673883333332729e-01 9.800007199999999363e-01 1.491572890597495787e-02
9.800007199999999363e-01 9.858340516666665998e-01 9.916673833333332633e-01 1.465957270901924181e-02
9.916673833333332633e-01 9.975007149999999267e-01 1.003334046666666479e+00 1.440539383524461897e-02
1.003334046666666479e+00 1.009167378333333254e+00 1.015000709999999806e+00 1.389975515219907774e-02
1.015000709999999806e+00 1.020834041666666359e+00 1.026667373333333133e+00 1.365452866585968421e-02
1.026667373333333133e+00 1.032500704999999908e+00 1.038334036666666460e+00 1.341163345161778403e-02
1.038334036666666460e+00 1.044167368333333012e+00 1.050000699999999787e+00 1.317117953583561533e-02
1.050000699999999787e+00 1.055834031666666561e+00 1.061667363333333114e+00 1.315078421520424548e-02
1.061667363333333114e+00 1.067500694999999666e+00 1.073334026666666441e+00 1.289979884086812738e-02
1.073334026666666441e+00 1.079167358333333215e+00 1.085000689999999768e+00 1.265171249274231469e-02
1.085000689999999768e+00 1.090834021666666320e+00 1.096667353333333095e+00 1.240660579920814348e-02
1.096667353333333095e+00 1.102500684999999869e+00 1.108334016666666422e+00 1.233171676625144722e-02
1.108334016666666422e+00 1.114167348333332974e+00 1.120000679999999749e+00 1.208170475241937721e-02
1.120000679999999749e+00 1.125834011666666523e+00 1.131667343333333076e+00 1.183501445898218866e-02
1.131667343333333076e+00 1.137500674999999628e+00 1.143334006666666403e+00 1.159169886143820646e-02
1.143334006666666403e+00 1.149167338333333177e+00 1.155000669999999729e+00 1.135180407535998741e-02
1.155000669999999729e+00 1.160834001666666282e+00 1.166667333333333056e+00 1.121718829344667615e-02
1.166667333333333056e+00 1.172500664999999831e+00 1.178333996666666383e+00 1.098140076007398519e-02
1.178333996666666383e+00 1.184167328333332936e+00 1.190000659999999710e+00 1.074917785439549224e-02
1.190000659999999710e+00 1.195833991666666485e+00 1.201667323333333037e+00 1.052054204114838756e-02
1.201667323333333037e+00 1.207500654999999590e+00 1.213333986666666364e+00 1.031561522322466291e-02
1.213333986666666364e+00 1.219167318333333139e+00 1.225000649999999691e+00 1.009537376884184559e-02
1.225000649999999691e+00 1.230833981666666244e+00 1.236667313333333018e+00 9.878737396120957498e-03
1.236667313333333018e+00 1.242500644999999793e+00 1.248333976666666567e+00 9.665709386369888967e-03
1.248333976666666567e+00 1.254167308333333342e+00 1.260000639999999894e+00 9.733746504503157718e-03
1.260000639999999894e+00 1.265833971666666447e+00 1.271667303333333221e+00 9.528057106408312216e-03
1.271667303333333221e+00 1.277500634999999996e+00 1.283333966666666548e+00 9.325960224788524058e-03
1.283333966666666548e+00 1.289167298333333100e+00 1.295000629999999875e+00 9.127444319144814924e-03
1.295000629999999875e+00 1.300833961666666649e+00 1.306667293333333202e+00 8.954691220177828093e-03
1.306667293333333202e+00 1.312500624999999754e+00 1.318333956666666529e+00 8.767470783909457610e-03
1.318333956666666529e+00 1.324167288333333303e+00 1.330000619999999856e+00 8.583701708221399065e-03
1.330000619999999856e+00 1.335833951666666408e+00 1.341667283333333183e+00 8.403361669226096231e-03
1.341667283333333183e+00 1.347500614999999957e+00 1.353333946666666510e+00 8.226426053518153675e-03
1.353333946666666510e+00 1.359167278333333062e+00 1.365000609999999837e+00 8.164310743942557874e-03
1.365000609999999837e+00 1.370833941666666611e+00 1.376667273333333164e+00 8.000814302458357161e-03
1.376667273333333164e+00 1.382500604999999716e+00 1.388333936666666490e+00 7.840505498657921596e-03
1.388333936666666490e+00 1.394167268333333265e+00 1.400000599999999817e+00 7.683353452140390637e-03
1.400000599999999817e+00 1.405833931666666370e+00 1.411667263333333144e+00 8.086759719827911475e-03
1.411667263333333144e+00 1.417500594999999919e+00 1.423333926666666471e+00 7.942254992438117084e-03
1.423333926666666471e+00 1.429167258333333024e+00 1.435000589999999798e+00 7.800675918259804970e-03
1.435000589999999798e+00 1.440833921666666573e+00 1.446667253333333125e+00 7.661988061212926873e-03
1.446667253333333125e+00 1.452500584999999678e+00 1.458333916666666452e+00 6.738245443878396190e-03
1.458333916666666452e+00 1.464167248333333227e+00 1.470000579999999779e+00 6.607795271814735291e-03
1.470000579999999779e+00 1.475833911666666332e+00 1.481667243333333106e+00 6.480074135677100361e-03
1.481667243333333106e+00 1.487500574999999881e+00 1.493333906666666433e+00 6.355045121916490930e-03
1.493333906666666433e+00 1.499167238333332985e+00 1.505000569999999760e+00 6.232670748513337300e-03
1.505000569999999760e+00 1.510833901666666534e+00 1.516667233333333087e+00 5.911449199721772151e-03
1.516667233333333087e+00 1.522500564999999639e+00 1.528333896666666414e+00 5.793530727265450847e-03
1.528333896666666414e+00 1.534167228333333188e+00 1.540000559999999741e+00 5.678167806823062810e-03
1.540000559999999741e+00 1.545833891666666293e+00 1.551667223333333068e+00 5.565321167303581389e-03
1.551667223333333068e+00 1.557500554999999842e+00 1.563333886666666395e+00 5.451351155257580343e-03
1.563333886666666395e+00 1.569167218333332947e+00 1.575000549999999722e+00 5.341146794219780829e-03
1.575000549999999722e+00 1.580833881666666496e+00 1.586667213333333049e+00 5.233390236630029030e-03
1.586667213333333049e+00 1.592500544999999601e+00 1.598333876666666375e+00 5.128040807263367640e-03
1.598333876666666375e+00 1.604167208333333150e+00 1.610000539999999702e+00 4.473911188467951001e-03
1.610000539999999702e+00 1.615833871666666255e+00 1.621667203333333029e+00 4.371270026993090939e-03
1.621667203333333029e+00 1.627500534999999804e+00 1.633333866666666356e+00 4.270959105288706092e-03
1.633333866666666356e+00 1.639167198333332909e+00 1.645000529999999683e+00 4.172937157240809609e-03
1.645000529999999683e+00 1.650833861666666458e+00 1.656667193333333010e+00 4.166382405529041495e-03
1.656667193333333010e+00 1.662500524999999563e+00 1.668333856666666337e+00 4.074498483663779348e-03
1.668333856666666337e+00 1.674167188333333112e+00 1.680000519999999664e+00 3.984741835368108866e-03
1.680000519999999664e+00 1.685833851666666217e+00 1.691667183333332991e+00 3.897072743877954583e-03
1.691667183333332991e+00 1.697500514999999766e+00 1.703333846666666318e+00 3.811451769384998408e-03
1.703333846666666318e+00 1.709167178333332870e+00 1.715000509999999645e+00 3.797365175381494078e-03
1.715000509999999645e+00 1.720833841666666419e+00 1.726667173333332972e+00 3.715556797985897046e-03
1.726667173333332972e+00 1.732500504999999524e+00 1.738333836666666299e+00 3.635684068038003754e-03
1.738333836666666299e+00 1.744167168333333073e+00 1.750000499999999848e+00 3.557708813676648766e-03
1.750000499999999848e+00 1.755833831666666622e+00 1.761667163333333175e+00 3.160802851714724672e-03
1.761667163333333175e+00 1.767500494999999727e+00 1.773333826666666502e+00 3.087184208750805466e-03
1.773333826666666502e+00 1.779167158333333276e+00 1.785000489999999829e+00 3.015334704332549905e-03
1.785000489999999829e+00 1.790833821666666381e+00 1.796667153333333156e+00 2.945218142572840134e-03
1.796667153333333156e+00 1.802500484999999930e+00 1.808333816666666483e+00 2.892241509035097750e-03
1.808333816666666483e+00 1.814167148333333035e+00 1.820000479999999810e+00 2.827595543059682314e-03
1.820000479999999810e+00 1.825833811666666584e+00 1.831667143333333136e+00 2.764525161245553250e-03
1.831667143333333136e+00 1.837500474999999689e+00 1.843333806666666463e+00 2.702997082263427792e-03
1.843333806666666463e+00 1.849167138333333238e+00 1.855000469999999790e+00 2.642978488188250062e-03
1.855000469999999790e+00 1.860833801666666343e+00 1.866667133333333117e+00 2.574905663413928555e-03
1.866667133333333117e+00 1.872500464999999892e+00 1.878333796666666444e+00 2.516302000360390312e-03
1.878333796666666444e+00 1.884167128333332997e+00 1.890000459999999771e+00 2.459149536791944111e-03
1.890000459999999771e+00 1.895833791666666546e+00 1.901667123333333098e+00 2.403416546381579970e-03
1.901667123333333098e+00 1.907500454999999651e+00 1.913333786666666425e+00 2.338662791919569450e-03
1.913333786666666425e+00 1.919167118333333200e+00 1.925000449999999752e+00 2.288709950573591511e-03
1.925000449999999752e+00 1.930833781666666304e+00 1.936667113333333079e+00 2.240008396180213565e-03
1.936667113333333079e+00 1.942500444999999853e+00 1.948333776666666406e+00 2.192530110870531332e-03
1.948333776666666406e+00 1.954167108333332958e+00 1.960000439999999733e+00 2.157593422108386623e-03
1.960000439999999733e+00 1.965833771666666507e+00 1.971667103333333060e+00 2.113536962150009031e-03
1.971667103333333060e+00 1.977500434999999612e+00 1.983333766666666387e+00 2.070595796296215325e-03
1.983333766666666387e+00 1.989167098333333161e+00 1.995000429999999714e+00 2.028744414771183405e-03
1.995000429999999714e+00 2.000833761666666710e+00 2.006667093333333263e+00 1.668971602031217843e-03
2.006667093333333263e+00 2.012500424999999815e+00 2.018333756666666812e+00 1.630102340526250670e-03
2.018333756666666812e+00 2.024167088333333364e+00 2.030000419999999917e+00 1.592226658936949681e-03
2.030000419999999917e+00 2.035833751666666913e+00 2.041667083333333466e+00 1.555321394687250031e-03
2.041667083333333466e+00 2.047500415000000018e+00 2.053333746666666570e+00 1.519363824317254566e-03
2.053333746666666570e+00 2.059167078333333123e+00 2.065000410000000119e+00 1.645464280971521785e-03
2.065000410000000119e+00 2.070833741666666672e+00 2.076667073333333224e+00 1.611114381015174568e-03
2.076667073333333224e+00 2.082500405000000221e+00 2.088333736666666773e+00 1.577652323641192539e-03
2.088333736666666773e+00 2.094167068333333326e+00 2.100000399999999878e+00 1.545056969212943790e-03
2.100000399999999878e+00 2.105833731666666431e+00 2.111667063333333427e+00 1.435695940275786555e-03
2.111667063333333427e+00 2.117500394999999980e+00 2.123333726666666532e+00 1.404215832990556847e-03
2.123333726666666532e+00 2.129167058333333529e+00 2.135000390000000081e+00 1.373556025088611045e-03
2.135000390000000081e+00 2.140833721666666634e+00 2.146667053333333186e+00 1.343696688190769905e-03
2.146667053333333186e+00 2.152500384999999739e+00 2.158333716666666735e+00 1.305596562032708364e-03
2.158333716666666735e+00 2.164167048333333288e+00 2.170000379999999840e+00 1.276361602038043712e-03
2.170000379999999840e+00 2.175833711666666836e+00 2.181667043333333389e+00 1.247894190372904333e-03
2.181667043333333389e+00 2.187500374999999941e+00 2.193333706666666494e+00 1.220175517793126076e-03
2.193333706666666494e+00 2.199167038333333046e+00 2.205000370000000043e+00 1.193187176632492337e-03
2.205000370000000043e+00 2.210833701666666595e+00 2.216667033333333148e+00 1.354187362299005869e-03
2.216667033333333148e+00 2.222500365000000144e+00 2.228333696666666697e+00 1.328356485915262392e-03
2.228333696666666697e+00 2.234167028333333249e+00 2.240000359999999802e+00 1.303209678019723750e-03
2.240000359999999802e+00 2.245833691666666354e+00 2.251667023333333351e+00 1.278729914310191510e-03
2.251667023333333351e+00 2.257500354999999903e+00 2.263333686666666456e+00 1.235020040124063662e-03
2.263333686666666456e+00 2.269167018333333452e+00 2.275000350000000005e+00 1.211689894052579751e-03
2.275000350000000005e+00 2.280833681666666557e+00 2.286667013333333109e+00 1.188981544523516534e-03
2.286667013333333109e+00 2.292500344999999662e+00 2.298333676666666658e+00 1.166879343170178478e-03
2.298333676666666658e+00 2.304167008333333211e+00 2.310000339999999763e+00 1.124532850835891027e-03
2.310000339999999763e+00 2.315833671666666760e+00 2.321667003333333312e+00 1.106077971910032938e-03
2.321667003333333312e+00 2.327500334999999865e+00 2.333333666666666417e+00 1.088117885804398138e-03
2.333333666666666417e+00 2.339166998333332970e+00 2.345000329999999966e+00 1.070640012081944259e-03
2.345000329999999966e+00 2.350833661666666519e+00 2.356666993333333071e+00 1.121153984482864754e-03
2.356666993333333071e+00 2.362500325000000068e+00 2.368333656666666620e+00 1.104476005564746432e-03
2.368333656666666620e+00 2.374166988333333173e+00 2.380000319999999725e+00 1.088247665947337291e-03
2.380000319999999725e+00 2.385833651666666277e+00 2.391666983333333274e+00 1.072457424918758133e-03
2.391666983333333274e+00 2.397500314999999826e+00 2.403333646666666379e+00 1.057094012758573454e-03
2.403333646666666379e+00 2.409166978333333375e+00 2.415000309999999928e+00 1.107286017045053163e-03
2.415000309999999928e+00 2.420833641666666480e+00 2.426666973333333033e+00 1.093452532186802405e-03
2.426666973333333033e+00 2.432500304999999585e+00 2.438333636666666582e+00 1.079994402536817166e-03
2.438333636666666582e+00 2.444166968333333134e+00 2.450000299999999687e+00 1.066901889699541995e-03
2.450000299999999687e+00 2.455833631666666683e+00 2.461666963333333236e+00 1.071254974115210586e-03
2.461666963333333236e+00 2.467500294999999788e+00 2.473333626666666341e+00 1.057852432753029776e-03
2.473333626666666341e+00 2.479166958333332893e+00 2.485000289999999890e+00 1.044815291760390090e-03
2.485000289999999890e+00 2.490833621666666886e+00 2.496666953333333439e+00 1.032133995944154370e-03
2.496666953333333439e+00 2.502500284999999991e+00 2.508333616666666543e+00 8.731081990394364521e-04
2.508333616666666543e+00 2.514166948333333096e+00 2.520000280000000092e+00 8.620172322130218931e-04
2.520000280000000092e+00 2.525833611666666645e+00 2.531666943333333197e+00 8.512299980054335077e-04
2.531666943333333197e+00 2.537500275000000194e+00 2.543333606666666746e+00 8.407384955586361727e-04
2.543333606666666746e+00 2.549166938333333299e+00 2.555000269999999851e+00 8.305349211752187464e-04
2.555000269999999851e+00 2.560833601666666404e+00 2.566666933333333400e+00 7.877822055727556503e-04
2.566666933333333400e+00 2.572500264999999953e+00 2.578333596666666505e+00 7.777249513873537006e-04
2.578333596666666505e+00 2.584166928333333502e+00 2.590000260000000054e+00 7.679445559251476096e-04
2.590000260000000054e+00 2.595833591666666607e+00 2.601666923333333159e+00 7.584336646567623342e-04
2.601666923333333159e+00 2.607500254999999711e+00 2.613333586666666708e+00 8.302459612594742175e-04
2.613333586666666708e+00 2.619166918333333260e+00 2.625000249999999813e+00 8.217765502632368591e-04
2.625000249999999813e+00 2.630833581666666809e+00 2.636666913333333362e+00 8.135411919596140934e-04
2.636666913333333362e+00 2.642500244999999914e+00 2.648333576666666467e+00 8.055336302544098461e-04
2.648333576666666467e+00 2.654166908333333019e+00 2.660000240000000016e+00 8.497079452955405218e-04
2.660000240000000016e+00 2.665833571666666568e+00 2.671666903333333121e+00 8.422288854997914262e-04
2.671666903333333121e+00 2.677500235000000117e+00 2.683333566666666670e+00 8.349572635019119086e-04
2.683333566666666670e+00 2.689166898333333222e+00 2.695000229999999775e+00 8.278875024753226588e-04
2.695000229999999775e+00 2.700833561666666327e+00 2.706666893333333324e+00 8.573952255804019595e-04
2.706666893333333324e+00 2.712500224999999876e+00 2.718333556666666428e+00 8.506858005741522229e-04
2.718333556666666428e+00 2.724166888333333425e+00 2.730000219999999977e+00 8.441631050001780281e-04
2.730000219999999977e+00 2.735833551666666530e+00 2.741666883333333082e+00 8.378220916162490949e-04
2.741666883333333082e+00 2.747500214999999635e+00 2.753333546666666631e+00 8.316578432574010500e-04
2.753333546666666631e+00 2.759166878333333184e+00 2.765000209999999736e+00 9.637357980632269006e-04
2.765000209999999736e+00 2.770833541666666733e+00 2.776666873333333285e+00 9.583084834522352224e-04
2.776666873333333285e+00 2.782500204999999838e+00 2.788333536666666390e+00 9.530328210637596578e-04
2.788333536666666390e+00 2.794166868333332943e+00 2.800000199999999939e+00 9.479046860907657532e-04
2.800000199999999939e+00 2.805833531666666492e+00 2.811666863333333044e+00 6.994469916710422102e-04
2.811666863333333044e+00 2.817500195000000041e+00 2.823333526666666593e+00 6.939422871050836489e-04
2.823333526666666593e+00 2.829166858333333145e+00 2.835000189999999698e+00 6.885918579116448359e-04
2.835000189999999698e+00 2.840833521666666250e+00 2.846666853333333247e+00 6.833914884260876505e-04
2.846666853333333247e+00 2.852500184999999799e+00 2.858333516666666352e+00 3.812287472865981105e-04
2.858333516666666352e+00 2.864166848333333348e+00 2.870000179999999901e+00 3.763888127098085918e-04
2.870000179999999901e+00 2.875833511666666453e+00 2.881666843333333006e+00 3.716849055835831118e-04
2.881666843333333006e+00 2.887500174999999558e+00 2.893333506666666555e+00 3.671132926866174759e-04
2.893333506666666555e+00 2.899166838333333107e+00 2.905000169999999660e+00 3.626703394629223398e-04
2.905000169999999660e+00 2.910833501666666656e+00 2.916666833333333209e+00 6.651002022399976014e-04
2.916666833333333209e+00 2.922500164999999761e+00 2.928333496666666314e+00 6.609064800203389659e-04
2.928333496666666314e+00 2.934166828333332866e+00 2.940000159999999862e+00 6.568310130127013495e-04
2.940000159999999862e+00 2.945833491666666415e+00 2.951666823333332967e+00 6.528705392945631644e-04
2.951666823333332967e+00 2.957500154999999964e+00 2.963333486666666516e+00 6.294645953349496757e-04
2.963333486666666516e+00 2.969166818333333069e+00 2.975000149999999621e+00 6.254995953497005916e-04
2.975000149999999621e+00 2.980833481666666174e+00 2.986666813333333170e+00 6.216466780429276895e-04
2.986666813333333170e+00 2.992500145000000167e+00 2.998333476666666719e+00 6.179027400793830112e-04
2.998333476666666719e+00 3.004166808333333272e+00 3.010000139999999824e+00 5.081915577347857239e-04
3.010000139999999824e+00 3.015833471666666377e+00 3.021666803333333373e+00 5.047453712549083461e-04
3.021666803333333373e+00 3.027500134999999926e+00 3.033333466666666478e+00 5.013968295582222267e-04
3.033333466666666478e+00 3.039166798333333475e+00 3.045000130000000027e+00 4.981432194693628671e-04
3.045000130000000027e+00 3.050833461666666580e+00 3.056666793333333132e+00 3.331591400926813516e-04
3.056666793333333132e+00 3.062500124999999684e+00 3.068333456666666681e+00 3.303534115863939000e-04
3.068333456666666681e+00 3.074166788333333233e+00 3.080000119999999786e+00 3.276273567639689387e-04
3.080000119999999786e+00 3.085833451666666782e+00 3.091666783333333335e+00 3.249787544072229618e-04
3.091666783333333335e+00 3.097500114999999887e+00 3.103333446666666440e+00 3.224054434902373732e-04
3.103333446666666440e+00 3.109166778333332992e+00 3.115000109999999989e+00 4.735710652428505607e-04
3.115000109999999989e+00 3.120833441666666541e+00 3.126666773333333094e+00 4.708453341656410225e-04
3.126666773333333094e+00 3.132500105000000090e+00 3.138333436666666643e+00 4.681972059068358560e-04
3.138333436666666643e+00 3.144166768333333195e+00 3.150000099999999748e+00 4.656245085415030020e-04
3.150000099999999748e+00 3.155833431666666300e+00 3.161666763333333297e+00 4.457590202006225322e-04
3.161666763333333297e+00 3.167500094999999849e+00 3.173333426666666401e+00 4.433809096770560676e-04
3.173333426666666401e+00 3.179166758333333398e+00 3.185000089999999950e+00 4.410706369538235647e-04
3.185000089999999950e+00 3.190833421666666503e+00 3.196666753333333055e+00 4.388262978674528332e-04
3.196666753333333055e+00 3.202500084999999608e+00 3.208333416666666604e+00 2.575792222948423320e-04
3.208333416666666604e+00 3.214166748333333157e+00 3.220000079999999709e+00 2.555608158466067428e-04
3.220000079999999709e+00 3.225833411666666706e+00 3.231666743333333258e+00 2.536000924028269650e-04
3.231666743333333258e+00 3.237500074999999811e+00 3.243333406666666363e+00 2.516954283849696635e-04
3.243333406666666363e+00 3.249166738333332916e+00 3.255000069999999912e+00 2.498452448676715537e-04
3.255000069999999912e+00 3.260833401666666465e+00 3.266666733333333017e+00 3.181168531892949449e-04
3.266666733333333017e+00 3.272500065000000014e+00 3.278333396666666566e+00 3.164530834379376172e-04
3.278333396666666566e+00 3.284166728333333118e+00 3.290000059999999671e+00 3.148369646459760868e-04
3.290000059999999671e+00 3.295833391666666223e+00 3.301666723333333220e+00 3.132671512815433305e-04
3.301666723333333220e+00 3.307500054999999772e+00 3.313333386666666325e+00 3.589190536050778659e-04
3.313333386666666325e+00 3.319166718333333321e+00 3.325000049999999874e+00 3.572097646270378890e-04
3.325000049999999874e+00 3.330833381666666426e+00 3.336666713333332979e+00 3.555495099584793416e-04
3.336666713333332979e+00 3.342500044999999531e+00 3.348333376666666528e+00 3.539369016622809791e-04
3.348333376666666528e+00 3.354166708333333080e+00 3.360000039999999633e+00 2.670752378874739069e-04
3.360000039999999633e+00 3.365833371666666629e+00 3.371666703333333182e+00 2.655102850393809303e-04
3.371666703333333182e+00 3.377500034999999734e+00 3.383333366666666286e+00 2.639902950853653479e-04
3.383333366666666286e+00 3.389166698333332839e+00 3.395000029999999835e+00 2.625139924289272581e-04
3.395000029999999835e+00 3.400833361666666388e+00 3.406666693333332940e+00 1.812264293287337946e-04
3.406666693333332940e+00 3.412500024999999937e+00 3.418333356666666489e+00 1.797506728137109727e-04
3.418333356666666489e+00 3.424166688333333042e+00 3.430000019999999594e+00 1.783173783056993689e-04
3.430000019999999594e+00 3.435833351666666147e+00 3.441666683333333143e+00 1.769253385622904576e-04
3.441666683333333143e+00 3.447500014999999696e+00 3.453333346666666248e+00 1.755733800548323531e-04
3.453333346666666248e+00 3.459166678333333245e+00 3.465000009999999797e+00 1.830787395531719417e-04
3.465000009999999797e+00 3.470833341666666350e+00 3.476666673333332902e+00 1.821201171935852919e-04
3.476666673333332902e+00 3.482500004999999454e+00 3.488333336666666451e+00 1.811891246023105686e-04
3.488333336666666451e+00 3.494166668333333448e+00 3.500000000000000000e+00 1.802849742470764968e-04
