9.999999999999999547e-07 5.834331666666665341e-03 1.166766333333333142e-02 3.191168773450617793e-05
1.166766333333333142e-02 1.750099499999999836e-02 2.333432666666666530e-02 2.621897977200461269e-04
2.333432666666666530e-02 2.916765833333333224e-02 3.500098999999999572e-02 6.733039459259713283e-04
3.500098999999999572e-02 4.083432166666665919e-02 4.666765333333332960e-02 1.227650565713539216e-03
4.666765333333332960e-02 5.250098500000000001e-02 5.833431666666666349e-02 1.895585978445806126e-03
5.833431666666666349e-02 6.416764833333332696e-02 7.000097999999999043e-02 2.652917514660452138e-03
7.000097999999999043e-02 7.583431166666665391e-02 8.166764333333333126e-02 3.479547094738729817e-03
8.166764333333333126e-02 8.750097499999999473e-02 9.333430666666665820e-02 4.358600789746202263e-03
9.333430666666665820e-02 9.916763833333332168e-02 1.050009699999999851e-01 5.275817673688891485e-03
1.050009699999999851e-01 1.108343016666666625e-01 1.166676333333333260e-01 6.219096019499828314e-03
1.166676333333333260e-01 1.225009649999999894e-01 1.283342966666666529e-01 7.178143232267292749e-03
1.283342966666666529e-01 1.341676283333333164e-01 1.400009599999999799e-01 8.144198267987196732e-03
1.400009599999999799e-01 1.458342916666666433e-01 1.516676233333333068e-01 9.109806920697210986e-03
1.516676233333333068e-01 1.575009549999999980e-01 1.633342866666666615e-01 1.006863695837922727e-02
1.633342866666666615e-01 1.691676183333333250e-01 1.750009499999999885e-01 1.101532408239424068e-02
1.750009499999999885e-01 1.808342816666666519e-01 1.866676133333333154e-01 1.194534223203499654e-02
1.866676133333333154e-01 1.925009449999999789e-01 1.983342766666666424e-01 1.285489344928690027e-02
1.983342766666666424e-01 2.041676083333333058e-01 2.100009399999999693e-01 1.374081368480995630e-02
2.100009399999999693e-01 2.158342716666666328e-01 2.216676033333333240e-01 1.460049175266187396e-02
2.216676033333333240e-01 2.275009349999999875e-01 2.333342666666666509e-01 1.543179924195706154e-02
2.333342666666666509e-01 2.391675983333333144e-01 2.450009299999999779e-01 1.623302963966908805e-02
2.450009299999999779e-01 2.508342616666666136e-01 2.566675933333332771e-01 1.700284525619145601e-02
2.566675933333332771e-01 2.625009249999999406e-01 2.683342566666666040e-01 1.774023080472433497e-02
2.683342566666666040e-01 2.741675883333332675e-01 2.800009199999999310e-01 1.844445268796194443e-02
2.800009199999999310e-01 2.858342516666665944e-01 2.916675833333332579e-01 1.911502320549368639e-02
2.916675833333332579e-01 2.975009149999999214e-01 3.033342466666665849e-01 1.975166902316525391e-02
3.033342466666665849e-01 3.091675783333333039e-01 3.150009099999999673e-01 2.035430334887198059e-02
3.150009099999999673e-01 3.208342416666666308e-01 3.266675733333332943e-01 2.092300134338503578e-02
3.266675733333332943e-01 3.325009049999999577e-01 3.383342366666666212e-01 2.145797836395094138e-02
3.383342366666666212e-01 3.441675683333332847e-01 3.500008999999999482e-01 2.195957069565919462e-02
3.500008999999999482e-01 3.558342316666666116e-01 3.616675633333332751e-01 2.242821847331284008e-02
3.616675633333332751e-01 3.675008949999999386e-01 3.733342266666666021e-01 2.286445053659713275e-02
3.733342266666666021e-01 3.791675583333332655e-01 3.850008899999999290e-01 2.326887099515003235e-02
3.850008899999999290e-01 3.908342216666665925e-01 3.966675533333332559e-01 2.364214730882569990e-02
3.966675533333332559e-01 4.025008849999999194e-01 4.083342166666665829e-01 2.398499971290017282e-02
4.083342166666665829e-01 4.141675483333332464e-01 4.200008799999999098e-01 2.429819183891808107e-02
4.200008799999999098e-01 4.258342116666665733e-01 4.316675433333332368e-01 2.458252239989579604e-02
4.316675433333332368e-01 4.375008749999999003e-01 4.433342066666666192e-01 2.483881782415291520e-02
4.433342066666666192e-01 4.491675383333332827e-01 4.550008699999999462e-01 2.506792573552320963e-02
4.550008699999999462e-01 4.608342016666666097e-01 4.666675333333332731e-01 2.527070918941427130e-02
4.666675333333332731e-01 4.725008649999999366e-01 4.783341966666666001e-01 2.544804158440536895e-02
4.783341966666666001e-01 4.841675283333332636e-01 4.900008599999999270e-01 2.560080217801052188e-02
4.900008599999999270e-01 4.958341916666666460e-01 5.016675233333333095e-01 2.572987214307236384e-02
5.016675233333333095e-01 5.075008549999999730e-01 5.133341866666666364e-01 2.583613110814401287e-02
5.133341866666666364e-01 5.191675183333332999e-01 5.250008499999999634e-01 2.592045413128818768e-02
5.250008499999999634e-01 5.308341816666666269e-01 5.366675133333332903e-01 2.598370906208722145e-02
5.366675133333332903e-01 5.425008449999999538e-01 5.483341766666666173e-01 2.602675425140385870e-02
5.483341766666666173e-01 5.541675083333332807e-01 5.600008399999999442e-01 2.605043657264163523e-02
5.600008399999999442e-01 5.658341716666666077e-01 5.716675033333332712e-01 2.605558972199287227e-02
5.716675033333332712e-01 5.775008349999999346e-01 5.833341666666665981e-01 2.604303276848916882e-02
5.833341666666665981e-01 5.891674983333332616e-01 5.950008299999999251e-01 2.601356892763451167e-02
5.950008299999999251e-01 6.008341616666665885e-01 6.066674933333332520e-01 2.596798453504781459e-02
6.066674933333332520e-01 6.125008249999999155e-01 6.183341566666665789e-01 2.590704819890744803e-02
6.183341566666665789e-01 6.241674883333332424e-01 6.300008200000000169e-01 2.583151011210740519e-02
6.300008200000000169e-01 6.358341516666666804e-01 6.416674833333333439e-01 2.574210150693235361e-02
6.416674833333333439e-01 6.475008150000000073e-01 6.533341466666666708e-01 2.563953423676086293e-02
6.533341466666666708e-01 6.591674783333333343e-01 6.650008099999999978e-01 2.552450047083468579e-02
6.650008099999999978e-01 6.708341416666666612e-01 6.766674733333333247e-01 2.539767248950650438e-02
6.766674733333333247e-01 6.825008049999999882e-01 6.883341366666666516e-01 2.525970256861516036e-02
6.883341366666666516e-01 6.941674683333333151e-01 7.000007999999999786e-01 2.511122294275129965e-02
7.000007999999999786e-01 7.058341316666666421e-01 7.116674633333333055e-01 2.495284583818010299e-02
7.116674633333333055e-01 7.175007949999999690e-01 7.233341266666666325e-01 2.478516356709379101e-02
7.233341266666666325e-01 7.291674583333332960e-01 7.350007899999999594e-01 2.460874867568389746e-02
7.350007899999999594e-01 7.408341216666666229e-01 7.466674533333332864e-01 2.442415413926158838e-02
7.466674533333332864e-01 7.525007849999999499e-01 7.583341166666666133e-01 2.423191359832214606e-02
7.583341166666666133e-01 7.641674483333332768e-01 7.700007799999999403e-01 2.403254163005289976e-02
7.700007799999999403e-01 7.758341116666666037e-01 7.816674433333332672e-01 2.382653405032985824e-02
7.816674433333332672e-01 7.875007749999999307e-01 7.933341066666665942e-01 2.361436824174285160e-02
7.933341066666665942e-01 7.991674383333332576e-01 8.050007699999999211e-01 2.339650350363621858e-02
8.050007699999999211e-01 8.108341016666665846e-01 8.166674333333332481e-01 2.317338142055721736e-02
8.166674333333332481e-01 8.225007649999999115e-01 8.283340966666665750e-01 2.294542624587203594e-02
8.283340966666665750e-01 8.341674283333332385e-01 8.400007599999999020e-01 2.271304529764159655e-02
8.400007599999999020e-01 8.458340916666665654e-01 8.516674233333332289e-01 2.247662936415112389e-02
8.516674233333332289e-01 8.575007549999998924e-01 8.633340866666665558e-01 2.223655311676102364e-02
8.633340866666665558e-01 8.691674183333333303e-01 8.750007499999999938e-01 2.199317552799419373e-02
8.750007499999999938e-01 8.808340816666666573e-01 8.866674133333333208e-01 2.174684029299994714e-02
8.866674133333333208e-01 8.925007449999999842e-01 8.983340766666666477e-01 2.149787625273807609e-02
8.983340766666666477e-01 9.041674083333333112e-01 9.100007399999999746e-01 2.124659781741179698e-02
9.100007399999999746e-01 9.158340716666666381e-01 9.216674033333333016e-01 2.099330538884508490e-02
9.216674033333333016e-01 9.275007349999999651e-01 9.333340666666666285e-01 2.073828578065221168e-02
9.333340666666666285e-01 9.391673983333332920e-01 9.450007299999999555e-01 2.048181263518418505e-02
9.450007299999999555e-01 9.508340616666666190e-01 9.566673933333332824e-01 2.022414683636176991e-02
9.566673933333332824e-01 9.625007249999999459e-01 9.683340566666666094e-01 1.996553691761706467e-02
9.683340566666666094e-01 9.741673883333332729e-01 9.800007199999999363e-01 1.970621946426763527e-02
9.800007199999999363e-01 9.858340516666665998e-01 9.916673833333332633e-01 1.944641950973972216e-02
9.916673833333332633e-01 9.975007149999999267e-01 1.003334046666666479e+00 1.918635092514005616e-02
1.003334046666666479e+00 1.009167378333333254e+00 1.015000709999999806e+00 1.892621680175110566e-02
1.015000709999999806e+00 1.020834041666666359e+00 1.026667373333333133e+00 1.866620982609284649e-02
1.026667373333333133e+00 1.032500704999999908e+00 1.038334036666666460e+00 1.840651264725496825e-02
1.038334036666666460e+00 1.044167368333333012e+00 1.050000699999999787e+00 1.814729823625889707e-02
1.050000699999999787e+00 1.055834031666666561e+00 1.061667363333333114e+00 1.788873023725850997e-02
1.061667363333333114e+00 1.067500694999999666e+00 1.073334026666666441e+00 1.763096331043304682e-02
1.073334026666666441e+00 1.079167358333333215e+00 1.085000689999999768e+00 1.737414346646562816e-02
1.085000689999999768e+00 1.090834021666666320e+00 1.096667353333333095e+00 1.711840839253675473e-02
1.096667353333333095e+00 1.102500684999999869e+00 1.108334016666666422e+00 1.686388776979396917e-02
1.108334016666666422e+00 1.114167348333332974e+00 1.120000679999999749e+00 1.661070358228777799e-02
1.120000679999999749e+00 1.125834011666666523e+00 1.131667343333333076e+00 1.635897041738863453e-02
1.131667343333333076e+00 1.137500674999999628e+00 1.143334006666666403e+00 1.610879575772340352e-02
1.143334006666666403e+00 1.149167338333333177e+00 1.155000669999999729e+00 1.586028026468841098e-02
1.155000669999999729e+00 1.160834001666666282e+00 1.166667333333333056e+00 1.561351805361486066e-02
1.166667333333333056e+00 1.172500664999999831e+00 1.178333996666666383e+00 1.536859696067717496e-02
1.178333996666666383e+00 1.184167328333332936e+00 1.190000659999999710e+00 1.512559880164850851e-02
1.190000659999999710e+00 1.195833991666666485e+00 1.201667323333333037e+00 1.488459962261923231e-02
1.201667323333333037e+00 1.207500654999999590e+00 1.213333986666666364e+00 1.464566994280478221e-02
1.213333986666666364e+00 1.219167318333333139e+00 1.225000649999999691e+00 1.440887498957712717e-02
1.225000649999999691e+00 1.230833981666666244e+00 1.236667313333333018e+00 1.417427492586221041e-02
1.236667313333333018e+00 1.242500644999999793e+00 1.248333976666666567e+00 1.394192507005123129e-02
1.248333976666666567e+00 1.254167308333333342e+00 1.260000639999999894e+00 1.371187610857931873e-02
1.260000639999999894e+00 1.265833971666666447e+00 1.271667303333333221e+00 1.348417430132861985e-02
1.271667303333333221e+00 1.277500634999999996e+00 1.283333966666666548e+00 1.325886168001651384e-02
1.283333966666666548e+00 1.289167298333333100e+00 1.295000629999999875e+00 1.303597623973185883e-02
1.295000629999999875e+00 1.300833961666666649e+00 1.306667293333333202e+00 1.281555212378386079e-02
1.306667293333333202e+00 1.312500624999999754e+00 1.318333956666666529e+00 1.259761980202970394e-02
1.318333956666666529e+00 1.324167288333333303e+00 1.330000619999999856e+00 1.238220624284659850e-02
1.330000619999999856e+00 1.335833951666666408e+00 1.341667283333333183e+00 1.216933507891524574e-02
1.341667283333333183e+00 1.347500614999999957e+00 1.353333946666666510e+00 1.195902676697998233e-02
1.353333946666666510e+00 1.359167278333333062e+00 1.365000609999999837e+00 1.175129874175099079e-02
1.365000609999999837e+00 1.370833941666666611e+00 1.376667273333333164e+00 1.154616556411213607e-02
1.376667273333333164e+00 1.382500604999999716e+00 1.388333936666666490e+00 1.134363906379687661e-02
1.388333936666666490e+00 1.394167268333333265e+00 1.400000599999999817e+00 1.114372847669249655e-02
1.400000599999999817e+00 1.405833931666666370e+00 1.411667263333333144e+00 1.094644057693138113e-02
1.411667263333333144e+00 1.417500594999999919e+00 1.423333926666666471e+00 1.075177980392516205e-02
1.423333926666666471e+00 1.429167258333333024e+00 1.435000589999999798e+00 1.055974838449585257e-02
1.435000589999999798e+00 1.440833921666666573e+00 1.446667253333333125e+00 1.037034645025470755e-02
1.446667253333333125e+00 1.452500584999999678e+00 1.458333916666666452e+00 1.018357215037767050e-02
1.458333916666666452e+00 1.464167248333333227e+00 1.470000579999999779e+00 9.999421759922627953e-03
1.470000579999999779e+00 1.475833911666666332e+00 1.481667243333333106e+00 9.817889783831400610e-03
1.481667243333333106e+00 1.487500574999999881e+00 1.493333906666666433e+00 9.638969056755857662e-03
1.493333906666666433e+00 1.499167238333332985e+00 1.505000569999999760e+00 9.462650838845145657e-03
1.505000569999999760e+00 1.510833901666666534e+00 1.516667233333333087e+00 9.288924907627111108e-03
1.516667233333333087e+00 1.522500564999999639e+00 1.528333896666666414e+00 9.117779646114656036e-03
1.528333896666666414e+00 1.534167228333333188e+00 1.540000559999999741e+00 8.949202127263900658e-03
1.540000559999999741e+00 1.545833891666666293e+00 1.551667223333333068e+00 8.783178194908522474e-03
1.551667223333333068e+00 1.557500554999999842e+00 1.563333886666666395e+00 8.619692541290923521e-03
1.563333886666666395e+00 1.569167218333332947e+00 1.575000549999999722e+00 8.458728781308077690e-03
1.575000549999999722e+00 1.580833881666666496e+00 1.586667213333333049e+00 8.300269523586598433e-03
1.586667213333333049e+00 1.592500544999999601e+00 1.598333876666666375e+00 8.144296438498579982e-03
1.598333876666666375e+00 1.604167208333333150e+00 1.610000539999999702e+00 7.990790323226460573e-03
1.610000539999999702e+00 1.615833871666666255e+00 1.621667203333333029e+00 7.839731163982415277e-03
1.621667203333333029e+00 1.627500534999999804e+00 1.633333866666666356e+00 7.691098195484458860e-03
1.633333866666666356e+00 1.639167198333332909e+00 1.645000529999999683e+00 7.544869957788677417e-03
1.645000529999999683e+00 1.650833861666666458e+00 1.656667193333333010e+00 7.401024350573975202e-03
1.656667193333333010e+00 1.662500524999999563e+00 1.668333856666666337e+00 7.259538684972853886e-03
1.668333856666666337e+00 1.674167188333333112e+00 1.680000519999999664e+00 7.120389733038941585e-03
1.680000519999999664e+00 1.685833851666666217e+00 1.691667183333332991e+00 6.983553774939222150e-03
1.691667183333332991e+00 1.697500514999999766e+00 1.703333846666666318e+00 6.849006643956028623e-03
1.703333846666666318e+00 1.709167178333332870e+00 1.715000509999999645e+00 6.716723769381548019e-03
1.715000509999999645e+00 1.720833841666666419e+00 1.726667173333332972e+00 6.586680217384509838e-03
1.726667173333332972e+00 1.732500504999999524e+00 1.738333836666666299e+00 6.458850729926608226e-03
1.738333836666666299e+00 1.744167168333333073e+00 1.750000499999999848e+00 6.333209761803368885e-03
1.750000499999999848e+00 1.755833831666666622e+00 1.761667163333333175e+00 6.209731515882061480e-03
1.761667163333333175e+00 1.767500494999999727e+00 1.773333826666666502e+00 6.088389976606513147e-03
1.773333826666666502e+00 1.779167158333333276e+00 1.785000489999999829e+00 5.969158941836678542e-03
1.785000489999999829e+00 1.790833821666666381e+00 1.796667153333333156e+00 5.852012053088429672e-03
1.796667153333333156e+00 1.802500484999999930e+00 1.808333816666666483e+00 5.736922824236758908e-03
1.808333816666666483e+00 1.814167148333333035e+00 1.820000479999999810e+00 5.623864668743624833e-03
1.820000479999999810e+00 1.825833811666666584e+00 1.831667143333333136e+00 5.512810925469351260e-03
1.831667143333333136e+00 1.837500474999999689e+00 1.843333806666666463e+00 5.403734883124738583e-03
1.843333806666666463e+00 1.849167138333333238e+00 1.855000469999999790e+00 5.296609803418797502e-03
1.855000469999999790e+00 1.860833801666666343e+00 1.866667133333333117e+00 5.191408942955339466e-03
1.866667133333333117e+00 1.872500464999999892e+00 1.878333796666666444e+00 5.088105573929576492e-03
1.878333796666666444e+00 1.884167128333332997e+00 1.890000459999999771e+00 4.986673003674301809e-03
1.890000459999999771e+00 1.895833791666666546e+00 1.901667123333333098e+00 4.887084593103284240e-03
1.901667123333333098e+00 1.907500454999999651e+00 1.913333786666666425e+00 4.789313774097887257e-03
1.913333786666666425e+00 1.919167118333333200e+00 1.925000449999999752e+00 4.693334065881295605e-03
1.925000449999999752e+00 1.930833781666666304e+00 1.936667113333333079e+00 4.599119090423135596e-03
1.936667113333333079e+00 1.942500444999999853e+00 1.948333776666666406e+00 4.506642586915524801e-03
1.948333776666666406e+00 1.954167108333332958e+00 1.960000439999999733e+00 4.415878425360559960e-03
1.960000439999999733e+00 1.965833771666666507e+00 1.971667103333333060e+00 4.326800619307158945e-03
1.971667103333333060e+00 1.977500434999999612e+00 1.983333766666666387e+00 4.239383337774370319e-03
1.983333766666666387e+00 1.989167098333333161e+00 1.995000429999999714e+00 4.153600916396430441e-03
1.995000429999999714e+00 2.000833761666666710e+00 2.006667093333333263e+00 4.069427867823883528e-03
2.006667093333333263e+00 2.012500424999999815e+00 2.018333756666666812e+00 3.986838891413524086e-03
2.018333756666666812e+00 2.024167088333333364e+00 2.030000419999999917e+00 3.905808882238884575e-03
2.030000419999999917e+00 2.035833751666666913e+00 2.041667083333333466e+00 3.826312939451694504e-03
2.041667083333333466e+00 2.047500415000000018e+00 2.053333746666666570e+00 3.748326374023593522e-03
2.053333746666666570e+00 2.059167078333333123e+00 2.065000410000000119e+00 3.671824715896319404e-03
2.065000410000000119e+00 2.070833741666666672e+00 2.076667073333333224e+00 3.596783720567434811e-03
2.076667073333333224e+00 2.082500405000000221e+00 2.088333736666666773e+00 3.523179375137668740e-03
2.088333736666666773e+00 2.094167068333333326e+00 2.100000399999999878e+00 3.450987903844943746e-03
2.100000399999999878e+00 2.105833731666666431e+00 2.111667063333333427e+00 3.380185773109100136e-03
2.111667063333333427e+00 2.117500394999999980e+00 2.123333726666666532e+00 3.310749696110574982e-03
2.123333726666666532e+00 2.129167058333333529e+00 2.135000390000000081e+00 3.242656636925155423e-03
2.135000390000000081e+00 2.140833721666666634e+00 2.146667053333333186e+00 3.175883814236218818e-03
2.146667053333333186e+00 2.152500384999999739e+00 2.158333716666666735e+00 3.110408704644983691e-03
2.158333716666666735e+00 2.164167048333333288e+00 2.170000379999999840e+00 3.046209045598420248e-03
2.170000379999999840e+00 2.175833711666666836e+00 2.181667043333333389e+00 2.983262837953824364e-03
2.181667043333333389e+00 2.187500374999999941e+00 2.193333706666666494e+00 2.921548348198071878e-03
2.193333706666666494e+00 2.199167038333333046e+00 2.205000370000000043e+00 2.861044110339121174e-03
2.205000370000000043e+00 2.210833701666666595e+00 2.216667033333333148e+00 2.801728927486363176e-03
2.216667033333333148e+00 2.222500365000000144e+00 2.228333696666666697e+00 2.743581873135942165e-03
2.228333696666666697e+00 2.234167028333333249e+00 2.240000359999999802e+00 2.686582292176362390e-03
2.240000359999999802e+00 2.245833691666666354e+00 2.251667023333333351e+00 2.630709801629162962e-03
2.251667023333333351e+00 2.257500354999999903e+00 2.263333686666666456e+00 2.575944291138800718e-03
2.263333686666666456e+00 2.269167018333333452e+00 2.275000350000000005e+00 2.522265923225287115e-03
2.275000350000000005e+00 2.280833681666666557e+00 2.286667013333333109e+00 2.469655133312563967e-03
2.286667013333333109e+00 2.292500344999999662e+00 2.298333676666666658e+00 2.418092629545054700e-03
2.298333676666666658e+00 2.304167008333333211e+00 2.310000339999999763e+00 2.367559392404341208e-03
2.310000339999999763e+00 2.315833671666666760e+00 2.321667003333333312e+00 2.318036674137343919e-03
2.321667003333333312e+00 2.327500334999999865e+00 2.333333666666666417e+00 2.269505998006967652e-03
2.333333666666666417e+00 2.339166998333332970e+00 2.345000329999999966e+00 2.221949157375613815e-03
2.345000329999999966e+00 2.350833661666666519e+00 2.356666993333333071e+00 2.175348214631660226e-03
2.356666993333333071e+00 2.362500325000000068e+00 2.368333656666666620e+00 2.129685499968404869e-03
2.368333656666666620e+00 2.374166988333333173e+00 2.380000319999999725e+00 2.084943610024682370e-03
2.380000319999999725e+00 2.385833651666666277e+00 2.391666983333333274e+00 2.041105406395858895e-03
2.391666983333333274e+00 2.397500314999999826e+00 2.403333646666666379e+00 1.998154014023644041e-03
2.403333646666666379e+00 2.409166978333333375e+00 2.415000309999999928e+00 1.956072819472696837e-03
2.415000309999999928e+00 2.420833641666666480e+00 2.426666973333333033e+00 1.914845469101628507e-03
2.426666973333333033e+00 2.432500304999999585e+00 2.438333636666666582e+00 1.874455867135747886e-03
2.438333636666666582e+00 2.444166968333333134e+00 2.450000299999999687e+00 1.834888173648549763e-03
2.450000299999999687e+00 2.455833631666666683e+00 2.461666963333333236e+00 1.796126802458497540e-03
2.461666963333333236e+00 2.467500294999999788e+00 2.473333626666666341e+00 1.758156418947579404e-03
2.473333626666666341e+00 2.479166958333332893e+00 2.485000289999999890e+00 1.720961937807587898e-03
2.485000289999999890e+00 2.490833621666666886e+00 2.496666953333333439e+00 1.684528520719959796e-03
2.496666953333333439e+00 2.502500284999999991e+00 2.508333616666666543e+00 1.648841573974661702e-03
2.508333616666666543e+00 2.514166948333333096e+00 2.520000280000000092e+00 1.613886746033383647e-03
2.520000280000000092e+00 2.525833611666666645e+00 2.531666943333333197e+00 1.579649925041996372e-03
2.531666943333333197e+00 2.537500275000000194e+00 2.543333606666666746e+00 1.546117236297081575e-03
2.543333606666666746e+00 2.549166938333333299e+00 2.555000269999999851e+00 1.513275039671061481e-03
2.555000269999999851e+00 2.560833601666666404e+00 2.566666933333333400e+00 1.481109927000141347e-03
2.566666933333333400e+00 2.572500264999999953e+00 2.578333596666666505e+00 1.449608719439328440e-03
2.578333596666666505e+00 2.584166928333333502e+00 2.590000260000000054e+00 1.418758464788263864e-03
2.590000260000000054e+00 2.595833591666666607e+00 2.601666923333333159e+00 1.388546434791653903e-03
2.601666923333333159e+00 2.607500254999999711e+00 2.613333586666666708e+00 1.358960122417776639e-03
2.613333586666666708e+00 2.619166918333333260e+00 2.625000249999999813e+00 1.329987239118412927e-03
2.625000249999999813e+00 2.630833581666666809e+00 2.636666913333333362e+00 1.301615712073381486e-03
2.636666913333333362e+00 2.642500244999999914e+00 2.648333576666666467e+00 1.273833681422600677e-03
2.648333576666666467e+00 2.654166908333333019e+00 2.660000240000000016e+00 1.246629497488610386e-03
2.660000240000000016e+00 2.665833571666666568e+00 2.671666903333333121e+00 1.219991717992178213e-03
2.671666903333333121e+00 2.677500235000000117e+00 2.683333566666666670e+00 1.193909105263551724e-03
2.683333566666666670e+00 2.689166898333333222e+00 2.695000229999999775e+00 1.168370623451762177e-03
2.695000229999999775e+00 2.700833561666666327e+00 2.706666893333333324e+00 1.143365435734241794e-03
2.706666893333333324e+00 2.712500224999999876e+00 2.718333556666666428e+00 1.118882901528916920e-03
2.718333556666666428e+00 2.724166888333333425e+00 2.730000219999999977e+00 1.094912573710769181e-03
2.730000219999999977e+00 2.735833551666666530e+00 2.741666883333333082e+00 1.071444195834801889e-03
2.741666883333333082e+00 2.747500214999999635e+00 2.753333546666666631e+00 1.048467699367176126e-03
2.753333546666666631e+00 2.759166878333333184e+00 2.765000209999999736e+00 1.025973200926224779e-03
2.765000209999999736e+00 2.770833541666666733e+00 2.776666873333333285e+00 1.003950999534919224e-03
2.776666873333333285e+00 2.782500204999999838e+00 2.788333536666666390e+00 9.823915738862813718e-04
2.788333536666666390e+00 2.794166868333332943e+00 2.800000199999999939e+00 9.612855796231128350e-04
2.800000199999999939e+00 2.805833531666666492e+00 2.811666863333333044e+00 9.406238466333877689e-04
2.811666863333333044e+00 2.817500195000000041e+00 2.823333526666666593e+00 9.203973763624920517e-04
2.823333526666666593e+00 2.829166858333333145e+00 2.835000189999999698e+00 9.005973391434583765e-04
2.835000189999999698e+00 2.840833521666666250e+00 2.846666853333333247e+00 8.812150715462557619e-04
2.846666853333333247e+00 2.852500184999999799e+00 2.858333516666666352e+00 8.622420737471309495e-04
2.858333516666666352e+00 2.864166848333333348e+00 2.870000179999999901e+00 8.436700069188982120e-04
2.870000179999999901e+00 2.875833511666666453e+00 2.881666843333333006e+00 8.254906906430423347e-04
2.881666843333333006e+00 2.887500174999999558e+00 2.893333506666666555e+00 8.076961003443958783e-04
2.893333506666666555e+00 2.899166838333333107e+00 2.905000169999999660e+00 7.902783647491438100e-04
2.905000169999999660e+00 2.910833501666666656e+00 2.916666833333333209e+00 7.732297633667865096e-04
2.916666833333333209e+00 2.922500164999999761e+00 2.928333496666666314e+00 7.565427239966955163e-04
2.928333496666666314e+00 2.934166828333332866e+00 2.940000159999999862e+00 7.402098202597826504e-04
2.940000159999999862e+00 2.945833491666666415e+00 2.951666823333332967e+00 7.242237691558300319e-04
2.951666823333332967e+00 2.957500154999999964e+00 2.963333486666666516e+00 7.085774286469038357e-04
2.963333486666666516e+00 2.969166818333333069e+00 2.975000149999999621e+00 6.932637952672628025e-04
2.975000149999999621e+00 2.980833481666666174e+00 2.986666813333333170e+00 6.782760017601398945e-04
2.986666813333333170e+00 2.992500145000000167e+00 2.998333476666666719e+00 6.636073147417224623e-04
2.998333476666666719e+00 3.004166808333333272e+00 3.010000139999999824e+00 6.492511323926043612e-04
3.010000139999999824e+00 3.015833471666666377e+00 3.021666803333333373e+00 6.352009821769638272e-04
3.021666803333333373e+00 3.027500134999999926e+00 3.033333466666666478e+00 6.214505185896732195e-04
3.033333466666666478e+00 3.039166798333333475e+00 3.045000130000000027e+00 6.079935209315444605e-04
3.045000130000000027e+00 3.050833461666666580e+00 3.056666793333333132e+00 5.948238911128149063e-04
3.056666793333333132e+00 3.062500124999999684e+00 3.068333456666666681e+00 5.819356514850303154e-04
3.068333456666666681e+00 3.074166788333333233e+00 3.080000119999999786e+00 5.693229427013863893e-04
3.080000119999999786e+00 3.085833451666666782e+00 3.091666783333333335e+00 5.569800216056019614e-04
3.091666783333333335e+00 3.097500114999999887e+00 3.103333446666666440e+00 5.449012591493631891e-04
3.103333446666666440e+00 3.109166778333332992e+00 3.115000109999999989e+00 5.330811383383300770e-04
3.115000109999999989e+00 3.120833441666666541e+00 3.126666773333333094e+00 5.215142522067181237e-04
3.126666773333333094e+00 3.132500105000000090e+00 3.138333436666666643e+00 5.101953018204098819e-04
3.138333436666666643e+00 3.144166768333333195e+00 3.150000099999999748e+00 4.991190943085400521e-04
3.150000099999999748e+00 3.155833431666666300e+00 3.161666763333333297e+00 4.882805409234826084e-04
3.161666763333333297e+00 3.167500094999999849e+00 3.173333426666666401e+00 4.776746551291586392e-04
3.173333426666666401e+00 3.179166758333333398e+00 3.185000089999999950e+00 4.672965507175558340e-04
3.185000089999999950e+00 3.190833421666666503e+00 3.196666753333333055e+00 4.571414399533122721e-04
3.196666753333333055e+00 3.202500084999999608e+00 3.208333416666666604e+00 4.472046317462620565e-04
3.208333416666666604e+00 3.214166748333333157e+00 3.220000079999999709e+00 4.374815298517688322e-04
3.220000079999999709e+00 3.225833411666666706e+00 3.231666743333333258e+00 4.279676310986847221e-04
3.231666743333333258e+00 3.237500074999999811e+00 3.243333406666666363e+00 4.186585236447629426e-04
3.243333406666666363e+00 3.249166738333332916e+00 3.255000069999999912e+00 4.095498852593217314e-04
3.255000069999999912e+00 3.260833401666666465e+00 3.266666733333333017e+00 4.006374816329872561e-04
3.266666733333333017e+00 3.272500065000000014e+00 3.278333396666666566e+00 3.919171647142716632e-04
3.278333396666666566e+00 3.284166728333333118e+00 3.290000059999999671e+00 3.833848710727940420e-04
3.290000059999999671e+00 3.295833391666666223e+00 3.301666723333333220e+00 3.750366202889076728e-04
3.301666723333333220e+00 3.307500054999999772e+00 3.313333386666666325e+00 3.668685133694992123e-04
3.313333386666666325e+00 3.319166718333333321e+00 3.325000049999999874e+00 3.588767311897183079e-04
3.325000049999999874e+00 3.330833381666666426e+00 3.336666713333332979e+00 3.510575329603905521e-04
3.336666713333332979e+00 3.342500044999999531e+00 3.348333376666666528e+00 3.434072547208570376e-04
3.348333376666666528e+00 3.354166708333333080e+00 3.360000039999999633e+00 3.359223078569895755e-04
3.360000039999999633e+00 3.365833371666666629e+00 3.371666703333333182e+00 3.285991776440976768e-04
3.371666703333333182e+00 3.377500034999999734e+00 3.383333366666666286e+00 3.214344218144832440e-04
3.383333366666666286e+00 3.389166698333332839e+00 3.395000029999999835e+00 3.144246691493457393e-04
3.395000029999999835e+00 3.400833361666666388e+00 3.406666693333332940e+00 3.075666180947811976e-04
3.406666693333332940e+00 3.412500024999999937e+00 3.418333356666666489e+00 3.008570354015789898e-04
3.418333356666666489e+00 3.424166688333333042e+00 3.430000019999999594e+00 2.942927547885465316e-04
3.430000019999999594e+00 3.435833351666666147e+00 3.441666683333333143e+00 2.878706756290662773e-04
3.441666683333333143e+00 3.447500014999999696e+00 3.453333346666666248e+00 2.815877616606053267e-04
3.453333346666666248e+00 3.459166678333333245e+00 3.465000009999999797e+00 2.754410397168853466e-04
3.465000009999999797e+00 3.470833341666666350e+00 3.476666673333332902e+00 2.694275984824247316e-04
3.476666673333332902e+00 3.482500004999999454e+00 3.488333336666666451e+00 2.635445872691590799e-04
3.488333336666666451e+00 3.494166668333333448e+00 3.500000000000000000e+00 2.577892148148471386e-04
