9.999999999999999547e-07 5.834331666666665341e-03 1.166766333333333142e-02 3.214049119490219685e-05
1.166766333333333142e-02 1.750099499999999836e-02 2.333432666666666530e-02 2.656072274341059517e-04
2.333432666666666530e-02 2.916765833333333224e-02 3.500098999999999572e-02 6.844667370879152285e-04
3.500098999999999572e-02 4.083432166666665919e-02 4.666765333333332960e-02 1.251032567518947213e-03
4.666765333333332960e-02 5.250098500000000001e-02 5.833431666666666349e-02 1.935085998172473079e-03
5.833431666666666349e-02 6.416764833333332696e-02 7.000097999999999043e-02 2.711680984493473456e-03
7.000097999999999043e-02 7.583431166666665391e-02 8.166764333333333126e-02 3.559918583638266212e-03
8.166764333333333126e-02 8.750097499999999473e-02 9.333430666666665820e-02 4.462140052835403443e-03
9.333430666666665820e-02 9.916763833333332168e-02 1.050009699999999851e-01 5.403347998186576982e-03
1.050009699999999851e-01 1.108343016666666625e-01 1.166676333333333260e-01 6.370768554589136511e-03
1.166676333333333260e-01 1.225009649999999894e-01 1.283342966666666529e-01 7.353508193235135278e-03
1.283342966666666529e-01 1.341676283333333164e-01 1.400009599999999799e-01 8.342277736176524627e-03
1.400009599999999799e-01 1.458342916666666433e-01 1.516676233333333068e-01 9.329166138465573924e-03
1.516676233333333068e-01 1.575009549999999980e-01 1.633342866666666615e-01 1.030745231492637311e-02
1.633342866666666615e-01 1.691676183333333250e-01 1.750009499999999885e-01 1.127144678379242426e-02
1.750009499999999885e-01 1.808342816666666519e-01 1.866676133333333154e-01 1.221635714976740221e-02
1.866676133333333154e-01 1.925009449999999789e-01 1.983342766666666424e-01 1.313817295991914075e-02
1.983342766666666424e-01 2.041676083333333058e-01 2.100009399999999693e-01 1.403356651598334365e-02
2.100009399999999693e-01 2.158342716666666328e-01 2.216676033333333240e-01 1.489980697818396246e-02
2.216676033333333240e-01 2.275009349999999875e-01 2.333342666666666509e-01 1.573468564699689182e-02
2.333342666666666509e-01 2.391675983333333144e-01 2.450009299999999779e-01 1.653645072244646144e-02
2.450009299999999779e-01 2.508342616666666136e-01 2.566675933333332771e-01 1.730375015593561480e-02
2.566675933333332771e-01 2.625009249999999406e-01 2.683342566666666040e-01 1.803558145432660256e-02
2.683342566666666040e-01 2.741675883333332675e-01 2.800009199999999310e-01 1.873124748858034233e-02
2.800009199999999310e-01 2.858342516666665944e-01 2.916675833333332579e-01 1.939031751275692786e-02
2.916675833333332579e-01 2.975009149999999214e-01 3.033342466666665849e-01 2.001259272289641553e-02
3.033342466666665849e-01 3.091675783333333039e-01 3.150009099999999673e-01 2.059807578602244546e-02
3.150009099999999673e-01 3.208342416666666308e-01 3.266675733333332943e-01 2.114694385225825840e-02
3.266675733333332943e-01 3.325009049999999577e-01 3.383342366666666212e-01 2.165952463157963179e-02
3.383342366666666212e-01 3.441675683333332847e-01 3.500008999999999482e-01 2.213627517391291918e-02
3.500008999999999482e-01 3.558342316666666116e-01 3.616675633333332751e-01 2.257776303931894116e-02
3.616675633333332751e-01 3.675008949999999386e-01 3.733342266666666021e-01 2.298464958559589058e-02
3.733342266666666021e-01 3.791675583333332655e-01 3.850008899999999290e-01 2.335767513513057822e-02
3.850008899999999290e-01 3.908342216666665925e-01 3.966675533333332559e-01 2.369764581229218126e-02
3.966675533333332559e-01 4.025008849999999194e-01 4.083342166666665829e-01 2.400542186794781332e-02
4.083342166666665829e-01 4.141675483333332464e-01 4.200008799999999098e-01 2.428190732947122996e-02
4.200008799999999098e-01 4.258342116666665733e-01 4.316675433333332368e-01 2.452804083347125824e-02
4.316675433333332368e-01 4.375008749999999003e-01 4.433342066666666192e-01 2.474478751484095185e-02
4.433342066666666192e-01 4.491675383333332827e-01 4.550008699999999462e-01 2.493313183999631283e-02
4.550008699999999462e-01 4.608342016666666097e-01 4.666675333333332731e-01 2.509407128464477554e-02
4.666675333333332731e-01 4.725008649999999366e-01 4.783341966666666001e-01 2.522861076735543814e-02
4.783341966666666001e-01 4.841675283333332636e-01 4.900008599999999270e-01 2.533775775981271516e-02
4.900008599999999270e-01 4.958341916666666460e-01 5.016675233333333095e-01 2.542251800310216248e-02
5.016675233333333095e-01 5.075008549999999730e-01 5.133341866666666364e-01 2.548389176685529958e-02
5.133341866666666364e-01 5.191675183333332999e-01 5.250008499999999634e-01 2.552287059469990696e-02
5.250008499999999634e-01 5.308341816666666269e-01 5.366675133333332903e-01 2.554043448533285104e-02
5.366675133333332903e-01 5.425008449999999538e-01 5.483341766666666173e-01 2.553754946374896598e-02
5.483341766666666173e-01 5.541675083333332807e-01 5.600008399999999442e-01 2.551516550180292150e-02
5.600008399999999442e-01 5.658341716666666077e-01 5.716675033333332712e-01 2.547421475142111480e-02
5.716675033333332712e-01 5.775008349999999346e-01 5.833341666666665981e-01 2.541561005747747931e-02
5.833341666666665981e-01 5.891674983333332616e-01 5.950008299999999251e-01 2.534024372065242156e-02
5.950008299999999251e-01 6.008341616666665885e-01 6.066674933333332520e-01 2.524898648355475630e-02
6.066674933333332520e-01 6.125008249999999155e-01 6.183341566666665789e-01 2.514268671603920799e-02
6.183341566666665789e-01 6.241674883333332424e-01 6.300008200000000169e-01 2.502216977803465442e-02
6.300008200000000169e-01 6.358341516666666804e-01 6.416674833333333439e-01 2.488823754033762242e-02
6.416674833333333439e-01 6.475008150000000073e-01 6.533341466666666708e-01 2.474166804575042219e-02
6.533341466666666708e-01 6.591674783333333343e-01 6.650008099999999978e-01 2.458321529467595926e-02
6.650008099999999978e-01 6.708341416666666612e-01 6.766674733333333247e-01 2.441360914084220526e-02
6.766674733333333247e-01 6.825008049999999882e-01 6.883341366666666516e-01 2.423355528423708910e-02
6.883341366666666516e-01 6.941674683333333151e-01 7.000007999999999786e-01 2.404373534960442885e-02
7.000007999999999786e-01 7.058341316666666421e-01 7.116674633333333055e-01 2.384480703999870138e-02
7.116674633333333055e-01 7.175007949999999690e-01 7.233341266666666325e-01 2.363740435593249950e-02
7.233341266666666325e-01 7.291674583333332960e-01 7.350007899999999594e-01 2.342213787158709676e-02
7.350007899999999594e-01 7.408341216666666229e-01 7.466674533333332864e-01 2.319959506040413996e-02
7.466674533333332864e-01 7.525007849999999499e-01 7.583341166666666133e-01 2.297034066314234887e-02
7.583341166666666133e-01 7.641674483333332768e-01 7.700007799999999403e-01 2.273491709217792880e-02
7.700007799999999403e-01 7.758341116666666037e-01 7.816674433333332672e-01 2.249384486645455289e-02
7.816674433333332672e-01 7.875007749999999307e-01 7.933341066666665942e-01 2.224762307205880793e-02
7.933341066666665942e-01 7.991674383333332576e-01 8.050007699999999211e-01 2.199672984391195726e-02
8.050007699999999211e-01 8.108341016666665846e-01 8.166674333333332481e-01 2.174162286453606291e-02
8.166674333333332481e-01 8.225007649999999115e-01 8.283340966666665750e-01 2.148273987627601425e-02
8.283340966666665750e-01 8.341674283333332385e-01 8.400007599999999020e-01 2.122049920374219009e-02
8.400007599999999020e-01 8.458340916666665654e-01 8.516674233333332289e-01 2.095530028358671623e-02
8.516674233333332289e-01 8.575007549999998924e-01 8.633340866666665558e-01 2.068752419904089368e-02
8.633340866666665558e-01 8.691674183333333303e-01 8.750007499999999938e-01 2.041753421692688725e-02
8.750007499999999938e-01 8.808340816666666573e-01 8.866674133333333208e-01 2.014567632511581399e-02
8.866674133333333208e-01 8.925007449999999842e-01 8.983340766666666477e-01 1.987227976863815970e-02
8.983340766666666477e-01 9.041674083333333112e-01 9.100007399999999746e-01 1.959765758286509396e-02
9.100007399999999746e-01 9.158340716666666381e-01 9.216674033333333016e-01 1.932210712237086847e-02
9.216674033333333016e-01 9.275007349999999651e-01 9.333340666666666285e-01 1.904591058426077094e-02
9.333340666666666285e-01 9.391673983333332920e-01 9.450007299999999555e-01 1.876933552490590157e-02
9.450007299999999555e-01 9.508340616666666190e-01 9.566673933333332824e-01 1.849263536916838022e-02
9.566673933333332824e-01 9.625007249999999459e-01 9.683340566666666094e-01 1.821604991132876397e-02
9.683340566666666094e-01 9.741673883333332729e-01 9.800007199999999363e-01 1.793980580704349417e-02
9.800007199999999363e-01 9.858340516666665998e-01 9.916673833333332633e-01 1.766411705576462210e-02
9.916673833333332633e-01 9.975007149999999267e-01 1.003334046666666479e+00 1.738918547314815058e-02
1.003334046666666479e+00 1.009167378333333254e+00 1.015000709999999806e+00 1.711520115306202142e-02
1.015000709999999806e+00 1.020834041666666359e+00 1.026667373333333133e+00 1.684234291888139778e-02
1.026667373333333133e+00 1.032500704999999908e+00 1.038334036666666460e+00 1.657077876382652068e-02
1.038334036666666460e+00 1.044167368333333012e+00 1.050000699999999787e+00 1.630066628016052163e-02
1.050000699999999787e+00 1.055834031666666561e+00 1.061667363333333114e+00 1.603215307711884641e-02
1.061667363333333114e+00 1.067500694999999666e+00 1.073334026666666441e+00 1.576537718749128694e-02
1.073334026666666441e+00 1.079167358333333215e+00 1.085000689999999768e+00 1.550046746282108742e-02
1.085000689999999768e+00 1.090834021666666320e+00 1.096667353333333095e+00 1.523754395722467722e-02
1.096667353333333095e+00 1.102500684999999869e+00 1.108334016666666422e+00 1.497671829986949206e-02
1.108334016666666422e+00 1.114167348333332974e+00 1.120000679999999749e+00 1.471809405617852291e-02
1.120000679999999749e+00 1.125834011666666523e+00 1.131667343333333076e+00 1.446176707785621837e-02
1.131667343333333076e+00 1.137500674999999628e+00 1.143334006666666403e+00 1.420782584185442503e-02
1.143334006666666403e+00 1.149167338333333177e+00 1.155000669999999729e+00 1.395635177841736234e-02
1.155000669999999729e+00 1.160834001666666282e+00 1.166667333333333056e+00 1.370741958836237638e-02
1.166667333333333056e+00 1.172500664999999831e+00 1.178333996666666383e+00 1.346109754976846512e-02
1.178333996666666383e+00 1.184167328333332936e+00 1.190000659999999710e+00 1.321744781425810387e-02
1.190000659999999710e+00 1.195833991666666485e+00 1.201667323333333037e+00 1.297652669306830105e-02
1.201667323333333037e+00 1.207500654999999590e+00 1.213333986666666364e+00 1.273838493311697448e-02
1.213333986666666364e+00 1.219167318333333139e+00 1.225000649999999691e+00 1.250306798327735155e-02
1.225000649999999691e+00 1.230833981666666244e+00 1.236667313333333018e+00 1.227061625108036291e-02
1.236667313333333018e+00 1.242500644999999793e+00 1.248333976666666567e+00 1.204106535006894962e-02
1.248333976666666567e+00 1.254167308333333342e+00 1.260000639999999894e+00 1.181444633803230282e-02
1.260000639999999894e+00 1.265833971666666447e+00 1.271667303333333221e+00 1.159078594635061694e-02
1.271667303333333221e+00 1.277500634999999996e+00 1.283333966666666548e+00 1.137010680068226663e-02
1.283333966666666548e+00 1.289167298333333100e+00 1.295000629999999875e+00 1.115242763322655227e-02
1.295000629999999875e+00 1.300833961666666649e+00 1.306667293333333202e+00 1.093776348679455397e-02
1.306667293333333202e+00 1.312500624999999754e+00 1.318333956666666529e+00 1.072612591092056596e-02
1.318333956666666529e+00 1.324167288333333303e+00 1.330000619999999856e+00 1.051752315024469080e-02
1.330000619999999856e+00 1.335833951666666408e+00 1.341667283333333183e+00 1.031196032539593958e-02
1.341667283333333183e+00 1.347500614999999957e+00 1.353333946666666510e+00 1.010943960660237728e-02
1.353333946666666510e+00 1.359167278333333062e+00 1.365000609999999837e+00 9.909960380252491596e-03
1.365000609999999837e+00 1.370833941666666611e+00 1.376667273333333164e+00 9.713519408628726662e-03
1.376667273333333164e+00 1.382500604999999716e+00 1.388333936666666490e+00 9.520110983030891094e-03
1.388333936666666490e+00 1.394167268333333265e+00 1.400000599999999817e+00 9.329727070503274558e-03
1.400000599999999817e+00 1.405833931666666370e+00 1.411667263333333144e+00 9.142357454375905218e-03
1.411667263333333144e+00 1.417500594999999919e+00 1.423333926666666471e+00 8.957989868825616889e-03
1.423333926666666471e+00 1.429167258333333024e+00 1.435000589999999798e+00 8.776610127659225866e-03
1.435000589999999798e+00 1.440833921666666573e+00 1.446667253333333125e+00 8.598202247516027741e-03
1.446667253333333125e+00 1.452500584999999678e+00 1.458333916666666452e+00 8.422748565682897093e-03
1.458333916666666452e+00 1.464167248333333227e+00 1.470000579999999779e+00 8.250229852710453879e-03
1.470000579999999779e+00 1.475833911666666332e+00 1.481667243333333106e+00 8.080625420014359364e-03
1.481667243333333106e+00 1.487500574999999881e+00 1.493333906666666433e+00 7.913913222641053014e-03
1.493333906666666433e+00 1.499167238333332985e+00 1.505000569999999760e+00 7.750069957372737565e-03
1.505000569999999760e+00 1.510833901666666534e+00 1.516667233333333087e+00 7.589071156341620390e-03
1.516667233333333087e+00 1.522500564999999639e+00 1.528333896666666414e+00 7.430891276318979215e-03
1.528333896666666414e+00 1.534167228333333188e+00 1.540000559999999741e+00 7.275503783839724903e-03
1.540000559999999741e+00 1.545833891666666293e+00 1.551667223333333068e+00 7.122881236318923809e-03
1.551667223333333068e+00 1.557500554999999842e+00 1.563333886666666395e+00 6.972995359311795656e-03
1.563333886666666395e+00 1.569167218333332947e+00 1.575000549999999722e+00 6.825817120064585526e-03
1.575000549999999722e+00 1.580833881666666496e+00 1.586667213333333049e+00 6.681316797498882548e-03
1.586667213333333049e+00 1.592500544999999601e+00 1.598333876666666375e+00 6.539464048767981881e-03
1.598333876666666375e+00 1.604167208333333150e+00 1.610000539999999702e+00 6.400227972519248812e-03
1.610000539999999702e+00 1.615833871666666255e+00 1.621667203333333029e+00 6.263577168992413152e-03
1.621667203333333029e+00 1.627500534999999804e+00 1.633333866666666356e+00 6.129479797079442557e-03
1.633333866666666356e+00 1.639167198333332909e+00 1.645000529999999683e+00 5.997903628467714243e-03
1.645000529999999683e+00 1.650833861666666458e+00 1.656667193333333010e+00 5.868816098983904196e-03
1.656667193333333010e+00 1.662500524999999563e+00 1.668333856666666337e+00 5.742184357252638933e-03
1.668333856666666337e+00 1.674167188333333112e+00 1.680000519999999664e+00 5.617975310779449796e-03
1.680000519999999664e+00 1.685833851666666217e+00 1.691667183333332991e+00 5.496155669564512306e-03
1.691667183333332991e+00 1.697500514999999766e+00 1.703333846666666318e+00 5.376691987349436000e-03
1.703333846666666318e+00 1.709167178333332870e+00 1.715000509999999645e+00 5.259550700596335275e-03
1.715000509999999645e+00 1.720833841666666419e+00 1.726667173333332972e+00 5.144698165294399328e-03
1.726667173333332972e+00 1.732500504999999524e+00 1.738333836666666299e+00 5.032100691686415030e-03
1.738333836666666299e+00 1.744167168333333073e+00 1.750000499999999848e+00 4.921724577003818574e-03
1.750000499999999848e+00 1.755833831666666622e+00 1.761667163333333175e+00 4.813536136296180275e-03
1.761667163333333175e+00 1.767500494999999727e+00 1.773333826666666502e+00 4.707501731437545300e-03
1.773333826666666502e+00 1.779167158333333276e+00 1.785000489999999829e+00 4.603587798389235930e-03
1.785000489999999829e+00 1.790833821666666381e+00 1.796667153333333156e+00 4.501760872795777975e-03
1.796667153333333156e+00 1.802500484999999930e+00 1.808333816666666483e+00 4.401987613987697057e-03
1.808333816666666483e+00 1.814167148333333035e+00 1.820000479999999810e+00 4.304234827462284120e-03
1.820000479999999810e+00 1.825833811666666584e+00 1.831667143333333136e+00 4.208469485910653132e-03
1.831667143333333136e+00 1.837500474999999689e+00 1.843333806666666463e+00 4.114658748856935000e-03
1.843333806666666463e+00 1.849167138333333238e+00 1.855000469999999790e+00 4.022769980972822762e-03
1.855000469999999790e+00 1.860833801666666343e+00 1.866667133333333117e+00 3.932770769128441854e-03
1.866667133333333117e+00 1.872500464999999892e+00 1.878333796666666444e+00 3.844628938237877255e-03
1.878333796666666444e+00 1.884167128333332997e+00 1.890000459999999771e+00 3.758312565955818866e-03
1.890000459999999771e+00 1.895833791666666546e+00 1.901667123333333098e+00 3.673789996279179602e-03
1.901667123333333098e+00 1.907500454999999651e+00 1.913333786666666425e+00 3.591029852105712301e-03
1.913333786666666425e+00 1.919167118333333200e+00 1.925000449999999752e+00 3.510001046799434126e-03
1.925000449999999752e+00 1.930833781666666304e+00 1.936667113333333079e+00 3.430672794810805774e-03
1.936667113333333079e+00 1.942500444999999853e+00 1.948333776666666406e+00 3.353014621397535505e-03
1.948333776666666406e+00 1.954167108333332958e+00 1.960000439999999733e+00 3.276996371490225636e-03
1.960000439999999733e+00 1.965833771666666507e+00 1.971667103333333060e+00 3.202588217745113309e-03
1.971667103333333060e+00 1.977500434999999612e+00 1.983333766666666387e+00 3.129760667824559636e-03
1.983333766666666387e+00 1.989167098333333161e+00 1.995000429999999714e+00 3.058484570944171050e-03
1.995000429999999714e+00 2.000833761666666710e+00 2.006667093333333263e+00 2.988731123723993403e-03
2.006667093333333263e+00 2.012500424999999815e+00 2.018333756666666812e+00 2.920471875379429972e-03
2.018333756666666812e+00 2.024167088333333364e+00 2.030000419999999917e+00 2.853678732286298123e-03
2.030000419999999917e+00 2.035833751666666913e+00 2.041667083333333466e+00 2.788323961952850812e-03
2.041667083333333466e+00 2.047500415000000018e+00 2.053333746666666570e+00 2.724380196430202603e-03
2.053333746666666570e+00 2.059167078333333123e+00 2.065000410000000119e+00 2.661820435191343537e-03
2.065000410000000119e+00 2.070833741666666672e+00 2.076667073333333224e+00 2.600618047507601439e-03
2.076667073333333224e+00 2.082500405000000221e+00 2.088333736666666773e+00 2.540746774350132169e-03
2.088333736666666773e+00 2.094167068333333326e+00 2.100000399999999878e+00 2.482180729842928344e-03
2.100000399999999878e+00 2.105833731666666431e+00 2.111667063333333427e+00 2.424894402292536010e-03
2.111667063333333427e+00 2.117500394999999980e+00 2.123333726666666532e+00 2.368862654818764540e-03
2.123333726666666532e+00 2.129167058333333529e+00 2.135000390000000081e+00 2.314060725609441618e-03
2.135000390000000081e+00 2.140833721666666634e+00 2.146667053333333186e+00 2.260464227821300243e-03
2.146667053333333186e+00 2.152500384999999739e+00 2.158333716666666735e+00 2.208049149148157489e-03
2.158333716666666735e+00 2.164167048333333288e+00 2.170000379999999840e+00 2.156791851076545093e-03
2.170000379999999840e+00 2.175833711666666836e+00 2.181667043333333389e+00 2.106669067848000471e-03
2.181667043333333389e+00 2.187500374999999941e+00 2.193333706666666494e+00 2.057657905146507721e-03
2.193333706666666494e+00 2.199167038333333046e+00 2.205000370000000043e+00 2.009735838528528204e-03
2.205000370000000043e+00 2.210833701666666595e+00 2.216667033333333148e+00 1.962880711612477024e-03
2.216667033333333148e+00 2.222500365000000144e+00 2.228333696666666697e+00 1.917070734043547836e-03
2.228333696666666697e+00 2.234167028333333249e+00 2.240000359999999802e+00 1.872284479249143509e-03
2.240000359999999802e+00 2.245833691666666354e+00 2.251667023333333351e+00 1.828500881999424931e-03
2.251667023333333351e+00 2.257500354999999903e+00 2.263333686666666456e+00 1.785699235786838372e-03
2.263333686666666456e+00 2.269167018333333452e+00 2.275000350000000005e+00 1.743859190037776695e-03
2.275000350000000005e+00 2.280833681666666557e+00 2.286667013333333109e+00 1.702960747168916905e-03
2.286667013333333109e+00 2.292500344999999662e+00 2.298333676666666658e+00 1.662984259500201872e-03
2.298333676666666658e+00 2.304167008333333211e+00 2.310000339999999763e+00 1.623910426035825218e-03
2.310000339999999763e+00 2.315833671666666760e+00 2.321667003333333312e+00 1.585720289124018445e-03
2.321667003333333312e+00 2.327500334999999865e+00 2.333333666666666417e+00 1.548395231005937189e-03
2.333333666666666417e+00 2.339166998333332970e+00 2.345000329999999966e+00 1.511916970263362360e-03
2.345000329999999966e+00 2.350833661666666519e+00 2.356666993333333071e+00 1.476267558174561550e-03
2.356666993333333071e+00 2.362500325000000068e+00 2.368333656666666620e+00 1.441429374987094909e-03
2.368333656666666620e+00 2.374166988333333173e+00 2.380000319999999725e+00 1.407385126115851415e-03
2.380000319999999725e+00 2.385833651666666277e+00 2.391666983333333274e+00 1.374117838274367242e-03
2.391666983333333274e+00 2.397500314999999826e+00 2.403333646666666379e+00 1.341610855546838694e-03
2.403333646666666379e+00 2.409166978333333375e+00 2.415000309999999928e+00 1.309847835407996954e-03
2.415000309999999928e+00 2.420833641666666480e+00 2.426666973333333033e+00 1.278812744697579475e-03
2.426666973333333033e+00 2.432500304999999585e+00 2.438333636666666582e+00 1.248489855555767487e-03
2.438333636666666582e+00 2.444166968333333134e+00 2.450000299999999687e+00 1.218863741325637530e-03
2.450000299999999687e+00 2.455833631666666683e+00 2.461666963333333236e+00 1.189919272428336186e-03
2.461666963333333236e+00 2.467500294999999788e+00 2.473333626666666341e+00 1.161641612216345043e-03
2.473333626666666341e+00 2.479166958333332893e+00 2.485000289999999890e+00 1.134016212809934015e-03
2.485000289999999890e+00 2.490833621666666886e+00 2.496666953333333439e+00 1.107028810921601922e-03
2.496666953333333439e+00 2.502500284999999991e+00 2.508333616666666543e+00 1.080665423673035424e-03
2.508333616666666543e+00 2.514166948333333096e+00 2.520000280000000092e+00 1.054912344408794316e-03
2.520000280000000092e+00 2.525833611666666645e+00 2.531666943333333197e+00 1.029756138510805200e-03
2.531666943333333197e+00 2.537500275000000194e+00 2.543333606666666746e+00 1.005183639217353949e-03
2.543333606666666746e+00 2.549166938333333299e+00 2.555000269999999851e+00 9.811819434501580818e-04
2.555000269999999851e+00 2.560833601666666404e+00 2.566666933333333400e+00 9.577384076528008090e-04
2.566666933333333400e+00 2.572500264999999953e+00 2.578333596666666505e+00 9.348406436436731233e-04
2.578333596666666505e+00 2.584166928333333502e+00 2.590000260000000054e+00 9.124765144862845853e-04
2.590000260000000054e+00 2.595833591666666607e+00 2.601666923333333159e+00 8.906341303796941940e-04
2.601666923333333159e+00 2.607500254999999711e+00 2.613333586666666708e+00 8.693018445715679048e-04
2.613333586666666708e+00 2.619166918333333260e+00 2.625000249999999813e+00 8.484682492962503184e-04
2.625000249999999813e+00 2.630833581666666809e+00 2.636666913333333362e+00 8.281221717400352083e-04
2.636666913333333362e+00 2.642500244999999914e+00 2.648333576666666467e+00 8.082526700356600655e-04
2.648333576666666467e+00 2.654166908333333019e+00 2.660000240000000016e+00 7.888490292879481473e-04
2.660000240000000016e+00 2.665833571666666568e+00 2.671666903333333121e+00 7.699007576323196314e-04
2.671666903333333121e+00 2.677500235000000117e+00 2.683333566666666670e+00 7.513975823277936270e-04
2.683333566666666670e+00 2.689166898333333222e+00 2.695000229999999775e+00 7.333294458859745306e-04
2.695000229999999775e+00 2.700833561666666327e+00 2.706666893333333324e+00 7.156865022373684387e-04
2.706666893333333324e+00 2.712500224999999876e+00 2.718333556666666428e+00 6.984591129362968318e-04
2.718333556666666428e+00 2.724166888333333425e+00 2.730000219999999977e+00 6.816378434055258857e-04
2.730000219999999977e+00 2.735833551666666530e+00 2.741666883333333082e+00 6.652134592216530024e-04
2.741666883333333082e+00 2.747500214999999635e+00 2.753333546666666631e+00 6.491769224421843837e-04
2.753333546666666631e+00 2.759166878333333184e+00 2.765000209999999736e+00 6.335193879751291595e-04
2.765000209999999736e+00 2.770833541666666733e+00 2.776666873333333285e+00 6.182321999918797455e-04
2.776666873333333285e+00 2.782500204999999838e+00 2.788333536666666390e+00 6.033068883840245070e-04
2.788333536666666390e+00 2.794166868333332943e+00 2.800000199999999939e+00 5.887351652646802573e-04
2.800000199999999939e+00 2.805833531666666492e+00 2.811666863333333044e+00 5.745089215148646827e-04
2.811666863333333044e+00 2.817500195000000041e+00 2.823333526666666593e+00 5.606202233753278469e-04
2.823333526666666593e+00 2.829166858333333145e+00 2.835000189999999698e+00 5.470613090842256065e-04
2.835000189999999698e+00 2.840833521666666250e+00 2.846666853333333247e+00 5.338245855609268040e-04
2.846666853333333247e+00 2.852500184999999799e+00 2.858333516666666352e+00 5.209026251362113046e-04
2.858333516666666352e+00 2.864166848333333348e+00 2.870000179999999901e+00 5.082881623290337559e-04
2.870000179999999901e+00 2.875833511666666453e+00 2.881666843333333006e+00 4.959740906699934776e-04
2.881666843333333006e+00 2.887500174999999558e+00 2.893333506666666555e+00 4.839534595715865354e-04
2.893333506666666555e+00 2.899166838333333107e+00 2.905000169999999660e+00 4.722194712452809835e-04
2.905000169999999660e+00 2.910833501666666656e+00 2.916666833333333209e+00 4.607654776654027530e-04
2.916666833333333209e+00 2.922500164999999761e+00 2.928333496666666314e+00 4.495849775797712534e-04
2.928333496666666314e+00 2.934166828333332866e+00 2.940000159999999862e+00 4.386716135670031555e-04
2.940000159999999862e+00 2.945833491666666415e+00 2.951666823333332967e+00 4.280191691403545775e-04
2.951666823333332967e+00 2.957500154999999964e+00 2.963333486666666516e+00 4.176215658979257062e-04
2.963333486666666516e+00 2.969166818333333069e+00 2.975000149999999621e+00 4.074728607190422408e-04
2.975000149999999621e+00 2.980833481666666174e+00 2.986666813333333170e+00 3.975672430065876548e-04
2.986666813333333170e+00 2.992500145000000167e+00 2.998333476666666719e+00 3.878990319750132750e-04
2.998333476666666719e+00 3.004166808333333272e+00 3.010000139999999824e+00 3.784626739837745890e-04
3.010000139999999824e+00 3.015833471666666377e+00 3.021666803333333373e+00 3.692527399158548039e-04
3.021666803333333373e+00 3.027500134999999926e+00 3.033333466666666478e+00 3.602639226010661178e-04
3.033333466666666478e+00 3.039166798333333475e+00 3.045000130000000027e+00 3.514910342837785609e-04
3.045000130000000027e+00 3.050833461666666580e+00 3.056666793333333132e+00 3.429290041346959588e-04
3.056666793333333132e+00 3.062500124999999684e+00 3.068333456666666681e+00 3.345728758062928797e-04
3.068333456666666681e+00 3.074166788333333233e+00 3.080000119999999786e+00 3.264178050315232299e-04
3.080000119999999786e+00 3.085833451666666782e+00 3.091666783333333335e+00 3.184590572653610134e-04
3.091666783333333335e+00 3.097500114999999887e+00 3.103333446666666440e+00 3.106920053687485766e-04
3.103333446666666440e+00 3.109166778333332992e+00 3.115000109999999989e+00 3.031121273345108494e-04
3.115000109999999989e+00 3.120833441666666541e+00 3.126666773333333094e+00 2.957150040547672611e-04
3.126666773333333094e+00 3.132500105000000090e+00 3.138333436666666643e+00 2.884963171293831487e-04
3.138333436666666643e+00 3.144166768333333195e+00 3.150000099999999748e+00 2.814518467149800299e-04
3.150000099999999748e+00 3.155833431666666300e+00 3.161666763333333297e+00 2.745774694140148443e-04
3.161666763333333297e+00 3.167500094999999849e+00 3.173333426666666401e+00 2.678691562034404340e-04
3.173333426666666401e+00 3.179166758333333398e+00 3.185000089999999950e+00 2.613229704024499947e-04
3.185000089999999950e+00 3.190833421666666503e+00 3.196666753333333055e+00 2.549350656787932666e-04
3.196666753333333055e+00 3.202500084999999608e+00 3.208333416666666604e+00 2.487016840931589542e-04
3.208333416666666604e+00 3.214166748333333157e+00 3.220000079999999709e+00 2.426191541811098442e-04
3.220000079999999709e+00 3.225833411666666706e+00 3.231666743333333258e+00 2.366838890720543778e-04
3.231666743333333258e+00 3.237500074999999811e+00 3.243333406666666363e+00 2.308923846447297884e-04
3.243333406666666363e+00 3.249166738333332916e+00 3.255000069999999912e+00 2.252412177186828655e-04
3.255000069999999912e+00 3.260833401666666465e+00 3.266666733333333017e+00 2.197270442812161370e-04
3.266666733333333017e+00 3.272500065000000014e+00 3.278333396666666566e+00 2.143465977492823877e-04
3.278333396666666566e+00 3.284166728333333118e+00 3.290000059999999671e+00 2.090966872658050623e-04
3.290000059999999671e+00 3.295833391666666223e+00 3.301666723333333220e+00 2.039741960298857603e-04
3.301666723333333220e+00 3.307500054999999772e+00 3.313333386666666325e+00 1.989760796603966199e-04
3.313333386666666325e+00 3.319166718333333321e+00 3.325000049999999874e+00 1.940993645924179827e-04
3.325000049999999874e+00 3.330833381666666426e+00 3.336666713333332979e+00 1.893411465060077805e-04
3.336666713333332979e+00 3.342500044999999531e+00 3.348333376666666528e+00 1.846985887867834744e-04
3.348333376666666528e+00 3.354166708333333080e+00 3.360000039999999633e+00 1.801689210177973477e-04
3.360000039999999633e+00 3.365833371666666629e+00 3.371666703333333182e+00 1.757494375021953069e-04
3.371666703333333182e+00 3.377500034999999734e+00 3.383333366666666286e+00 1.714374958161418380e-04
3.383333366666666286e+00 3.389166698333332839e+00 3.395000029999999835e+00 1.672305153915070158e-04
3.395000029999999835e+00 3.400833361666666388e+00 3.406666693333332940e+00 1.631259761278114958e-04
3.406666693333332940e+00 3.412500024999999937e+00 3.418333356666666489e+00 1.591214170329281524e-04
3.418333356666666489e+00 3.424166688333333042e+00 3.430000019999999594e+00 1.552144348920394895e-04
3.430000019999999594e+00 3.435833351666666147e+00 3.441666683333333143e+00 1.514026829643641244e-04
3.441666683333333143e+00 3.447500014999999696e+00 3.453333346666666248e+00 1.476838697071616098e-04
3.453333346666666248e+00 3.459166678333333245e+00 3.465000009999999797e+00 1.440557575265289476e-04
3.465000009999999797e+00 3.470833341666666350e+00 3.476666673333332902e+00 1.405161615545162191e-04
3.476666673333332902e+00 3.482500004999999454e+00 3.488333336666666451e+00 1.370629484520788344e-04
3.488333336666666451e+00 3.494166668333333448e+00 3.500000000000000000e+00 1.336940352374056424e-04
