3.000000000000000e+00 2.746595458266935e-08
3.214557915712819e+00 2.701280217855627e-08
3.444460864490648e+00 2.658502313357088e-08
3.690806312437145e+00 2.618538091241813e-08
3.954770215669222e+00 2.581058864584938e-08
4.237612633868262e+00 2.546498684937680e-08
4.540683745308624e+00 2.514402354057263e-08
4.865430292076790e+00 2.484348470797200e-08
5.213402486248126e+00 2.456242572789872e-08
5.586261409988602e+00 2.430039787183811e-08
5.985786944906638e+00 2.405680664779299e-08
6.413886268506697e+00 2.383294688879909e-08
6.872602958303320e+00 2.362747907169400e-08
7.364126747055092e+00 2.342964049688033e-08
7.890803975686145e+00 2.324146481499843e-08
8.455148793793359e+00 2.306759260312262e-08
9.059855161206047e+00 2.291069536231380e-08
9.707809707888847e+00 2.276411783645585e-08
1.040210551357595e+01 2.262769847024993e-08
1.114605687291518e+01 2.250192106764446e-08
1.194321511660492e+01 2.238838203183450e-08
1.279738556404778e+01 2.228279228010552e-08
1.371264568844625e+01 2.218502877548803e-08
1.469336458105338e+01 2.209506384439912e-08
1.574422380749317e+01 2.201361704198610e-08
1.687023975571047e+01 2.193947655689742e-08
1.807678758223073e+01 2.187148442096687e-08
1.936962687103966e+01 2.181439389959768e-08
2.075492912756810e+01 2.176359367107397e-08
2.223930723902753e+01 2.172507777000587e-08
2.382984704172844e+01 2.169403467837220e-08
2.553414114607129e+01 2.166884865200114e-08
2.736032518067729e+01 2.165100282348823e-08
2.931711662867432e+01 2.164125757398165e-08
3.141385644152698e+01 2.164097398301857e-08
3.366055362905890e+01 2.165040853256030e-08
3.606793303852239e+01 2.167648698675095e-08
3.864748655079400e+01 2.170279928781228e-08
4.141152793808653e+01 2.175005245321757e-08
4.437325164504621e+01 2.202459286476506e-08
4.754679577383340e+01 2.191591548518888e-08
5.094730957385232e+01 2.203482870954655e-08
5.459102575829949e+01 2.212943229615551e-08
5.849533799274136e+01 2.227289513162913e-08
6.267888392562115e+01 2.244141358875534e-08
6.716163415705016e+01 2.264049745389635e-08
7.196498757058468e+01 2.289929258732050e-08
7.711187348306589e+01 2.319200659332781e-08
8.262686110014498e+01 2.352381800823357e-08
8.853627679999155e+01 2.374091269408853e-08
9.486832980505137e+01 2.442573202406500e-08
1.016532468417608e+02 2.493046910874453e-08
1.089234164310305e+02 2.560868555300751e-08
1.167135434982842e+02 2.636899936514350e-08
1.250608150411006e+02 2.726309290687204e-08
1.340050776452890e+02 2.830509140652986e-08
1.435890276967915e+02 2.958410221274632e-08
1.538584151974095e+02 3.102929866913987e-08
1.648622621572873e+02 3.287869493191386e-08
1.766530966066768e+02 3.500450586908507e-08
1.892872033440580e+02 3.751360778904946e-08
2.028248926175944e+02 4.048987745205268e-08
2.173307880224970e+02 4.388860454267915e-08
2.328741349886074e+02 4.812893215446587e-08
2.495291313308014e+02 5.260186333345832e-08
2.673752814401236e+02 5.734156871489245e-08
2.864977758064309e+02 6.206414480088652e-08
3.069878976842262e+02 6.648528794420981e-08
3.289434588429556e+02 6.980192244870803e-08
3.524692664818589e+02 7.181324646890511e-08
3.776776235382504e+02 7.274109606906198e-08
4.046888647774961e+02 7.320159259536900e-08
4.336319312237786e+02 7.345670254478908e-08
4.646449856737445e+02 7.218545463825678e-08
4.978760722312681e+02 7.308152808945437e-08
5.334838230116770e+02 7.526111772296814e-08
5.716382153889741e+02 7.873143397770127e-08
6.125213834008591e+02 8.279576528702600e-08
6.563284871848658e+02 8.587588310514890e-08
7.032686445959771e+02 8.833956088428182e-08
7.535659294528741e+02 8.930120560284954e-08
8.074604411780745e+02 9.053726832437796e-08
8.652094509379821e+02 9.336917419800809e-08
9.270886297540770e+02 9.789445921424098e-08
9.933933644477737e+02 1.042146258967745e-07
1.064440167700726e+03 1.067607485004581e-07
1.140568188961684e+03 1.091643936411637e-07
1.222140833412338e+03 1.142081484454530e-07
1.309547496720498e+03 1.201817195386630e-07
1.403205423861595e+03 1.229828316509938e-07
1.503561700881816e+03 1.285351909990717e-07
1.611095389110759e+03 1.395366044613980e-07
1.726319812011471e+03 1.476211678746299e-07
1.849785005584447e+03 1.593987557221981e-07
1.982080344022788e+03 1.752567405938979e-07
2.123837353152415e+03 1.934966381865671e-07
2.275732725087551e+03 2.426417354249692e-07
2.438491548492297e+03 2.953112945103564e-07
2.612890769868242e+03 3.575067305414705e-07
2.799762902390973e+03 4.250843077310346e-07
3.000000000000001e+03 4.188331366755475e-07
