3.000000000000000000e+00 1.928592841030424360e-09
3.214557915712819014e+00 1.679803705041461800e-09
3.444460864490648255e+00 1.463101907170253043e-09
3.690806312437144854e+00 1.274339726817208977e-09
3.954770215669221933e+00 1.109932796622661238e-09
4.237612633868262257e+00 9.667689688637823580e-10
4.540683745308624175e+00 8.422063801933883485e-10
4.865430292076790231e+00 7.335643538357758174e-10
5.213402486248125633e+00 6.389828979375608974e-10
5.586261409988601656e+00 5.565722807810849339e-10
5.985786944906638318e+00 4.848105971861307917e-10
6.413886268506696631e+00 4.222870126782996347e-10
6.872602958303319909e+00 3.678447225563941647e-10
7.364126747055092181e+00 3.203941491683758729e-10
7.890803975686145222e+00 2.790895591457204018e-10
8.455148793793359374e+00 2.431273097497560764e-10
9.059855161206046503e+00 2.118007883491194332e-10
9.707809707888847228e+00 1.844632032234892827e-10
1.040210551357594859e+01 1.606881791028849623e-10
1.114605687291517633e+01 1.400143883604501456e-10
1.194321511660491808e+01 1.219973208440308207e-10
1.279738556404778116e+01 1.062904561049598562e-10
1.371264568844624598e+01 9.260926342839479558e-11
1.469336458105338217e+01 8.068319969154449030e-11
1.574422380749317441e+01 7.029557566347923358e-11
1.687023975571047174e+01 6.124690669480185133e-11
1.807678758223073245e+01 5.337419358447307961e-11
1.936962687103966374e+01 4.650771957318803726e-11
2.075492912756809716e+01 4.053154752333769198e-11
2.223930723902752860e+01 3.533654948124364026e-11
2.382984704172843848e+01 3.081493893767406311e-11
2.553414114607128838e+01 2.687046155025401541e-11
2.736032518067728603e+01 2.341892557634899519e-11
2.931711662867431656e+01 2.042289838304731950e-11
3.141385644152698475e+01 1.781060052550372508e-11
3.366055362905890291e+01 1.553465022652989516e-11
3.606793303852239063e+01 1.368273519968234040e-11
3.864748655079399953e+01 1.183082017283478403e-11
4.141152793808652888e+01 1.032625611823485434e-11
4.437325164504621000e+01 9.022844339371099542e-12
4.754679577383339506e+01 7.889376478224675607e-12
5.094730957385232273e+01 6.898803864289208483e-12
5.459102575829949444e+01 6.026207606234580491e-12
5.849533799274135504e+01 5.272137900248997308e-12
6.267888392562115030e+01 4.614482956741343904e-12
6.716163415705015893e+01 4.042024216719549062e-12
7.196498757058468243e+01 3.545251053115794956e-12
7.711187348306589229e+01 3.111574268562148493e-12
8.262686110014497842e+01 2.720962581671663219e-12
8.853627679999155475e+01 2.402011145059085046e-12
9.486832980505137414e+01 2.116537773624806289e-12
1.016532468417607618e+02 1.867041442998104854e-12
1.089234164310304607e+02 1.649702261272397956e-12
1.167135434982841815e+02 1.457225138136089635e-12
1.250608150411005681e+02 1.290895347194400488e-12
1.340050776452889636e+02 1.145577003867939899e-12
1.435890276967914758e+02 1.021293106415021279e-12
1.538584151974094993e+02 9.108912231290148637e-13
1.648622621572873470e+02 8.142258848954293885e-13
1.766530966066767689e+02 7.294926651199232136e-13
1.892872033440579571e+02 6.548941673857721048e-13
2.028248926175944291e+02 5.892011292807744744e-13
2.173307880224970461e+02 5.308143226330747896e-13
2.328741349886074374e+02 4.789498047940512352e-13
2.495291313308013628e+02 4.319817583437765878e-13
2.673752814401236151e+02 3.891673432193894139e-13
2.864977758064308659e+02 3.498696572198141929e-13
3.069878976842261977e+02 3.137150815527973676e-13
3.289434588429556356e+02 2.800155951066083480e-13
3.524692664818588810e+02 2.488571237783143333e-13
3.776776235382503728e+02 2.205137335448896932e-13
4.046888647774961214e+02 1.949175210354718334e-13
4.336319312237785653e+02 1.719748011618979221e-13
4.646449856737445430e+02 1.517703620664165261e-13
4.978760722312680969e+02 1.344825840557615737e-13
5.334838230116770319e+02 1.200741573463232053e-13
5.716382153889741176e+02 1.077669092844085766e-13
6.125213834008591220e+02 9.751752941051779459e-14
6.563284871848658213e+02 8.848845838970221929e-14
7.032686445959770936e+02 8.045439089216267520e-14
7.535659294528741157e+02 7.301213383757185173e-14
8.074604411780744613e+02 6.627173639163545638e-14
8.652094509379820693e+02 6.053323829306797887e-14
9.270886297540770329e+02 5.604514596369554977e-14
9.933933644477737062e+02 5.227273977407067207e-14
1.064440167700726306e+03 4.882528375999112272e-14
1.140568188961684200e+03 4.569074716767113282e-14
1.222140833412338225e+03 4.281078480473387873e-14
1.309547496720497520e+03 4.087628435207189590e-14
1.403205423861594909e+03 3.924678670041346832e-14
1.503561700881816478e+03 3.785574678847987732e-14
1.611095389110758788e+03 3.716557663529137973e-14
1.726319812011470503e+03 3.694144101882587917e-14
1.849785005584447390e+03 3.693646020839090345e-14
1.982080344022788040e+03 3.752619286115381909e-14
2.123837353152414835e+03 3.897503852262301164e-14
2.275732725087551444e+03 4.161312540593861849e-14
2.438491548492297170e+03 4.405168937259893957e-14
2.612890769868242387e+03 4.438270761118331597e-14
2.799762902390972613e+03 4.274254871668187250e-14
3.000000000000000909e+03 3.737545014736148855e-14
