3.000000000000000000e+00 1.593283994281248098e-08
3.214557915712819014e+00 1.387667756219269821e-08
3.444460864490648255e+00 1.208199897524470601e-08
3.690806312437144854e+00 1.053400700040477336e-08
3.954770215669221933e+00 9.169878704241378287e-09
4.237612633868262257e+00 7.986920569809259406e-09
4.540683745308624175e+00 6.959896733766574816e-09
4.865430292076790231e+00 6.064324194540078249e-09
5.213402486248125633e+00 5.278571077553897635e-09
5.586261409988601656e+00 4.597585907126464116e-09
5.985786944906638318e+00 4.005302549870824787e-09
6.413886268506696631e+00 3.487965567422918198e-09
6.872602958303319909e+00 3.038458448941326061e-09
7.364126747055092181e+00 2.646601449049614545e-09
7.890803975686145222e+00 2.305409040422869688e-09
8.455148793793359374e+00 2.008228268394481876e-09
9.059855161206046503e+00 1.749626491160492796e-09
9.707809707888847228e+00 1.524236531649884474e-09
1.040210551357594859e+01 1.327885453236703814e-09
1.114605687291517633e+01 1.156878848493700678e-09
1.194321511660491808e+01 1.007956714593295816e-09
1.279738556404778116e+01 8.782255839347879865e-10
1.371264568844624598e+01 7.723446230614113154e-10
1.469336458105338217e+01 6.664636621880346443e-10
1.574422380749317441e+01 5.808212280836178030e-10
1.687023975571047174e+01 5.064330827452547172e-10
1.807678758223073245e+01 4.414107237516176261e-10
1.936962687103966374e+01 3.847812275505011107e-10
2.075492912756809716e+01 3.354520969478821715e-10
2.223930723902752860e+01 2.924987078225995648e-10
2.382984704172843848e+01 2.551457368817694792e-10
2.553414114607128838e+01 2.225606201204751606e-10
2.736032518067728603e+01 1.941777207483732778e-10
2.931711662867431656e+01 1.694555139694194016e-10
3.141385644152698475e+01 1.479208612210043236e-10
3.366055362905890291e+01 1.291672105883771467e-10
3.606793303852239063e+01 1.133235147898295195e-10
3.864748655079399953e+01 9.860260403022862221e-11
4.141152793808652888e+01 8.621579741745473670e-11
4.437325164504621000e+01 7.544924057293762593e-11
4.754679577383339506e+01 6.672047088715389847e-11
5.094730957385232273e+01 5.799170120137017102e-11
5.459102575829949444e+01 5.076065046138281954e-11
5.849533799274135504e+01 4.455499325073658093e-11
6.267888392562115030e+01 3.915167847445492894e-11
6.716163415705015893e+01 3.444631030334838899e-11
7.196498757058468243e+01 3.036972820852769479e-11
7.711187348306589229e+01 2.681559098077677676e-11
8.262686110014497842e+01 2.371830334469348565e-11
8.853627679999155475e+01 2.102268714911094960e-11
9.486832980505137414e+01 1.868604124619753446e-11
1.016532468417607618e+02 1.665210606853102793e-11
1.089234164310304607e+02 1.490166370508269433e-11
1.167135434982841815e+02 1.337633427404060080e-11
1.250608150411005681e+02 1.205463191923825466e-11
1.340050776452889636e+02 1.090944017780422155e-11
1.435890276967914758e+02 9.940936547539203387e-12
1.538584151974094993e+02 9.094597774473678839e-12
1.648622621572873470e+02 8.384715633826476104e-12
1.766530966066767689e+02 7.756302118031358358e-12
1.892872033440579571e+02 7.255220822995099108e-12
2.028248926175944291e+02 6.810886641675465913e-12
2.173307880224970461e+02 6.426274803694670651e-12
2.328741349886074374e+02 6.109430252702270918e-12
2.495291313308013628e+02 5.796217919143198289e-12
2.673752814401236151e+02 5.479543787579359720e-12
2.864977758064308659e+02 5.141442855100095542e-12
3.069878976842261977e+02 4.755149204566400015e-12
3.289434588429556356e+02 4.304857205567229955e-12
3.524692664818588810e+02 3.854565206568059894e-12
3.776776235382503728e+02 3.382069817078202998e-12
4.046888647774961214e+02 2.932169467853108329e-12
4.336319312237785653e+02 2.533022890056511236e-12
4.646449856737445430e+02 2.197007664900602951e-12
4.978760722312680969e+02 1.931200271143634959e-12
5.334838230116770319e+02 1.723772338753716186e-12
5.716382153889741176e+02 1.558105874196729828e-12
6.125213834008591220e+02 1.412014024388690969e-12
6.563284871848658213e+02 1.263198687835343543e-12
7.032686445959770936e+02 1.118837957796268892e-12
7.535659294528741157e+02 9.778822414160995540e-13
8.074604411780744613e+02 8.590370610611734098e-13
8.652094509379820693e+02 7.647961816631138590e-13
9.270886297540770329e+02 6.970283742845869984e-13
9.933933644477737062e+02 6.292928817020654984e-13
1.064440167700726306e+03 5.535877054728770982e-13
1.140568188961684200e+03 4.926950978823847239e-13
1.222140833412338225e+03 4.459589473412484989e-13
1.309547496720497520e+03 4.049266902091561822e-13
1.403205423861594909e+03 3.601218193927432912e-13
1.503561700881816478e+03 3.273961707838208982e-13
1.611095389110758788e+03 3.075739963544188051e-13
1.726319812011470503e+03 2.836510269162545073e-13
1.849785005584447390e+03 2.678067555272848090e-13
1.982080344022788040e+03 2.576922110899458422e-13
2.123837353152414835e+03 2.507942198376169406e-13
2.275732725087551444e+03 2.719963500767285905e-13
2.438491548492297170e+03 2.861685670233105678e-13
2.612890769868242387e+03 2.960293494516819751e-13
2.799762902390972613e+03 2.995041306690881790e-13
3.000000000000000909e+03 2.581698696338556864e-13
