0 1.855119e-09
1 1.243274e-09
2 8.146873e-10
3 5.365398e-10
4 3.595114e-10
5 2.458807e-10
6 1.701486e-10
7 1.172127e-10
8 7.887530e-11
9 5.103755e-11
10 3.142790e-11
11 1.832849e-11
12 1.013783e-11
13 5.352494e-12
14 2.722313e-12
15 2.962049e-09
16 2.022510e-09
17 1.332272e-09
18 8.690001e-10
19 5.745652e-10
20 3.874981e-10
21 2.664299e-10
22 1.843077e-10
23 1.259182e-10
24 8.343379e-11
25 5.286643e-11
26 3.178077e-11
27 1.807804e-11
28 9.772405e-12
29 5.060130e-12
30 3.379569e-09
31 2.321420e-09
32 1.535180e-09
33 9.995225e-10
34 6.585487e-10
35 4.421196e-10
36 3.030785e-10
37 2.096068e-10
38 1.436480e-10
39 9.575057e-11
40 6.117709e-11
41 3.709930e-11
42 2.129324e-11
43 1.159857e-11
44 6.042945e-12
45 3.622957e-09
46 2.495892e-09
47 1.653727e-09
48 1.075941e-09
49 7.076794e-10
50 4.740663e-10
51 3.244757e-10
52 2.243822e-10
53 1.540155e-10
54 1.029506e-10
55 6.600928e-11
56 4.020131e-11
57 2.316873e-11
58 1.266904e-11
59 6.619501e-12
60 3.793146e-09
61 2.617756e-09
62 1.736741e-09
63 1.129284e-09
64 7.418899e-10
65 4.963438e-10
66 3.393627e-10
67 2.346680e-10
68 1.612189e-10
69 1.079604e-10
70 6.938630e-11
71 4.236396e-11
72 2.447774e-11
73 1.341229e-11
74 7.021051e-12
75 3.925664e-09
76 2.712896e-09
77 1.801241e-09
78 1.170846e-09
79 7.685499e-10
80 5.137099e-10
81 3.510354e-10
82 2.427219e-10
83 1.668570e-10
84 1.118842e-10
85 7.203009e-11
86 4.405717e-11
87 2.549883e-11
88 1.399470e-11
89 7.333644e-12
90 4.037831e-09
91 2.792748e-09
92 1.855519e-09
93 1.205869e-09
94 7.910140e-10
95 5.283060e-10
96 3.607980e-10
97 2.494684e-10
98 1.715828e-10
99 1.151658e-10
100 7.424083e-11
101 4.547431e-11
102 2.635800e-11
103 1.448161e-11
104 7.595793e-12
105 4.136428e-09
106 2.863495e-09
107 1.903728e-09
108 1.236977e-09
109 8.110233e-10
110 5.412969e-10
111 3.695300e-10
112 2.554643e-10
113 1.757806e-10
114 1.180847e-10
115 7.620003e-11
116 4.673594e-11
117 2.711981e-11
118 1.491630e-11
119 7.829855e-12
120 4.233881e-09
121 2.933263e-09
122 1.950825e-09
123 1.267361e-09
124 8.305201e-10
125 5.540285e-10
126 3.780385e-10
127 2.613534e-10
128 1.799069e-10
129 1.209457e-10
130 7.814387e-11
131 4.798077e-11
132 2.787065e-11
133 1.534233e-11
134 8.058123e-12
135 4.357440e-09
136 3.022391e-09
137 2.010943e-09
138 1.305975e-09
139 8.553046e-10
140 5.701216e-10
141 3.888527e-10
142 2.688565e-10
143 1.851513e-10
144 1.245986e-10
145 8.058956e-11
146 4.955888e-11
147 2.882297e-11
148 1.588379e-11
149 8.349689e-12
150 5.652123e-09
151 3.972981e-09
152 2.679497e-09
153 1.742193e-09
154 1.133452e-09
155 7.480913e-10
156 5.054057e-10
157 3.478698e-10
158 2.402758e-10
159 1.633292e-10
160 1.073336e-10
161 6.725050e-11
162 3.989818e-11
163 2.239424e-11
164 1.195367e-11
165 7.028723e-09
166 4.991788e-09
167 3.408527e-09
168 2.229352e-09
169 1.443048e-09
170 9.461185e-10
171 6.337470e-10
172 4.335810e-10
173 2.994031e-10
174 2.047360e-10
175 1.360303e-10
176 8.651218e-11
177 5.218429e-11
178 2.976969e-11
179 1.611709e-11
180 7.874118e-09
181 5.619215e-09
182 3.858502e-09
183 2.533291e-09
184 1.636467e-09
185 1.069821e-09
186 7.130889e-10
187 4.865689e-10
188 3.357648e-10
189 2.302148e-10
190 1.537055e-10
191 9.840840e-11
192 5.981385e-11
193 3.438291e-11
194 1.873911e-11
195 8.468261e-09
196 6.060703e-09
197 4.175259e-09
198 2.747250e-09
199 1.772748e-09
200 1.156874e-09
201 7.692074e-10
202 5.239673e-10
203 3.614041e-10
204 2.481116e-10
205 1.661511e-10
206 1.067978e-10
207 6.519829e-11
208 3.763958e-11
209 2.059203e-11
210 8.932751e-09
211 6.404362e-09
212 4.422189e-09
213 2.913636e-09
214 1.878902e-09
215 1.224577e-09
216 8.128610e-10
217 5.529969e-10
218 3.813429e-10
219 2.620419e-10
220 1.758200e-10
221 1.133164e-10
222 6.937262e-11
223 4.016356e-11
224 2.202875e-11
225 9.320632e-09
226 6.692638e-09
227 4.628520e-09
228 3.052786e-09
229 1.967556e-09
230 1.281411e-09
231 8.494842e-10
232 5.771167e-10
233 3.980349e-10
234 2.737497e-10
235 1.839556e-10
236 1.187889e-10
237 7.287604e-11
238 4.228479e-11
239 2.323243e-11
240 9.665409e-09
241 6.948809e-09
242 4.812800e-09
243 3.177169e-09
244 2.046383e-09
245 1.331712e-09
246 8.817895e-10
247 5.987837e-10
248 4.129230e-10
249 2.841358e-10
250 1.911365e-10
251 1.236247e-10
252 7.599105e-11
253 4.416598e-11
254 2.431085e-11
255 1.000489e-08
256 7.200199e-09
257 4.993598e-09
258 3.298836e-09
259 2.123745e-09
260 1.381432e-09
261 9.136808e-10
262 6.199866e-10
263 4.276271e-10
264 2.943168e-10
265 1.982513e-10
266 1.284148e-10
267 7.906603e-11
268 4.602266e-11
269 2.535738e-11
270 1.043633e-08
271 7.520675e-09
272 5.223567e-09
273 3.454380e-09
274 2.222706e-09
275 1.444449e-09
276 9.545527e-10
277 6.471327e-10
278 4.462152e-10
279 3.073645e-10
280 2.072927e-10
281 1.345014e-10
282 8.296746e-11
283 4.838131e-11
284 2.669876e-11
285 9.346720e-09
286 6.733073e-09
287 4.676472e-09
288 3.105876e-09
289 2.002630e-09
290 1.302859e-09
291 8.610185e-10
292 5.826834e-10
293 4.006583e-10
294 2.752292e-10
295 1.852417e-10
296 1.200990e-10
297 7.413369e-11
298 4.331930e-11
299 2.397397e-11
300 1.094120e-08
301 7.945963e-09
302 5.564207e-09
303 3.731072e-09
304 2.408370e-09
305 1.560176e-09
306 1.024040e-09
307 6.886830e-10
308 4.718605e-10
309 3.244023e-10
310 2.195290e-10
311 1.436354e-10
312 8.969417e-11
313 5.307548e-11
314 2.972993e-11
315 1.208842e-08
316 8.821463e-09
317 6.205508e-09
318 4.183362e-09
319 2.703784e-09
320 1.747115e-09
321 1.142757e-09
322 7.656153e-10
323 5.233175e-10
324 3.598870e-10
325 2.442612e-10
326 1.606280e-10
327 1.009522e-10
328 6.015492e-11
329 3.392220e-11
330 1.298384e-08
331 9.505300e-09
332 6.707558e-09
333 4.537057e-09
334 2.934832e-09
335 1.893431e-09
336 1.235743e-09
337 8.257662e-10
338 5.635776e-10
339 3.876696e-10
340 2.635974e-10
341 1.739120e-10
342 1.097532e-10
343 6.568887e-11
344 3.720070e-11
345 1.373495e-08
346 1.007824e-08
347 7.127129e-09
348 4.833138e-09
349 3.127775e-09
350 2.015501e-09
351 1.313308e-09
352 8.761178e-10
353 5.972763e-10
354 4.108994e-10
355 2.798115e-10
356 1.850472e-10
357 1.171314e-10
358 7.033111e-11
359 3.994908e-11
360 1.440207e-08
361 1.058832e-08
362 7.500620e-09
363 5.096047e-09
364 3.300261e-09
365 2.124442e-09
366 1.382514e-09
367 9.208834e-10
368 6.272635e-10
369 4.315763e-10
370 2.941858e-10
371 1.949254e-10
372 1.236757e-10
373 7.445012e-11
374 4.238593e-11
375 1.505815e-08
376 1.108758e-08
377 7.866787e-09
378 5.355146e-09
379 3.468660e-09
380 2.231037e-09
381 1.450326e-09
382 9.647649e-10
383 6.566425e-10
384 4.518645e-10
385 3.083513e-10
386 2.046568e-10
387 1.301248e-10
388 7.850239e-11
389 4.478812e-11
390 1.588996e-08
391 1.172225e-08
392 8.332165e-09
393 5.683130e-09
394 3.683291e-09
395 2.366862e-09
396 1.536938e-09
397 1.020658e-09
398 6.940069e-10
399 4.776258e-10
400 3.263261e-10
401 2.170046e-10
402 1.383053e-10
403 8.365011e-11
404 4.782720e-11
405 1.330412e-08
406 9.780525e-09
407 6.919578e-09
408 4.704463e-09
409 3.056411e-09
410 1.968569e-09
411 1.283220e-09
412 8.542473e-10
413 5.812183e-10
414 3.990618e-10
415 2.714690e-10
416 1.795502e-10
417 1.138043e-10
418 6.850571e-11
419 3.904283e-11
420 1.511867e-08
421 1.120712e-08
422 7.980247e-09
423 5.468592e-09
424 3.573848e-09
425 2.294529e-09
426 1.490256e-09
427 9.858008e-10
428 6.672566e-10
429 4.574733e-10
430 3.119422e-10
431 2.075501e-10
432 1.326897e-10
433 8.069287e-11
434 4.647758e-11
435 1.655306e-08
436 1.233700e-08
437 8.820173e-09
438 6.074750e-09
439 3.985511e-09
440 2.554498e-09
441 1.655100e-09
442 1.090515e-09
443 7.359189e-10
444 5.038670e-10
445 3.440294e-10
446 2.297457e-10
447 1.476712e-10
448 9.037388e-11
449 5.239448e-11
450 1.775677e-08
451 1.328605e-08
452 9.526395e-09
453 6.583718e-09
454 4.331000e-09
455 2.772624e-09
456 1.793547e-09
457 1.178386e-09
458 7.934086e-10
459 5.428452e-10
460 3.710090e-10
461 2.484003e-10
462 1.602638e-10
463 9.851277e-11
464 5.736908e-11
465 1.882693e-08
466 1.412972e-08
467 1.015349e-08
468 7.035484e-09
469 4.638094e-09
470 2.966341e-09
471 1.916649e-09
472 1.256347e-09
473 8.444817e-10
474 5.774165e-10
475 3.949130e-10
476 2.649362e-10
477 1.714249e-10
478 1.057249e-10
479 6.177680e-11
480 1.987872e-08
481 1.495663e-08
482 1.076860e-08
483 7.479440e-09
484 4.939737e-09
485 3.156986e-09
486 2.037304e-09
487 1.332984e-09
488 8.946179e-10
489 6.113176e-10
490 4.183867e-10
491 2.811909e-10
492 1.823937e-10
493 1.128125e-10
494 6.610951e-11
495 2.121038e-08
496 1.600614e-08
497 1.155070e-08
498 8.043988e-09
499 5.322658e-09
500 3.398293e-09
501 2.190581e-09
502 1.430214e-09
503 9.582859e-10
504 6.544407e-10
505 4.483026e-10
506 3.018664e-10
507 1.963531e-10
508 1.218340e-10
509 7.160674e-11
510 1.763289e-08
511 1.323188e-08
512 9.502226e-09
513 6.577170e-09
514 4.344125e-09
515 2.783344e-09
516 1.800165e-09
517 1.180483e-09
518 7.930546e-10
519 5.416026e-10
520 3.697836e-10
521 2.476075e-10
522 1.599625e-10
523 9.856979e-11
524 5.759662e-11
525 1.971382e-08
526 1.492429e-08
527 1.078238e-08
528 7.511669e-09
529 4.998977e-09
530 3.203714e-09
531 2.065004e-09
532 1.346916e-09
533 9.002147e-10
534 6.127274e-10
535 4.184199e-10
536 2.812318e-10
537 1.828910e-10
538 1.136670e-10
539 6.705146e-11
540 2.147161e-08
541 1.635460e-08
542 1.186705e-08
543 8.302582e-09
544 5.552546e-09
545 3.559421e-09
546 2.289285e-09
547 1.487835e-09
548 9.906712e-10
549 6.728858e-10
550 4.595849e-10
551 3.096777e-10
552 2.022900e-10
553 1.264458e-10
554 7.506015e-11
555 2.303081e-08
556 1.762755e-08
557 1.283084e-08
558 9.004883e-09
559 6.045603e-09
560 3.875543e-09
561 2.489068e-09
562 1.613132e-09
563 1.071372e-09
564 7.263766e-10
565 4.961539e-10
566 3.349547e-10
567 2.195307e-10
568 1.378024e-10
569 8.218046e-11
570 2.456909e-08
571 1.887825e-08
572 1.377454e-08
573 9.696292e-09
574 6.528152e-09
575 4.186660e-09
576 2.684469e-09
577 1.736129e-09
578 1.150346e-09
579 7.788722e-10
580 5.320463e-10
581 3.597817e-10
582 2.364605e-10
583 1.489584e-10
584 8.917182e-11
585 2.651044e-08
586 2.045993e-08
587 1.497529e-08
588 1.057094e-08
589 7.141484e-09
590 4.580766e-09
591 2.933313e-09
592 1.891989e-09
593 1.250583e-09
594 8.454911e-10
595 5.776220e-10
596 3.912627e-10
597 2.579349e-10
598 1.631043e-10
599 9.803422e-11
600 2.249884e-08
601 1.725003e-08
602 1.257148e-08
603 8.827060e-09
604 5.936819e-09
605 3.818611e-09
606 2.450416e-09
607 1.588359e-09
608 1.053495e-09
609 7.130719e-10
610 4.863079e-10
611 3.280051e-10
612 2.149378e-10
613 1.350123e-10
614 8.064597e-11
615 2.493505e-08
616 1.929813e-08
617 1.416038e-08
618 9.997273e-09
619 6.772097e-09
620 4.372655e-09
621 2.796684e-09
622 1.806054e-09
623 1.191075e-09
624 8.027050e-10
625 5.466945e-10
626 3.694585e-10
627 2.433302e-10
628 1.539779e-10
629 9.277719e-11
630 2.710300e-08
631 2.112787e-08
632 1.557628e-08
633 1.104047e-08
634 7.519496e-09
635 4.867217e-09
636 3.106054e-09
637 2.000520e-09
638 1.314160e-09
639 8.826940e-10
640 6.005138e-10
641 4.064212e-10
642 2.686478e-10
643 1.708886e-10
644 1.035971e-10
645 2.923887e-08
646 2.292283e-08
647 1.696672e-08
648 1.206470e-08
649 8.250722e-09
650 5.353030e-09
651 3.409056e-09
652 2.191507e-09
653 1.434552e-09
654 9.610651e-10
655 6.533767e-10
656 4.427248e-10
657 2.935103e-10
658 1.874935e-10
659 1.142237e-10
660 3.193527e-08
661 2.519554e-08
662 1.872789e-08
663 1.336421e-08
664 9.180009e-09
665 5.968878e-09
666 3.794578e-09
667 2.433341e-09
668 1.587386e-09
669 1.060690e-09
670 7.203591e-10
671 4.887314e-10
672 3.250252e-10
673 2.085377e-10
674 1.276880e-10
675 2.813735e-08
676 2.206827e-08
677 1.635231e-08
678 1.162718e-08
679 7.952244e-09
680 5.175495e-09
681 3.298341e-09
682 2.122135e-09
683 1.388240e-09
684 9.291294e-10
685 6.305974e-10
686 4.266178e-10
687 2.824925e-10
688 1.803467e-10
689 1.098907e-10
690 3.107660e-08
691 2.462921e-08
692 1.838988e-08
693 1.314976e-08
694 9.054589e-09
695 5.929837e-09
696 3.772384e-09
697 2.420291e-09
698 1.574058e-09
699 1.047743e-09
700 7.089653e-10
701 4.798227e-10
702 3.188907e-10
703 2.048727e-10
704 1.258498e-10
705 3.396627e-08
706 2.714014e-08
707 2.039113e-08
708 1.464298e-08
709 1.013517e-08
710 6.671272e-09
711 4.237470e-09
712 2.713214e-09
713 1.755912e-09
714 1.164201e-09
715 7.859490e-10
716 5.320901e-10
717 3.546455e-10
718 2.289641e-10
719 1.415305e-10
720 3.762696e-08
721 3.033048e-08
722 2.292719e-08
723 1.653841e-08
724 1.150768e-08
725 7.611561e-09
726 4.828375e-09
727 3.084364e-09
728 1.986809e-09
729 1.311836e-09
730 8.835302e-10
731 5.983429e-10
732 3.999805e-10
733 2.595084e-10
734 1.614028e-10
735 3.493400e-08
736 2.808687e-08
737 2.121540e-08
738 1.528991e-08
739 1.061713e-08
740 7.027032e-09
741 4.472115e-09
742 2.858397e-09
743 1.844342e-09
744 1.218193e-09
745 8.197194e-10
746 5.540498e-10
747 3.694319e-10
748 2.390712e-10
749 1.483693e-10
750 3.882353e-08
751 3.158405e-08
752 2.409042e-08
753 1.747833e-08
754 1.221640e-08
755 8.153639e-09
756 5.197158e-09
757 3.310701e-09
758 2.123874e-09
759 1.393887e-09
760 9.334174e-10
761 6.299824e-10
762 4.209998e-10
763 2.739430e-10
764 1.713667e-10
765 4.374942e-08
766 3.602200e-08
767 2.774041e-08
768 2.025576e-08
769 1.424598e-08
770 9.582468e-09
771 6.116836e-09
772 3.883687e-09
773 2.478497e-09
774 1.616657e-09
775 1.077577e-09
776 7.262031e-10
777 4.863683e-10
778 3.181477e-10
779 2.005101e-10
780 4.403652e-08
781 3.643358e-08
782 2.820812e-08
783 2.068426e-08
784 1.458225e-08
785 9.850491e-09
786 6.324403e-09
787 4.008403e-09
788 2.556892e-09
789 1.661771e-09
790 1.102972e-09
791 7.409824e-10
792 4.955144e-10
793 3.242626e-10
794 2.048272e-10
795 5.083628e-08
796 4.278634e-08
797 3.363722e-08
798 2.493601e-08
799 1.772942e-08
800 1.211114e-08
801 7.839490e-09
802 4.946991e-09
803 3.140744e-09
804 2.021174e-09
805 1.329669e-09
806 8.886433e-10
807 5.942305e-10
808 3.907709e-10
809 2.490460e-10
810 6.116143e-08
811 5.287658e-08
812 4.269170e-08
813 3.234480e-08
814 2.334369e-08
815 1.620944e-08
816 1.070968e-08
817 6.768059e-09
818 4.269530e-09
819 2.706148e-09
820 1.750318e-09
821 1.153492e-09
822 7.661278e-10
823 5.047084e-10
824 3.247588e-10
825 0.000000e+00
826 0.000000e+00
827 0.000000e+00
828 0.000000e+00
829 0.000000e+00
830 0.000000e+00
831 0.000000e+00
832 0.000000e+00
833 0.000000e+00
834 0.000000e+00
835 0.000000e+00
836 0.000000e+00
837 0.000000e+00
838 0.000000e+00
839 0.000000e+00
840 0.000000e+00
841 0.000000e+00
842 0.000000e+00
843 0.000000e+00
844 0.000000e+00
845 0.000000e+00
846 0.000000e+00
847 0.000000e+00
848 0.000000e+00
849 0.000000e+00
850 0.000000e+00
851 0.000000e+00
852 0.000000e+00
853 0.000000e+00
854 0.000000e+00
855 0.000000e+00
856 0.000000e+00
857 0.000000e+00
858 0.000000e+00
859 0.000000e+00
860 0.000000e+00
861 0.000000e+00
862 0.000000e+00
863 0.000000e+00
864 0.000000e+00
865 0.000000e+00
866 0.000000e+00
867 0.000000e+00
868 0.000000e+00
869 0.000000e+00
870 0.000000e+00
871 0.000000e+00
872 0.000000e+00
873 0.000000e+00
874 0.000000e+00
875 0.000000e+00
876 0.000000e+00
877 0.000000e+00
878 0.000000e+00
879 0.000000e+00
880 0.000000e+00
881 0.000000e+00
882 0.000000e+00
883 0.000000e+00
884 0.000000e+00
885 0.000000e+00
886 0.000000e+00
887 0.000000e+00
888 0.000000e+00
889 0.000000e+00
890 0.000000e+00
891 0.000000e+00
892 0.000000e+00
893 0.000000e+00
894 0.000000e+00
895 0.000000e+00
896 0.000000e+00
897 0.000000e+00
898 0.000000e+00
899 0.000000e+00
900 0.000000e+00
901 0.000000e+00
902 0.000000e+00
903 0.000000e+00
904 0.000000e+00
905 0.000000e+00
906 0.000000e+00
907 0.000000e+00
908 0.000000e+00
909 0.000000e+00
910 0.000000e+00
911 0.000000e+00
912 0.000000e+00
913 0.000000e+00
914 0.000000e+00
915 0.000000e+00
916 0.000000e+00
917 0.000000e+00
918 0.000000e+00
919 0.000000e+00
920 0.000000e+00
921 0.000000e+00
922 0.000000e+00
923 0.000000e+00
924 0.000000e+00
925 0.000000e+00
926 0.000000e+00
927 0.000000e+00
928 0.000000e+00
929 0.000000e+00
930 0.000000e+00
931 0.000000e+00
932 0.000000e+00
933 0.000000e+00
934 0.000000e+00
935 0.000000e+00
936 0.000000e+00
937 0.000000e+00
938 0.000000e+00
939 0.000000e+00
940 0.000000e+00
941 0.000000e+00
942 0.000000e+00
943 0.000000e+00
944 0.000000e+00
945 0.000000e+00
946 0.000000e+00
947 0.000000e+00
948 0.000000e+00
949 0.000000e+00
950 0.000000e+00
951 0.000000e+00
952 0.000000e+00
953 0.000000e+00
954 0.000000e+00
955 0.000000e+00
956 0.000000e+00
957 0.000000e+00
958 0.000000e+00
959 0.000000e+00
960 3.018146e-07
961 2.326929e-07
962 1.755110e-07
963 1.290695e-07
964 8.263042e-08
965 5.255201e-08
966 3.260388e-08
967 2.067754e-08
968 0.000000e+00
969 0.000000e+00
970 0.000000e+00
971 0.000000e+00
972 0.000000e+00
973 0.000000e+00
974 0.000000e+00
975 4.634866e-07
976 3.612572e-07
977 2.722039e-07
978 2.021128e-07
979 1.317293e-07
980 8.338858e-08
981 5.181408e-08
982 3.268981e-08
983 0.000000e+00
984 0.000000e+00
985 0.000000e+00
986 0.000000e+00
987 0.000000e+00
988 0.000000e+00
989 0.000000e+00
990 5.880160e-07
991 4.611725e-07
992 3.475216e-07
993 2.589658e-07
994 1.704822e-07
995 1.076837e-07
996 6.701546e-08
997 4.216270e-08
998 0.000000e+00
999 0.000000e+00
1000 0.000000e+00
1001 0.000000e+00
1002 0.000000e+00
1003 0.000000e+00
1004 0.000000e+00
1005 6.859888e-07
1006 5.398991e-07
1007 4.069117e-07
1008 3.037900e-07
1009 2.010834e-07
1010 1.268907e-07
1011 7.903444e-08
1012 4.964900e-08
1013 0.000000e+00
1014 0.000000e+00
1015 0.000000e+00
1016 0.000000e+00
1017 0.000000e+00
1018 0.000000e+00
1019 0.000000e+00
1020 7.680767e-07
1021 6.058574e-07
1022 4.566777e-07
1023 3.413514e-07
1024 2.267227e-07
1025 1.429864e-07
1026 8.910542e-08
1027 5.592174e-08
1028 0.000000e+00
1029 0.000000e+00
1030 0.000000e+00
1031 0.000000e+00
1032 0.000000e+00
1033 0.000000e+00
1034 0.000000e+00
1035 8.411183e-07
1036 6.645500e-07
1037 5.009591e-07
1038 3.747674e-07
1039 2.495329e-07
1040 1.573043e-07
1041 9.806569e-08
1042 6.150303e-08
1043 0.000000e+00
1044 0.000000e+00
1045 0.000000e+00
1046 0.000000e+00
1047 0.000000e+00
1048 0.000000e+00
1049 0.000000e+00
1050 9.128876e-07
1051 7.222193e-07
1052 5.444656e-07
1053 4.075952e-07
1054 2.719436e-07
1055 1.713736e-07
1056 1.068681e-07
1057 6.698773e-08
1058 0.000000e+00
1059 0.000000e+00
1060 0.000000e+00
1061 0.000000e+00
1062 0.000000e+00
1063 0.000000e+00
1064 0.000000e+00
1065 1.004032e-06
1066 7.954508e-07
1067 5.997135e-07
1068 4.492904e-07
1069 3.004031e-07
1070 1.892400e-07
1071 1.180458e-07
1072 7.394991e-08
1073 0.000000e+00
1074 0.000000e+00
1075 0.000000e+00
1076 0.000000e+00
1077 0.000000e+00
1078 0.000000e+00
1079 0.000000e+00
1080 2.181241e-07
1081 1.812943e-07
1082 1.369811e-07
1083 1.041063e-07
1084 7.491610e-08
1085 4.629363e-08
1086 2.934848e-08
1087 1.807754e-08
1088 1.138534e-08
1089 0.000000e+00
1090 0.000000e+00
1091 0.000000e+00
1092 0.000000e+00
1093 0.000000e+00
1094 0.000000e+00
1095 3.481560e-07
1096 2.935323e-07
1097 2.232721e-07
1098 1.690811e-07
1099 1.235942e-07
1100 7.684053e-08
1101 4.887521e-08
1102 2.997776e-08
1103 1.878772e-08
1104 0.000000e+00
1105 0.000000e+00
1106 0.000000e+00
1107 0.000000e+00
1108 0.000000e+00
1109 0.000000e+00
1110 4.599495e-07
1111 3.908554e-07
1112 2.985713e-07
1113 2.257168e-07
1114 1.661389e-07
1115 1.039018e-07
1116 6.607899e-08
1117 4.047526e-08
1118 2.530620e-08
1119 0.000000e+00
1120 0.000000e+00
1121 0.000000e+00
1122 0.000000e+00
1123 0.000000e+00
1124 0.000000e+00
1125 5.544272e-07
1126 4.731867e-07
1127 3.623894e-07
1128 2.737144e-07
1129 2.021988e-07
1130 1.268938e-07
1131 8.068197e-08
1132 4.939199e-08
1133 3.084218e-08
1134 0.000000e+00
1135 0.000000e+00
1136 0.000000e+00
1137 0.000000e+00
1138 0.000000e+00
1139 0.000000e+00
1140 6.384134e-07
1141 5.463852e-07
1142 4.190852e-07
1143 3.163732e-07
1144 2.342389e-07
1145 1.473292e-07
1146 9.365910e-08
1147 5.731688e-08
1148 3.576119e-08
1149 0.000000e+00
1150 0.000000e+00
1151 0.000000e+00
1152 0.000000e+00
1153 0.000000e+00
1154 0.000000e+00
1155 7.209267e-07
1156 6.183117e-07
1157 4.747949e-07
1158 3.582761e-07
1159 2.657239e-07
1160 1.674023e-07
1161 1.064088e-07
1162 6.510117e-08
1163 4.059328e-08
1164 0.000000e+00
1165 0.000000e+00
1166 0.000000e+00
1167 0.000000e+00
1168 0.000000e+00
1169 0.000000e+00
1170 8.257099e-07
1171 7.096349e-07
1172 5.455702e-07
1173 4.115108e-07
1174 3.057043e-07
1175 1.928929e-07
1176 1.225991e-07
1177 7.498923e-08
1178 4.673005e-08
1179 0.000000e+00
1180 0.000000e+00
1181 0.000000e+00
1182 0.000000e+00
1183 0.000000e+00
1184 0.000000e+00
1185 1.678683e-07
1186 1.506397e-07
1187 1.186308e-07
1188 8.861284e-08
1189 6.797919e-08
1190 4.435651e-08
1191 2.811347e-08
1192 1.706460e-08
1193 1.052856e-08
1194 0.000000e+00
1195 0.000000e+00
1196 0.000000e+00
1197 0.000000e+00
1198 0.000000e+00
1199 0.000000e+00
1200 2.772296e-07
1201 2.519345e-07
1202 2.006748e-07
1203 1.499434e-07
1204 1.149855e-07
1205 7.679721e-08
1206 4.814771e-08
1207 2.940576e-08
1208 1.809445e-08
1209 0.000000e+00
1210 0.000000e+00
1211 0.000000e+00
1212 0.000000e+00
1213 0.000000e+00
1214 0.000000e+00
1215 3.774896e-07
1216 3.453871e-07
1217 2.769091e-07
1218 2.070729e-07
1219 1.586664e-07
1220 1.072935e-07
1221 6.693287e-08
1222 4.105058e-08
1223 2.521303e-08
1224 0.000000e+00
1225 0.000000e+00
1226 0.000000e+00
1227 0.000000e+00
1228 0.000000e+00
1229 0.000000e+00
1230 4.670984e-07
1231 4.289674e-07
1232 3.451585e-07
1233 2.582456e-07
1234 1.977815e-07
1235 1.346246e-07
1236 8.378297e-08
1237 5.149953e-08
1238 3.159787e-08
1239 0.000000e+00
1240 0.000000e+00
1241 0.000000e+00
1242 0.000000e+00
1243 0.000000e+00
1244 0.000000e+00
1245 5.550227e-07
1246 5.109730e-07
1247 4.121081e-07
1248 3.084435e-07
1249 2.361528e-07
1250 1.614317e-07
1251 1.003112e-07
1252 6.174709e-08
1253 3.785950e-08
1254 0.000000e+00
1255 0.000000e+00
1256 0.000000e+00
1257 0.000000e+00
1258 0.000000e+00
1259 0.000000e+00
1260 6.667018e-07
1261 6.151230e-07
1262 4.971502e-07
1263 3.721966e-07
1264 2.848910e-07
1265 1.954794e-07
1266 1.213038e-07
1267 7.476339e-08
1268 4.581233e-08
1269 0.000000e+00
1270 0.000000e+00
1271 0.000000e+00
1272 0.000000e+00
1273 0.000000e+00
1274 0.000000e+00
1275 1.354881e-07
1276 1.293636e-07
1277 1.079486e-07
1278 8.116281e-08
1279 6.175616e-08
1280 4.492014e-08
1281 2.716265e-08
1282 1.711297e-08
1283 1.040062e-08
1284 6.402566e-09
1285 0.000000e+00
1286 0.000000e+00
1287 0.000000e+00
1288 0.000000e+00
1289 0.000000e+00
1290 2.321147e-07
1291 2.239021e-07
1292 1.891458e-07
1293 1.430614e-07
1294 1.083757e-07
1295 7.998367e-08
1296 4.851652e-08
1297 3.080367e-08
1298 1.862562e-08
1299 1.140555e-08
1300 0.000000e+00
1301 0.000000e+00
1302 0.000000e+00
1303 0.000000e+00
1304 0.000000e+00
1305 3.246051e-07
1306 3.147794e-07
1307 2.676405e-07
1308 2.031394e-07
1309 1.535685e-07
1310 1.140602e-07
1311 6.945965e-08
1312 4.419880e-08
1313 2.666197e-08
1314 1.629133e-08
1315 0.000000e+00
1316 0.000000e+00
1317 0.000000e+00
1318 0.000000e+00
1319 0.000000e+00
1320 4.153600e-07
1321 4.039602e-07
1322 3.447058e-07
1323 2.621469e-07
1324 1.979498e-07
1325 1.475300e-07
1326 9.004463e-08
1327 5.735832e-08
1328 3.455894e-08
1329 2.109227e-08
1330 0.000000e+00
1331 0.000000e+00
1332 0.000000e+00
1333 0.000000e+00
1334 0.000000e+00
1335 5.305446e-07
1336 5.171428e-07
1337 4.425004e-07
1338 3.370249e-07
1339 2.542727e-07
1340 1.899957e-07
1341 1.161658e-07
1342 7.405555e-08
1343 4.457897e-08
1344 2.718394e-08
1345 0.000000e+00
1346 0.000000e+00
1347 0.000000e+00
1348 0.000000e+00
1349 0.000000e+00
1350 1.139580e-07
1351 1.142761e-07
1352 1.011656e-07
1353 7.850698e-08
1354 5.859673e-08
1355 4.508869e-08
1356 2.820152e-08
1357 1.815263e-08
1358 1.079545e-08
1359 6.520248e-09
1360 0.000000e+00
1361 0.000000e+00
1362 0.000000e+00
1363 0.000000e+00
1364 0.000000e+00
1365 2.035925e-07
1366 2.058476e-07
1367 1.843038e-07
1368 1.443718e-07
1369 1.076120e-07
1370 8.292385e-08
1371 5.301332e-08
1372 3.378091e-08
1373 2.010568e-08
1374 1.214084e-08
1375 0.000000e+00
1376 0.000000e+00
1377 0.000000e+00
1378 0.000000e+00
1379 0.000000e+00
1380 2.959241e-07
1381 3.004147e-07
1382 2.704842e-07
1383 2.129081e-07
1384 1.586483e-07
1385 1.222681e-07
1386 7.903623e-08
1387 5.009005e-08
1388 2.985836e-08
1389 1.802330e-08
1390 0.000000e+00
1391 0.000000e+00
1392 0.000000e+00
1393 0.000000e+00
1394 0.000000e+00
1395 4.128013e-07
1396 4.201067e-07
1397 3.795498e-07
1398 2.996394e-07
1399 2.232374e-07
1400 1.720621e-07
1401 1.119654e-07
1402 7.072963e-08
1403 4.220181e-08
1404 2.546838e-08
1405 0.000000e+00
1406 0.000000e+00
1407 0.000000e+00
1408 0.000000e+00
1409 0.000000e+00
1410 1.001515e-07
1411 1.045764e-07
1412 9.785024e-08
1413 7.966825e-08
1414 5.933491e-08
1415 4.561559e-08
1416 3.177590e-08
1417 1.935378e-08
1418 1.170383e-08
1419 7.048106e-09
1420 0.000000e+00
1421 0.000000e+00
1422 0.000000e+00
1423 0.000000e+00
1424 0.000000e+00
1425 1.907183e-07
1426 2.004559e-07
1427 1.893746e-07
1428 1.558293e-07
1429 1.164228e-07
1430 8.912901e-08
1431 6.330523e-08
1432 3.821757e-08
1433 2.339910e-08
1434 1.403981e-08
1435 0.000000e+00
1436 0.000000e+00
1437 0.000000e+00
1438 0.000000e+00
1439 0.000000e+00
1440 3.081564e-07
1441 3.249264e-07
1442 3.083799e-07
1443 2.550783e-07
1444 1.909039e-07
1445 1.458511e-07
1446 1.045085e-07
1447 6.289316e-08
1448 3.872955e-08
1449 2.319441e-08
1450 0.000000e+00
1451 0.000000e+00
1452 0.000000e+00
1453 0.000000e+00
1454 0.000000e+00
1455 9.640306e-08
1456 1.042503e-07
1457 1.026062e-07
1458 8.849457e-08
1459 6.737936e-08
1460 5.064310e-08
1461 3.846909e-08
1462 2.297818e-08
1463 1.475091e-08
1464 8.693092e-09
1465 5.110479e-09
1466 0.000000e+00
1467 0.000000e+00
1468 0.000000e+00
1469 0.000000e+00
1470 2.128360e-07
1471 2.313797e-07
1472 2.295126e-07
1473 1.999762e-07
1474 1.532919e-07
1475 1.148568e-07
1476 8.781169e-08
1477 5.312411e-08
1478 3.415347e-08
1479 2.004845e-08
1480 1.176513e-08
1481 0.000000e+00
1482 0.000000e+00
1483 0.000000e+00
1484 0.000000e+00
1485 1.197877e-07
1486 1.339854e-07
1487 1.384984e-07
1488 1.275636e-07
1489 1.021318e-07
1490 7.586570e-08
1491 5.868909e-08
1492 3.922527e-08
1493 2.432934e-08
1494 1.425384e-08
1495 8.384953e-09
1496 0.000000e+00
1497 0.000000e+00
1498 0.000000e+00
1499 0.000000e+00
1500 5.901314e-05
1501 4.362679e-05
1502 3.086664e-05
1503 2.004984e-05
1504 1.276870e-05
1505 0.000000e+00
1506 0.000000e+00
1507 0.000000e+00
1508 0.000000e+00
1509 0.000000e+00
1510 0.000000e+00
1511 0.000000e+00
1512 0.000000e+00
1513 0.000000e+00
1514 0.000000e+00
1515 4.173767e-05
1516 3.280213e-05
1517 2.461703e-05
1518 1.873795e-05
1519 1.227172e-05
1520 7.798049e-06
1521 4.813250e-06
1522 3.016920e-06
1523 0.000000e+00
1524 0.000000e+00
1525 0.000000e+00
1526 0.000000e+00
1527 0.000000e+00
1528 0.000000e+00
1529 0.000000e+00
1530 3.055366e-05
1531 2.629295e-05
1532 2.009921e-05
1533 1.514295e-05
1534 1.140804e-05
1535 7.031778e-06
1536 4.531286e-06
1537 2.761104e-06
1538 1.715387e-06
1539 0.000000e+00
1540 0.000000e+00
1541 0.000000e+00
1542 0.000000e+00
1543 0.000000e+00
1544 0.000000e+00
1545 2.319300e-05
1546 2.148740e-05
1547 1.735786e-05
1548 1.293406e-05
1549 9.959252e-06
1550 6.840721e-06
1551 4.237471e-06
1552 2.588226e-06
1553 1.590547e-06
1554 0.000000e+00
1555 0.000000e+00
1556 0.000000e+00
1557 0.000000e+00
1558 0.000000e+00
1559 0.000000e+00
1560 1.808483e-05
1561 1.770527e-05
1562 1.519140e-05
1563 1.154487e-05
1564 8.693883e-06
1565 6.572990e-06
1566 3.950996e-06
1567 2.547139e-06
1568 1.531773e-06
1569 9.301283e-07
1570 0.000000e+00
1571 0.000000e+00
1572 0.000000e+00
1573 0.000000e+00
1574 0.000000e+00
1575 1.422722e-05
1576 1.453787e-05
1577 1.319044e-05
1578 1.042241e-05
1579 7.741598e-06
1580 6.000870e-06
1581 3.901641e-06
1582 2.480720e-06
1583 1.468899e-06
1584 8.867541e-07
1585 0.000000e+00
1586 0.000000e+00
1587 0.000000e+00
1588 0.000000e+00
1589 0.000000e+00
1590 1.122387e-05
1591 1.187855e-05
1592 1.132752e-05
1593 9.401800e-06
1594 7.027968e-06
1595 5.365590e-06
1596 3.886695e-06
1597 2.312776e-06
1598 1.425147e-06
1599 8.545013e-07
1600 0.000000e+00
1601 0.000000e+00
1602 0.000000e+00
1603 0.000000e+00
1604 0.000000e+00
1605 8.667657e-06
1606 9.457447e-06
1607 9.429043e-06
1608 8.261597e-06
1609 6.344546e-06
1610 4.740649e-06
1611 3.654507e-06
1612 2.202557e-06
1613 1.431201e-06
1614 8.379000e-07
1615 4.886449e-07
1616 0.000000e+00
1617 0.000000e+00
1618 0.000000e+00
1619 0.000000e+00
1620 6.189952e-06
1621 6.955034e-06
1622 7.235455e-06
1623 6.722017e-06
1624 5.420538e-06
1625 4.022999e-06
1626 3.110609e-06
1627 2.117331e-06
1628 1.299244e-06
1629 7.606378e-07
1630 4.488498e-07
1631 0.000000e+00
1632 0.000000e+00
1633 0.000000e+00
1634 0.000000e+00
1635 4.701344e-06
1636 5.452172e-06
1637 5.930673e-06
1638 5.880156e-06
1639 5.113486e-06
1640 3.911083e-06
1641 2.933221e-06
1642 2.243941e-06
1643 1.338948e-06
1644 8.548034e-07
1645 4.927644e-07
1646 2.785719e-07
1647 0.000000e+00
1648 0.000000e+00
1649 0.000000e+00
