0 1.855015e-09
1 1.243638e-09
2 8.146590e-10
3 5.366618e-10
4 3.595180e-10
5 2.458741e-10
6 1.701603e-10
7 1.172035e-10
8 7.887868e-11
9 5.103483e-11
10 3.142742e-11
11 1.833304e-11
12 1.013742e-11
13 5.352330e-12
14 2.722222e-12
15 2.961762e-09
16 2.022331e-09
17 1.332494e-09
18 8.690191e-10
19 5.744574e-10
20 3.875136e-10
21 2.664265e-10
22 1.843186e-10
23 1.259200e-10
24 8.342393e-11
25 5.286623e-11
26 3.178123e-11
27 1.807827e-11
28 9.771333e-12
29 5.059486e-12
30 3.379343e-09
31 2.321359e-09
32 1.535142e-09
33 9.995684e-10
34 6.584815e-10
35 4.421165e-10
36 3.030692e-10
37 2.095975e-10
38 1.436472e-10
39 9.574978e-11
40 6.117616e-11
41 3.709785e-11
42 2.128897e-11
43 1.159809e-11
44 6.042831e-12
45 3.623125e-09
46 2.495813e-09
47 1.653818e-09
48 1.075973e-09
49 7.076841e-10
50 4.740691e-10
51 3.244644e-10
52 2.243984e-10
53 1.540020e-10
54 1.029496e-10
55 6.600823e-11
56 4.019947e-11
57 2.316921e-11
58 1.266805e-11
59 6.619476e-12
60 3.793424e-09
61 2.617869e-09
62 1.736795e-09
63 1.129243e-09
64 7.418685e-10
65 4.963267e-10
66 3.393764e-10
67 2.346587e-10
68 1.612084e-10
69 1.079532e-10
70 6.938927e-11
71 4.236622e-11
72 2.447938e-11
73 1.341297e-11
74 7.020110e-12
75 3.925683e-09
76 2.712926e-09
77 1.801018e-09
78 1.170837e-09
79 7.685572e-10
80 5.136940e-10
81 3.510283e-10
82 2.427396e-10
83 1.668701e-10
84 1.118859e-10
85 7.203112e-11
86 4.406013e-11
87 2.550079e-11
88 1.399399e-11
89 7.332889e-12
90 4.037489e-09
91 2.792887e-09
92 1.855475e-09
93 1.205746e-09
94 7.910631e-10
95 5.282964e-10
96 3.608094e-10
97 2.494696e-10
98 1.715802e-10
99 1.151693e-10
100 7.423999e-11
101 4.548178e-11
102 2.636131e-11
103 1.448341e-11
104 7.595361e-12
105 4.136358e-09
106 2.863533e-09
107 1.903652e-09
108 1.236953e-09
109 8.110014e-10
110 5.413042e-10
111 3.695175e-10
112 2.554943e-10
113 1.758161e-10
114 1.181007e-10
115 7.621565e-11
116 4.674707e-11
117 2.712148e-11
118 1.491660e-11
119 7.829322e-12
120 4.233540e-09
121 2.932895e-09
122 1.950759e-09
123 1.267263e-09
124 8.305229e-10
125 5.540197e-10
126 3.780340e-10
127 2.613328e-10
128 1.799011e-10
129 1.209627e-10
130 7.814403e-11
131 4.797534e-11
132 2.786840e-11
133 1.534098e-11
134 8.057910e-12
135 4.357187e-09
136 3.021262e-09
137 2.010896e-09
138 1.306066e-09
139 8.553181e-10
140 5.700948e-10
141 3.888850e-10
142 2.688761e-10
143 1.851798e-10
144 1.246098e-10
145 8.060017e-11
146 4.956352e-11
147 2.882631e-11
148 1.588406e-11
149 8.350466e-12
150 5.652245e-09
151 3.973294e-09
152 2.679535e-09
153 1.742199e-09
154 1.133646e-09
155 7.481881e-10
156 5.057062e-10
157 3.480357e-10
158 2.403611e-10
159 1.633756e-10
160 1.073301e-10
161 6.725211e-11
162 3.989897e-11
163 2.239454e-11
164 1.195388e-11
165 7.028529e-09
166 4.991330e-09
167 3.408329e-09
168 2.229094e-09
169 1.443081e-09
170 9.461432e-10
171 6.334311e-10
172 4.335524e-10
173 2.993903e-10
174 2.047347e-10
175 1.360306e-10
176 8.651177e-11
177 5.218241e-11
178 2.977003e-11
179 1.611718e-11
180 7.873901e-09
181 5.618796e-09
182 3.858721e-09
183 2.533174e-09
184 1.636429e-09
185 1.069841e-09
186 7.130891e-10
187 4.865467e-10
188 3.358156e-10
189 2.302125e-10
190 1.536996e-10
191 9.840623e-11
192 5.981354e-11
193 3.438266e-11
194 1.873913e-11
195 8.468793e-09
196 6.060211e-09
197 4.175300e-09
198 2.747396e-09
199 1.772875e-09
200 1.156845e-09
201 7.692060e-10
202 5.238491e-10
203 3.614022e-10
204 2.481002e-10
205 1.661444e-10
206 1.067928e-10
207 6.519561e-11
208 3.763817e-11
209 2.059190e-11
210 8.932677e-09
211 6.404478e-09
212 4.422462e-09
213 2.913784e-09
214 1.878774e-09
215 1.224631e-09
216 8.128595e-10
217 5.527542e-10
218 3.813374e-10
219 2.620171e-10
220 1.758144e-10
221 1.133122e-10
222 6.937613e-11
223 4.016437e-11
224 2.202920e-11
225 9.320247e-09
226 6.693011e-09
227 4.628618e-09
228 3.052836e-09
229 1.967450e-09
230 1.281324e-09
231 8.494636e-10
232 5.770788e-10
233 3.980436e-10
234 2.737426e-10
235 1.839398e-10
236 1.187834e-10
237 7.288108e-11
238 4.228595e-11
239 2.323212e-11
240 9.664908e-09
241 6.948614e-09
242 4.812555e-09
243 3.177466e-09
244 2.046401e-09
245 1.331721e-09
246 8.818272e-10
247 5.987721e-10
248 4.129342e-10
249 2.841027e-10
250 1.911421e-10
251 1.236291e-10
252 7.599127e-11
253 4.416546e-11
254 2.431032e-11
255 1.000421e-08
256 7.200209e-09
257 4.993396e-09
258 3.298581e-09
259 2.123618e-09
260 1.381211e-09
261 9.138819e-10
262 6.200354e-10
263 4.276051e-10
264 2.943320e-10
265 1.982300e-10
266 1.284117e-10
267 7.906675e-11
268 4.602253e-11
269 2.535749e-11
270 1.043699e-08
271 7.520564e-09
272 5.223659e-09
273 3.454708e-09
274 2.222317e-09
275 1.444343e-09
276 9.548512e-10
277 6.473160e-10
278 4.462248e-10
279 3.073709e-10
280 2.072943e-10
281 1.345061e-10
282 8.297243e-11
283 4.838249e-11
284 2.669924e-11
285 9.347215e-09
286 6.732850e-09
287 4.676463e-09
288 3.105977e-09
289 2.002615e-09
290 1.302966e-09
291 8.609664e-10
292 5.826467e-10
293 4.006421e-10
294 2.752334e-10
295 1.852529e-10
296 1.201050e-10
297 7.413159e-11
298 4.331911e-11
299 2.397370e-11
300 1.094189e-08
301 7.946211e-09
302 5.564706e-09
303 3.731126e-09
304 2.408465e-09
305 1.560204e-09
306 1.023998e-09
307 6.886625e-10
308 4.718425e-10
309 3.244130e-10
310 2.195245e-10
311 1.436332e-10
312 8.969410e-11
313 5.307538e-11
314 2.973011e-11
315 1.208825e-08
316 8.820397e-09
317 6.205203e-09
318 4.182967e-09
319 2.703678e-09
320 1.746935e-09
321 1.142802e-09
322 7.655846e-10
323 5.232928e-10
324 3.598668e-10
325 2.442545e-10
326 1.606227e-10
327 1.009499e-10
328 6.015380e-11
329 3.392141e-11
330 1.298547e-08
331 9.505965e-09
332 6.707669e-09
333 4.537593e-09
334 2.934867e-09
335 1.893405e-09
336 1.235737e-09
337 8.257250e-10
338 5.635545e-10
339 3.876783e-10
340 2.636001e-10
341 1.739115e-10
342 1.097528e-10
343 6.568865e-11
344 3.720082e-11
345 1.373351e-08
346 1.007787e-08
347 7.127046e-09
348 4.833071e-09
349 3.127802e-09
350 2.015449e-09
351 1.313436e-09
352 8.760022e-10
353 5.972602e-10
354 4.109163e-10
355 2.797919e-10
356 1.850478e-10
357 1.171323e-10
358 7.033132e-11
359 3.994928e-11
360 1.440238e-08
361 1.058838e-08
362 7.500534e-09
363 5.096330e-09
364 3.300166e-09
365 2.124315e-09
366 1.382598e-09
367 9.207254e-10
368 6.272315e-10
369 4.315648e-10
370 2.941947e-10
371 1.949248e-10
372 1.236787e-10
373 7.445033e-11
374 4.238769e-11
375 1.505982e-08
376 1.108860e-08
377 7.867635e-09
378 5.355389e-09
379 3.468853e-09
380 2.231217e-09
381 1.450470e-09
382 9.647623e-10
383 6.566357e-10
384 4.518519e-10
385 3.083257e-10
386 2.046499e-10
387 1.301228e-10
388 7.850016e-11
389 4.478629e-11
390 1.588995e-08
391 1.172365e-08
392 8.332831e-09
393 5.683940e-09
394 3.683534e-09
395 2.366628e-09
396 1.536874e-09
397 1.020671e-09
398 6.940261e-10
399 4.776308e-10
400 3.262869e-10
401 2.169771e-10
402 1.382842e-10
403 8.363422e-11
404 4.782662e-11
405 1.330342e-08
406 9.780790e-09
407 6.920468e-09
408 4.704147e-09
409 3.056340e-09
410 1.968452e-09
411 1.282916e-09
412 8.542261e-10
413 5.811990e-10
414 3.990444e-10
415 2.714642e-10
416 1.795478e-10
417 1.138042e-10
418 6.850556e-11
419 3.904301e-11
420 1.511831e-08
421 1.120615e-08
422 7.979869e-09
423 5.468721e-09
424 3.574031e-09
425 2.294583e-09
426 1.490035e-09
427 9.858398e-10
428 6.672581e-10
429 4.574592e-10
430 3.119391e-10
431 2.075472e-10
432 1.326887e-10
433 8.069265e-11
434 4.647729e-11
435 1.655420e-08
436 1.233759e-08
437 8.820401e-09
438 6.075994e-09
439 3.986133e-09
440 2.554456e-09
441 1.654968e-09
442 1.090472e-09
443 7.359034e-10
444 5.038680e-10
445 3.440332e-10
446 2.297456e-10
447 1.476711e-10
448 9.037388e-11
449 5.239476e-11
450 1.775529e-08
451 1.328560e-08
452 9.526227e-09
453 6.583884e-09
454 4.331599e-09
455 2.772553e-09
456 1.793507e-09
457 1.178335e-09
458 7.933519e-10
459 5.428405e-10
460 3.710029e-10
461 2.484000e-10
462 1.602640e-10
463 9.851111e-11
464 5.736809e-11
465 1.882680e-08
466 1.412949e-08
467 1.015315e-08
468 7.035371e-09
469 4.637901e-09
470 2.966441e-09
471 1.916541e-09
472 1.256312e-09
473 8.445323e-10
474 5.773958e-10
475 3.949015e-10
476 2.649289e-10
477 1.714215e-10
478 1.057223e-10
479 6.177550e-11
480 1.987928e-08
481 1.495733e-08
482 1.076933e-08
483 7.480415e-09
484 4.939305e-09
485 3.156737e-09
486 2.037453e-09
487 1.332896e-09
488 8.945839e-10
489 6.113133e-10
490 4.183853e-10
491 2.811832e-10
492 1.823908e-10
493 1.128111e-10
494 6.610771e-11
495 2.121110e-08
496 1.600813e-08
497 1.155038e-08
498 8.043800e-09
499 5.322730e-09
500 3.398757e-09
501 2.190669e-09
502 1.430382e-09
503 9.582850e-10
504 6.544477e-10
505 4.482984e-10
506 3.018661e-10
507 1.963549e-10
508 1.218343e-10
509 7.160823e-11
510 1.763451e-08
511 1.323230e-08
512 9.502760e-09
513 6.577283e-09
514 4.343670e-09
515 2.783339e-09
516 1.800104e-09
517 1.180370e-09
518 7.930926e-10
519 5.415894e-10
520 3.697810e-10
521 2.476048e-10
522 1.599618e-10
523 9.856975e-11
524 5.759642e-11
525 1.971416e-08
526 1.492451e-08
527 1.078267e-08
528 7.512980e-09
529 4.998539e-09
530 3.203267e-09
531 2.065015e-09
532 1.346968e-09
533 9.002019e-10
534 6.127303e-10
535 4.184258e-10
536 2.812330e-10
537 1.828918e-10
538 1.136676e-10
539 6.705216e-11
540 2.147161e-08
541 1.635695e-08
542 1.186563e-08
543 8.303300e-09
544 5.552002e-09
545 3.559318e-09
546 2.289151e-09
547 1.487801e-09
548 9.907468e-10
549 6.728675e-10
550 4.595785e-10
551 3.096773e-10
552 2.022902e-10
553 1.264454e-10
554 7.505987e-11
555 2.303162e-08
556 1.762883e-08
557 1.283005e-08
558 9.005310e-09
559 6.045082e-09
560 3.875855e-09
561 2.488975e-09
562 1.613103e-09
563 1.071371e-09
564 7.263613e-10
565 4.961467e-10
566 3.349504e-10
567 2.195295e-10
568 1.378002e-10
569 8.217950e-11
570 2.456713e-08
571 1.887562e-08
572 1.377592e-08
573 9.696032e-09
574 6.527983e-09
575 4.186386e-09
576 2.684669e-09
577 1.736084e-09
578 1.150436e-09
579 7.788619e-10
580 5.320275e-10
581 3.597722e-10
582 2.364564e-10
583 1.489563e-10
584 8.916941e-11
585 2.651114e-08
586 2.046016e-08
587 1.497637e-08
588 1.057204e-08
589 7.140794e-09
590 4.580716e-09
591 2.933148e-09
592 1.891938e-09
593 1.250618e-09
594 8.455041e-10
595 5.776260e-10
596 3.912678e-10
597 2.579404e-10
598 1.631071e-10
599 9.803628e-11
600 2.250320e-08
601 1.725307e-08
602 1.257099e-08
603 8.828490e-09
604 5.936388e-09
605 3.818521e-09
606 2.450181e-09
607 1.588258e-09
608 1.053581e-09
609 7.130693e-10
610 4.863149e-10
611 3.280019e-10
612 2.149370e-10
613 1.350191e-10
614 8.064682e-11
615 2.493493e-08
616 1.930132e-08
617 1.416089e-08
618 9.997851e-09
619 6.772696e-09
620 4.372279e-09
621 2.796516e-09
622 1.806229e-09
623 1.191146e-09
624 8.027122e-10
625 5.466861e-10
626 3.694570e-10
627 2.433295e-10
628 1.539768e-10
629 9.277642e-11
630 2.710537e-08
631 2.112590e-08
632 1.557636e-08
633 1.104059e-08
634 7.518908e-09
635 4.867069e-09
636 3.106068e-09
637 2.000687e-09
638 1.314097e-09
639 8.826551e-10
640 6.005080e-10
641 4.064178e-10
642 2.686473e-10
643 1.708877e-10
644 1.035968e-10
645 2.923620e-08
646 2.292027e-08
647 1.696578e-08
648 1.206545e-08
649 8.250497e-09
650 5.352783e-09
651 3.409174e-09
652 2.191424e-09
653 1.434476e-09
654 9.610852e-10
655 6.533591e-10
656 4.427129e-10
657 2.935048e-10
658 1.874926e-10
659 1.142221e-10
660 3.193796e-08
661 2.519674e-08
662 1.872916e-08
663 1.336637e-08
664 9.180432e-09
665 5.968873e-09
666 3.794471e-09
667 2.433306e-09
668 1.587467e-09
669 1.060750e-09
670 7.203737e-10
671 4.887435e-10
672 3.250342e-10
673 2.085440e-10
674 1.276922e-10
675 2.813695e-08
676 2.207143e-08
677 1.635143e-08
678 1.162783e-08
679 7.952230e-09
680 5.175404e-09
681 3.298386e-09
682 2.122112e-09
683 1.388227e-09
684 9.291427e-10
685 6.305881e-10
686 4.266157e-10
687 2.824913e-10
688 1.803453e-10
689 1.098896e-10
690 3.107671e-08
691 2.462722e-08
692 1.838977e-08
693 1.314816e-08
694 9.053973e-09
695 5.929624e-09
696 3.772406e-09
697 2.420313e-09
698 1.573856e-09
699 1.047725e-09
700 7.089584e-10
701 4.798185e-10
702 3.188899e-10
703 2.048714e-10
704 1.258492e-10
705 3.396365e-08
706 2.714108e-08
707 2.038985e-08
708 1.464378e-08
709 1.013498e-08
710 6.670898e-09
711 4.237351e-09
712 2.713221e-09
713 1.755880e-09
714 1.163954e-09
715 7.859350e-10
716 5.320796e-10
717 3.546411e-10
718 2.289622e-10
719 1.415281e-10
720 3.763213e-08
721 3.033748e-08
722 2.292843e-08
723 1.654059e-08
724 1.150785e-08
725 7.611121e-09
726 4.828139e-09
727 3.084245e-09
728 1.986875e-09
729 1.311859e-09
730 8.835278e-10
731 5.983432e-10
732 3.999824e-10
733 2.595099e-10
734 1.614053e-10
735 3.493080e-08
736 2.808322e-08
737 2.121650e-08
738 1.528908e-08
739 1.061646e-08
740 7.026514e-09
741 4.472246e-09
742 2.858421e-09
743 1.844302e-09
744 1.218152e-09
745 8.197129e-10
746 5.540459e-10
747 3.694312e-10
748 2.390699e-10
749 1.483687e-10
750 3.882033e-08
751 3.158318e-08
752 2.409283e-08
753 1.747931e-08
754 1.221628e-08
755 8.153088e-09
756 5.196798e-09
757 3.310709e-09
758 2.123779e-09
759 1.393718e-09
760 9.334125e-10
761 6.299750e-10
762 4.209975e-10
763 2.739425e-10
764 1.713653e-10
765 4.375461e-08
766 3.602900e-08
767 2.774190e-08
768 2.025667e-08
769 1.424525e-08
770 9.581813e-09
771 6.116487e-09
772 3.883508e-09
773 2.478400e-09
774 1.616749e-09
775 1.077566e-09
776 7.261970e-10
777 4.863660e-10
778 3.181464e-10
779 2.005109e-10
780 4.403829e-08
781 3.643275e-08
782 2.820684e-08
783 2.068412e-08
784 1.458219e-08
785 9.849846e-09
786 6.324500e-09
787 4.008412e-09
788 2.556796e-09
789 1.661612e-09
790 1.102970e-09
791 7.409761e-10
792 4.955128e-10
793 3.242627e-10
794 2.048261e-10
795 5.084175e-08
796 4.279282e-08
797 3.363552e-08
798 2.493709e-08
799 1.772872e-08
800 1.211060e-08
801 7.839151e-09
802 4.946854e-09
803 3.140656e-09
804 2.021263e-09
805 1.329659e-09
806 8.886426e-10
807 5.942315e-10
808 3.907720e-10
809 2.490485e-10
810 6.117374e-08
811 5.287431e-08
812 4.268997e-08
813 3.234515e-08
814 2.334297e-08
815 1.620888e-08
816 1.070985e-08
817 6.768923e-09
818 4.269809e-09
819 2.706235e-09
820 1.750307e-09
821 1.153493e-09
822 7.661296e-10
823 5.047101e-10
824 3.247620e-10
825 5.170782e-07
826 3.908177e-07
827 2.958632e-07
828 2.044880e-07
829 1.285927e-07
830 8.133842e-08
831 5.107402e-08
832 0.000000e+00
833 0.000000e+00
834 0.000000e+00
835 0.000000e+00
836 0.000000e+00
837 0.000000e+00
838 0.000000e+00
839 0.000000e+00
840 6.686483e-07
841 5.061659e-07
842 3.832117e-07
843 2.673933e-07
844 1.681074e-07
845 1.065482e-07
846 6.675115e-08
847 0.000000e+00
848 0.000000e+00
849 0.000000e+00
850 0.000000e+00
851 0.000000e+00
852 0.000000e+00
853 0.000000e+00
854 0.000000e+00
855 7.750674e-07
856 5.871874e-07
857 4.445677e-07
858 3.115878e-07
859 1.958954e-07
860 1.242710e-07
861 7.777110e-08
862 0.000000e+00
863 0.000000e+00
864 0.000000e+00
865 0.000000e+00
866 0.000000e+00
867 0.000000e+00
868 0.000000e+00
869 0.000000e+00
870 8.580515e-07
871 6.503674e-07
872 4.924099e-07
873 3.460456e-07
874 2.175543e-07
875 1.380855e-07
876 8.636406e-08
877 0.000000e+00
878 0.000000e+00
879 0.000000e+00
880 0.000000e+00
881 0.000000e+00
882 0.000000e+00
883 0.000000e+00
884 0.000000e+00
885 9.276169e-07
886 7.033228e-07
887 5.325156e-07
888 3.749278e-07
889 2.357151e-07
890 1.496658e-07
891 9.356551e-08
892 0.000000e+00
893 0.000000e+00
894 0.000000e+00
895 0.000000e+00
896 0.000000e+00
897 0.000000e+00
898 0.000000e+00
899 0.000000e+00
900 9.895280e-07
901 7.504519e-07
902 5.682089e-07
903 4.006352e-07
904 2.518777e-07
905 1.599733e-07
906 9.997477e-08
907 0.000000e+00
908 0.000000e+00
909 0.000000e+00
910 0.000000e+00
911 0.000000e+00
912 0.000000e+00
913 0.000000e+00
914 0.000000e+00
915 1.050352e-06
916 7.967574e-07
917 6.032748e-07
918 4.258861e-07
919 2.677560e-07
920 1.700985e-07
921 1.062725e-07
922 0.000000e+00
923 0.000000e+00
924 0.000000e+00
925 0.000000e+00
926 0.000000e+00
927 0.000000e+00
928 0.000000e+00
929 0.000000e+00
930 1.127590e-06
931 8.555622e-07
932 6.477924e-07
933 4.579505e-07
934 2.879184e-07
935 1.829568e-07
936 1.142691e-07
937 0.000000e+00
938 0.000000e+00
939 0.000000e+00
940 0.000000e+00
941 0.000000e+00
942 0.000000e+00
943 0.000000e+00
944 0.000000e+00
945 3.740575e-07
946 3.004786e-07
947 2.246224e-07
948 1.726431e-07
949 1.176105e-07
950 7.363669e-08
951 4.559447e-08
952 2.842240e-08
953 0.000000e+00
954 0.000000e+00
955 0.000000e+00
956 0.000000e+00
957 0.000000e+00
958 0.000000e+00
959 0.000000e+00
960 5.084933e-07
961 4.104907e-07
962 3.070853e-07
963 2.357797e-07
964 1.621182e-07
965 1.010954e-07
966 6.281192e-08
967 3.909924e-08
968 0.000000e+00
969 0.000000e+00
970 0.000000e+00
971 0.000000e+00
972 0.000000e+00
973 0.000000e+00
974 0.000000e+00
975 6.135025e-07
976 4.964496e-07
977 3.715370e-07
978 2.851129e-07
979 1.969133e-07
980 1.225721e-07
981 7.627903e-08
982 4.744907e-08
983 0.000000e+00
984 0.000000e+00
985 0.000000e+00
986 0.000000e+00
987 0.000000e+00
988 0.000000e+00
989 0.000000e+00
990 7.014568e-07
991 5.684512e-07
992 4.255221e-07
993 3.264423e-07
994 2.260555e-07
995 1.405573e-07
996 8.755811e-08
997 5.444165e-08
998 0.000000e+00
999 0.000000e+00
1000 0.000000e+00
1001 0.000000e+00
1002 0.000000e+00
1003 0.000000e+00
1004 0.000000e+00
1005 7.797203e-07
1006 6.325134e-07
1007 4.735544e-07
1008 3.632112e-07
1009 2.519848e-07
1010 1.565602e-07
1011 9.759370e-08
1012 6.066319e-08
1013 0.000000e+00
1014 0.000000e+00
1015 0.000000e+00
1016 0.000000e+00
1017 0.000000e+00
1018 0.000000e+00
1019 0.000000e+00
1020 8.566149e-07
1021 6.954512e-07
1022 5.207433e-07
1023 3.993325e-07
1024 2.774617e-07
1025 1.722839e-07
1026 1.074531e-07
1027 6.677657e-08
1028 0.000000e+00
1029 0.000000e+00
1030 0.000000e+00
1031 0.000000e+00
1032 0.000000e+00
1033 0.000000e+00
1034 0.000000e+00
1035 9.542693e-07
1036 7.753845e-07
1037 5.806793e-07
1038 4.452128e-07
1039 3.098109e-07
1040 1.922507e-07
1041 1.199755e-07
1042 7.454048e-08
1043 0.000000e+00
1044 0.000000e+00
1045 0.000000e+00
1046 0.000000e+00
1047 0.000000e+00
1048 0.000000e+00
1049 0.000000e+00
1050 3.051620e-07
1051 2.651609e-07
1052 2.034545e-07
1053 1.526980e-07
1054 1.164678e-07
1055 7.169574e-08
1056 4.656341e-08
1057 2.825136e-08
1058 1.747769e-08
1059 0.000000e+00
1060 0.000000e+00
1061 0.000000e+00
1062 0.000000e+00
1063 0.000000e+00
1064 0.000000e+00
1065 4.205757e-07
1066 3.669956e-07
1067 2.823874e-07
1068 2.117116e-07
1069 1.618196e-07
1070 1.001655e-07
1071 6.498767e-08
1072 3.938396e-08
1073 2.434957e-08
1074 0.000000e+00
1075 0.000000e+00
1076 0.000000e+00
1077 0.000000e+00
1078 0.000000e+00
1079 0.000000e+00
1080 5.171489e-07
1081 4.521946e-07
1082 3.484356e-07
1083 2.610903e-07
1084 1.997682e-07
1085 1.240022e-07
1086 8.040865e-08
1087 4.870196e-08
1088 3.010228e-08
1089 0.000000e+00
1090 0.000000e+00
1091 0.000000e+00
1092 0.000000e+00
1093 0.000000e+00
1094 0.000000e+00
1095 6.029813e-07
1096 5.279201e-07
1097 4.071501e-07
1098 3.049846e-07
1099 2.335077e-07
1100 1.451897e-07
1101 9.411590e-08
1102 5.698495e-08
1103 3.521541e-08
1104 0.000000e+00
1105 0.000000e+00
1106 0.000000e+00
1107 0.000000e+00
1108 0.000000e+00
1109 0.000000e+00
1110 6.873098e-07
1111 6.023285e-07
1112 4.648444e-07
1113 3.481141e-07
1114 2.666508e-07
1115 1.660059e-07
1116 1.075834e-07
1117 6.512374e-08
1118 4.023863e-08
1119 0.000000e+00
1120 0.000000e+00
1121 0.000000e+00
1122 0.000000e+00
1123 0.000000e+00
1124 0.000000e+00
1125 7.944196e-07
1126 6.968449e-07
1127 5.381172e-07
1128 4.028926e-07
1129 3.087493e-07
1130 1.924458e-07
1131 1.246883e-07
1132 7.546077e-08
1133 4.661946e-08
1134 0.000000e+00
1135 0.000000e+00
1136 0.000000e+00
1137 0.000000e+00
1138 0.000000e+00
1139 0.000000e+00
1140 1.537429e-07
1141 1.411064e-07
1142 1.128108e-07
1143 8.385281e-08
1144 6.485769e-08
1145 4.358413e-08
1146 2.736422e-08
1147 1.652451e-08
1148 1.018656e-08
1149 0.000000e+00
1150 0.000000e+00
1151 0.000000e+00
1152 0.000000e+00
1153 0.000000e+00
1154 0.000000e+00
1155 2.694585e-07
1156 2.489657e-07
1157 2.003616e-07
1158 1.490384e-07
1159 1.150439e-07
1160 7.845321e-08
1161 4.880305e-08
1162 2.961994e-08
1163 1.824011e-08
1164 0.000000e+00
1165 0.000000e+00
1166 0.000000e+00
1167 0.000000e+00
1168 0.000000e+00
1169 0.000000e+00
1170 3.708245e-07
1171 3.436470e-07
1172 2.773997e-07
1173 2.064376e-07
1174 1.591933e-07
1175 1.092659e-07
1176 6.770401e-08
1177 4.120152e-08
1178 2.535456e-08
1179 0.000000e+00
1180 0.000000e+00
1181 0.000000e+00
1182 0.000000e+00
1183 0.000000e+00
1184 0.000000e+00
1185 4.606439e-07
1186 4.275326e-07
1187 3.456427e-07
1188 2.572873e-07
1189 1.983004e-07
1190 1.365577e-07
1191 8.444704e-08
1192 5.146092e-08
1193 3.165759e-08
1194 0.000000e+00
1195 0.000000e+00
1196 0.000000e+00
1197 0.000000e+00
1198 0.000000e+00
1199 0.000000e+00
1200 5.488285e-07
1201 5.099070e-07
1202 4.126624e-07
1203 3.072169e-07
1204 2.367015e-07
1205 1.633547e-07
1206 1.008854e-07
1207 6.153358e-08
1208 3.784574e-08
1209 0.000000e+00
1210 0.000000e+00
1211 0.000000e+00
1212 0.000000e+00
1213 0.000000e+00
1214 0.000000e+00
1215 6.608418e-07
1216 6.145305e-07
1217 4.977670e-07
1218 3.706390e-07
1219 2.854728e-07
1220 1.974000e-07
1221 1.217684e-07
1222 7.432411e-08
1223 4.570454e-08
1224 0.000000e+00
1225 0.000000e+00
1226 0.000000e+00
1227 0.000000e+00
1228 0.000000e+00
1229 0.000000e+00
1230 1.503226e-07
1231 1.448089e-07
1232 1.217621e-07
1233 9.153076e-08
1234 6.947676e-08
1235 5.145130e-08
1236 3.063397e-08
1237 1.944171e-08
1238 1.180889e-08
1239 7.248304e-09
1240 0.000000e+00
1241 0.000000e+00
1242 0.000000e+00
1243 0.000000e+00
1244 0.000000e+00
1245 2.528457e-07
1246 2.446987e-07
1247 2.069179e-07
1248 1.559638e-07
1249 1.181061e-07
1250 8.806703e-08
1251 5.246350e-08
1252 3.349153e-08
1253 2.028581e-08
1254 1.240558e-08
1255 0.000000e+00
1256 0.000000e+00
1257 0.000000e+00
1258 0.000000e+00
1259 0.000000e+00
1260 3.450385e-07
1261 3.345932e-07
1262 2.836233e-07
1263 2.140479e-07
1264 1.619265e-07
1265 1.210810e-07
1266 7.217530e-08
1267 4.617986e-08
1268 2.793604e-08
1269 1.705910e-08
1270 0.000000e+00
1271 0.000000e+00
1272 0.000000e+00
1273 0.000000e+00
1274 0.000000e+00
1275 4.352861e-07
1276 4.225774e-07
1277 3.587007e-07
1278 2.708869e-07
1279 2.048112e-07
1280 1.533918e-07
1281 9.145828e-08
1282 5.859221e-08
1283 3.542053e-08
1284 2.161340e-08
1285 0.000000e+00
1286 0.000000e+00
1287 0.000000e+00
1288 0.000000e+00
1289 0.000000e+00
1290 5.498992e-07
1291 5.343402e-07
1292 4.540570e-07
1293 3.430882e-07
1294 2.592823e-07
1295 1.944217e-07
1296 1.159526e-07
1297 7.435841e-08
1298 4.492859e-08
1299 2.739728e-08
1300 0.000000e+00
1301 0.000000e+00
1302 0.000000e+00
1303 0.000000e+00
1304 0.000000e+00
1305 1.548618e-07
1306 1.549019e-07
1307 1.364951e-07
1308 1.053195e-07
1309 7.857148e-08
1310 6.071730e-08
1311 3.723372e-08
1312 2.431169e-08
1313 1.444802e-08
1314 8.686418e-09
1315 0.000000e+00
1316 0.000000e+00
1317 0.000000e+00
1318 0.000000e+00
1319 0.000000e+00
1320 2.485733e-07
1321 2.493984e-07
1322 2.206644e-07
1323 1.707997e-07
1324 1.273029e-07
1325 9.848454e-08
1326 6.084553e-08
1327 3.963624e-08
1328 2.352344e-08
1329 1.414896e-08
1330 0.000000e+00
1331 0.000000e+00
1332 0.000000e+00
1333 0.000000e+00
1334 0.000000e+00
1335 3.399609e-07
1336 3.415517e-07
1337 3.027521e-07
1338 2.346573e-07
1339 1.748325e-07
1340 1.353177e-07
1341 8.387989e-08
1342 5.458129e-08
1343 3.237438e-08
1344 1.947644e-08
1345 0.000000e+00
1346 0.000000e+00
1347 0.000000e+00
1348 0.000000e+00
1349 0.000000e+00
1350 4.558994e-07
1351 4.584581e-07
1352 4.068866e-07
1353 3.156715e-07
1354 2.351277e-07
1355 1.820410e-07
1356 1.130998e-07
1357 7.354083e-08
1358 4.360452e-08
1359 2.623577e-08
1360 0.000000e+00
1361 0.000000e+00
1362 0.000000e+00
1363 0.000000e+00
1364 0.000000e+00
1365 1.655243e-07
1366 1.706816e-07
1367 1.567818e-07
1368 1.251477e-07
1369 9.283723e-08
1370 7.195510e-08
1371 4.796993e-08
1372 3.008963e-08
1373 1.780622e-08
1374 1.077628e-08
1375 0.000000e+00
1376 0.000000e+00
1377 0.000000e+00
1378 0.000000e+00
1379 0.000000e+00
1380 2.577719e-07
1381 2.663055e-07
1382 2.452763e-07
1383 1.963009e-07
1384 1.456472e-07
1385 1.127961e-07
1386 7.568140e-08
1387 4.726234e-08
1388 2.801460e-08
1389 1.695376e-08
1390 0.000000e+00
1391 0.000000e+00
1392 0.000000e+00
1393 0.000000e+00
1394 0.000000e+00
1395 3.741937e-07
1396 3.869759e-07
1397 3.569386e-07
1398 2.860721e-07
1399 2.122748e-07
1400 1.643242e-07
1401 1.106330e-07
1402 6.892615e-08
1403 4.089158e-08
1404 2.474633e-08
1405 0.000000e+00
1406 0.000000e+00
1407 0.000000e+00
1408 0.000000e+00
1409 0.000000e+00
1410 9.334065e-08
1411 9.841794e-08
1412 9.332599e-08
1413 7.692754e-08
1414 5.733443e-08
1415 4.391638e-08
1416 3.147467e-08
1417 1.879194e-08
1418 1.144920e-08
1419 6.890834e-09
1420 0.000000e+00
1421 0.000000e+00
1422 0.000000e+00
1423 0.000000e+00
1424 0.000000e+00
1425 1.855848e-07
1426 1.962737e-07
1427 1.869461e-07
1428 1.548846e-07
1429 1.156309e-07
1430 8.836471e-08
1431 6.390549e-08
1432 3.797672e-08
1433 2.331434e-08
1434 1.399884e-08
1435 0.000000e+00
1436 0.000000e+00
1437 0.000000e+00
1438 0.000000e+00
1439 0.000000e+00
1440 3.019795e-07
1441 3.197701e-07
1442 3.051342e-07
1443 2.533233e-07
1444 1.892577e-07
1445 1.444928e-07
1446 1.048734e-07
1447 6.221446e-08
1448 3.831035e-08
1449 2.298140e-08
1450 0.000000e+00
1451 0.000000e+00
1452 0.000000e+00
1453 0.000000e+00
1454 0.000000e+00
1455 1.205985e-07
1456 1.301465e-07
1457 1.276682e-07
1458 1.095210e-07
1459 8.298560e-08
1460 6.245382e-08
1461 4.745252e-08
1462 2.791695e-08
1463 1.796818e-08
1464 1.061884e-08
1465 6.237332e-09
1466 0.000000e+00
1467 0.000000e+00
1468 0.000000e+00
1469 0.000000e+00
1470 2.368728e-07
1471 2.560751e-07
1472 2.518543e-07
1473 2.167693e-07
1474 1.645652e-07
1475 1.236914e-07
1476 9.425642e-08
1477 5.559291e-08
1478 3.588340e-08
1479 2.117438e-08
1480 1.241157e-08
1481 0.000000e+00
1482 0.000000e+00
1483 0.000000e+00
1484 0.000000e+00
1485 1.764646e-07
1486 1.944087e-07
1487 1.965566e-07
1488 1.754178e-07
1489 1.364350e-07
1490 1.014230e-07
1491 7.883428e-08
1492 4.885018e-08
1493 3.170901e-08
1494 1.842649e-08
1495 1.074888e-08
1496 0.000000e+00
1497 0.000000e+00
1498 0.000000e+00
1499 0.000000e+00
1500 7.061762e-05
1501 5.317301e-05
1502 4.062652e-05
1503 2.870037e-05
1504 1.785809e-05
1505 1.132763e-05
1506 7.086403e-06
1507 0.000000e+00
1508 0.000000e+00
1509 0.000000e+00
1510 0.000000e+00
1511 0.000000e+00
1512 0.000000e+00
1513 0.000000e+00
1514 0.000000e+00
1515 5.596488e-05
1516 4.542339e-05
1517 3.387230e-05
1518 2.608600e-05
1519 1.817650e-05
1520 1.124151e-05
1521 6.956829e-06
1522 4.337908e-06
1523 0.000000e+00
1524 0.000000e+00
1525 0.000000e+00
1526 0.000000e+00
1527 0.000000e+00
1528 0.000000e+00
1529 0.000000e+00
1530 4.414988e-05
1531 3.878176e-05
1532 2.989450e-05
1533 2.233437e-05
1534 1.724633e-05
1535 1.061989e-05
1536 6.971388e-06
1537 4.206423e-06
1538 2.586971e-06
1539 0.000000e+00
1540 0.000000e+00
1541 0.000000e+00
1542 0.000000e+00
1543 0.000000e+00
1544 0.000000e+00
1545 3.566955e-05
1546 3.323266e-05
1547 2.692174e-05
1548 2.000387e-05
1549 1.543437e-05
1550 1.070191e-05
1551 6.585662e-06
1552 3.992223e-06
1553 2.463320e-06
1554 0.000000e+00
1555 0.000000e+00
1556 0.000000e+00
1557 0.000000e+00
1558 0.000000e+00
1559 0.000000e+00
1560 2.942158e-05
1561 2.864025e-05
1562 2.436484e-05
1563 1.839011e-05
1564 1.388556e-05
1565 1.047397e-05
1566 6.185800e-06
1567 3.987238e-06
1568 2.409240e-06
1569 1.466548e-06
1570 0.000000e+00
1571 0.000000e+00
1572 0.000000e+00
1573 0.000000e+00
1574 0.000000e+00
1575 2.455855e-05
1576 2.473801e-05
1577 2.199144e-05
1578 1.706001e-05
1579 1.268946e-05
1580 9.860005e-06
1581 6.103159e-06
1582 3.998126e-06
1583 2.365850e-06
1584 1.419199e-06
1585 0.000000e+00
1586 0.000000e+00
1587 0.000000e+00
1588 0.000000e+00
1589 0.000000e+00
1590 2.067440e-05
1591 2.141411e-05
1592 1.978825e-05
1593 1.587193e-05
1594 1.176479e-05
1595 9.116261e-06
1596 6.154614e-06
1597 3.831573e-06
1598 2.263017e-06
1599 1.373496e-06
1600 0.000000e+00
1601 0.000000e+00
1602 0.000000e+00
1603 0.000000e+00
1604 0.000000e+00
1605 1.747534e-05
1606 1.853174e-05
1607 1.771721e-05
1608 1.473027e-05
1609 1.100009e-05
1610 8.393547e-06
1611 6.122355e-06
1612 3.610480e-06
1613 2.224005e-06
1614 1.334015e-06
1615 0.000000e+00
1616 0.000000e+00
1617 0.000000e+00
1618 0.000000e+00
1619 0.000000e+00
1620 1.472511e-05
1621 1.594108e-05
1622 1.570864e-05
1623 1.354709e-05
1624 1.028817e-05
1625 7.724129e-06
1626 5.910094e-06
1627 3.472021e-06
1628 2.253532e-06
1629 1.329027e-06
1630 7.756560e-07
1631 0.000000e+00
1632 0.000000e+00
1633 0.000000e+00
1634 0.000000e+00
1635 1.221658e-05
1636 1.347825e-05
1637 1.365457e-05
1638 1.221642e-05
1639 9.513958e-06
1640 7.065140e-06
1641 5.502244e-06
1642 3.415900e-06
1643 2.223473e-06
1644 1.289952e-06
1645 7.520599e-07
1646 0.000000e+00
1647 0.000000e+00
1648 0.000000e+00
1649 0.000000e+00
