0 2.998333e-09
1 2.054009e-09
2 1.358013e-09
3 8.856366e-10
4 5.849461e-10
5 3.935978e-10
6 2.700368e-10
7 1.865643e-10
8 1.274904e-10
9 8.462741e-11
10 5.380827e-11
11 3.249266e-11
12 1.857879e-11
13 1.009275e-11
14 5.247446e-12
15 4.892463e-09
16 3.422961e-09
17 2.301330e-09
18 1.496228e-09
19 9.756736e-10
20 6.461199e-10
21 4.378781e-10
22 3.015821e-10
23 2.079504e-10
24 1.407761e-10
25 9.199083e-11
26 5.727873e-11
27 3.377349e-11
28 1.885145e-11
29 1.001589e-11
30 5.465206e-09
31 3.838491e-09
32 2.592499e-09
33 1.685770e-09
34 1.096085e-09
35 7.237450e-10
36 4.889563e-10
37 3.364945e-10
38 2.322285e-10
39 1.578006e-10
40 1.036390e-10
41 6.493438e-11
42 3.852819e-11
43 2.162500e-11
44 1.153923e-11
45 5.784863e-09
46 4.070805e-09
47 2.755092e-09
48 1.791716e-09
49 1.163305e-09
50 7.670770e-10
51 5.174737e-10
52 3.557719e-10
53 2.457743e-10
54 1.672719e-10
55 1.101565e-10
56 6.922118e-11
57 4.118871e-11
58 2.317453e-11
59 1.239079e-11
60 6.000731e-09
61 4.228407e-09
62 2.865095e-09
63 1.863269e-09
64 1.208880e-09
65 7.963558e-10
66 5.367258e-10
67 3.689071e-10
68 2.549428e-10
69 1.736897e-10
70 1.145385e-10
71 7.210474e-11
72 4.298367e-11
73 2.422513e-11
74 1.296698e-11
75 6.164361e-09
76 4.347640e-09
77 2.948644e-09
78 1.917600e-09
79 1.243374e-09
80 8.186459e-10
81 5.513353e-10
82 3.788379e-10
83 2.618383e-10
84 1.785284e-10
85 1.178647e-10
86 7.429205e-11
87 4.434340e-11
88 2.501721e-11
89 1.340327e-11
90 6.296944e-09
91 4.443662e-09
92 3.015791e-09
93 1.961575e-09
94 1.271335e-09
95 8.365803e-10
96 5.632074e-10
97 3.869072e-10
98 2.675331e-10
99 1.825202e-10
100 1.206015e-10
101 7.608092e-11
102 4.545525e-11
103 2.566667e-11
104 1.375681e-11
105 6.406670e-09
106 4.523385e-09
107 3.071755e-09
108 1.997783e-09
109 1.294242e-09
110 8.513988e-10
111 5.729055e-10
112 3.935140e-10
113 2.721625e-10
114 1.857549e-10
115 1.228028e-10
116 7.754307e-11
117 4.635271e-11
118 2.618962e-11
119 1.404682e-11
120 6.501475e-09
121 4.592118e-09
122 3.120839e-09
123 2.029670e-09
124 1.314215e-09
125 8.644825e-10
126 5.814568e-10
127 3.993290e-10
128 2.761740e-10
129 1.885649e-10
130 1.247369e-10
131 7.880063e-11
132 4.713968e-11
133 2.664957e-11
134 1.429840e-11
135 6.624661e-09
136 4.682508e-09
137 3.182609e-09
138 2.070082e-09
139 1.340253e-09
140 8.809805e-10
141 5.925039e-10
142 4.068289e-10
143 2.814238e-10
144 1.922396e-10
145 1.272483e-10
146 8.048112e-11
147 4.818387e-11
148 2.725249e-11
149 1.463094e-11
150 1.041699e-08
151 7.543748e-09
152 5.269580e-09
153 3.522387e-09
154 2.270605e-09
155 1.473557e-09
156 9.686556e-10
157 6.528985e-10
158 4.480384e-10
159 3.080714e-10
160 2.081777e-10
161 1.358436e-10
162 8.451266e-11
163 4.980356e-11
164 2.777951e-11
165 1.287325e-08
166 9.422608e-09
167 6.648755e-09
168 4.501313e-09
169 2.910993e-09
170 1.877885e-09
171 1.225611e-09
172 8.187526e-10
173 5.586941e-10
174 3.842195e-10
175 2.612791e-10
176 1.724154e-10
177 1.088461e-10
178 6.517345e-11
179 3.692001e-11
180 1.423311e-08
181 1.046306e-08
182 7.412077e-09
183 5.042465e-09
184 3.264249e-09
185 2.100732e-09
186 1.366681e-09
187 9.102164e-10
188 6.196540e-10
189 4.263019e-10
190 2.906452e-10
191 1.926413e-10
192 1.222827e-10
193 7.365482e-11
194 4.195731e-11
195 1.515293e-08
196 1.116699e-08
197 7.927937e-09
198 5.408916e-09
199 3.503928e-09
200 2.251540e-09
201 1.462518e-09
202 9.720678e-10
203 6.610653e-10
204 4.548083e-10
205 3.105388e-10
206 2.063487e-10
207 1.314045e-10
208 7.940871e-11
209 4.537573e-11
210 1.584950e-08
211 1.169914e-08
212 8.318113e-09
213 5.686050e-09
214 3.685129e-09
215 2.366230e-09
216 1.535342e-09
217 1.019097e-09
218 6.924302e-10
219 4.763984e-10
220 3.255732e-10
221 2.167136e-10
222 1.382913e-10
223 8.376150e-11
224 4.796263e-11
225 1.641790e-08
226 1.213327e-08
227 8.636606e-09
228 5.911171e-09
229 3.832003e-09
230 2.458869e-09
231 1.594089e-09
232 1.057005e-09
233 7.178747e-10
234 4.939691e-10
235 3.378147e-10
236 2.251331e-10
237 1.438908e-10
238 8.729489e-11
239 5.006179e-11
240 1.688416e-08
241 1.248982e-08
242 8.898674e-09
243 6.097587e-09
244 3.953880e-09
245 2.535796e-09
246 1.642922e-09
247 1.088396e-09
248 7.387643e-10
249 5.083697e-10
250 3.479128e-10
251 2.320786e-10
252 1.485058e-10
253 9.020172e-11
254 5.179117e-11
255 1.729673e-08
256 1.280523e-08
257 9.129129e-09
258 6.261061e-09
259 4.060246e-09
260 2.602804e-09
261 1.685745e-09
262 1.116257e-09
263 7.572932e-10
264 5.211520e-10
265 3.567979e-10
266 2.382285e-10
267 1.525928e-10
268 9.278974e-11
269 5.332240e-11
270 1.781201e-08
271 1.320003e-08
272 9.418775e-09
273 6.465882e-09
274 4.195116e-09
275 2.688565e-09
276 1.739938e-09
277 1.151105e-09
278 7.805273e-10
279 5.371417e-10
280 3.679156e-10
281 2.458735e-10
282 1.576755e-10
283 9.599688e-11
284 5.523041e-11
285 1.742796e-08
286 1.306049e-08
287 9.370289e-09
288 6.480457e-09
289 4.275542e-09
290 2.738732e-09
291 1.772056e-09
292 1.162841e-09
293 7.818485e-10
294 5.342440e-10
295 3.647719e-10
296 2.441586e-10
297 1.576073e-10
298 9.700461e-11
299 5.660177e-11
300 2.018466e-08
301 1.529107e-08
302 1.105283e-08
303 7.705355e-09
304 5.130651e-09
305 3.283313e-09
306 2.116994e-09
307 1.379184e-09
308 9.213993e-10
309 6.272993e-10
310 4.286329e-10
311 2.883587e-10
312 1.877304e-10
313 1.167989e-10
314 6.895646e-11
315 2.203467e-08
316 1.678850e-08
317 1.217865e-08
318 8.526155e-09
319 5.703630e-09
320 3.647266e-09
321 2.347125e-09
322 1.523547e-09
323 1.014579e-09
324 6.895309e-10
325 4.713970e-10
326 3.179818e-10
327 2.079204e-10
328 1.300567e-10
329 7.722214e-11
330 2.343962e-08
331 1.792343e-08
332 1.303261e-08
333 9.148631e-09
334 6.135769e-09
335 3.923067e-09
336 2.521743e-09
337 1.633016e-09
338 1.085230e-09
339 7.367541e-10
340 5.037810e-10
341 3.404055e-10
342 2.232047e-10
343 1.400956e-10
344 8.348289e-11
345 2.458515e-08
346 1.884434e-08
347 1.372610e-08
348 9.652563e-09
349 6.489148e-09
350 4.147351e-09
351 2.663501e-09
352 1.721966e-09
353 1.142673e-09
354 7.751588e-10
355 5.301055e-10
356 3.586415e-10
357 2.356316e-10
358 1.482566e-10
359 8.857187e-11
360 2.551994e-08
361 1.960292e-08
362 1.429706e-08
363 1.006948e-08
364 6.780242e-09
365 4.332504e-09
366 2.780248e-09
367 1.795203e-09
368 1.189990e-09
369 8.065835e-10
370 5.518234e-10
371 3.737018e-10
372 2.458976e-10
373 1.549976e-10
374 9.277436e-11
375 2.634532e-08
376 2.027165e-08
377 1.479987e-08
378 1.043576e-08
379 7.034776e-09
380 4.494687e-09
381 2.883125e-09
382 1.859373e-09
383 1.231639e-09
384 8.344287e-10
385 5.708308e-10
386 3.868438e-10
387 2.548525e-10
388 1.608801e-10
389 9.644210e-11
390 2.738792e-08
391 2.111368e-08
392 1.543476e-08
393 1.089759e-08
394 7.356941e-09
395 4.699421e-09
396 3.012445e-09
397 1.940730e-09
398 1.284055e-09
399 8.695255e-10
400 5.949173e-10
401 4.035738e-10
402 2.662106e-10
403 1.683661e-10
404 1.011043e-10
405 2.445512e-08
406 1.889913e-08
407 1.385180e-08
408 9.769677e-09
409 6.612027e-09
410 4.266424e-09
411 2.729941e-09
412 1.764136e-09
413 1.164523e-09
414 7.852806e-10
415 5.349275e-10
416 3.613764e-10
417 2.378075e-10
418 1.503088e-10
419 9.044409e-11
420 2.742085e-08
421 2.142049e-08
422 1.581541e-08
423 1.122181e-08
424 7.655036e-09
425 4.963972e-09
426 3.164637e-09
427 2.037801e-09
428 1.336573e-09
429 8.967789e-10
430 6.096967e-10
431 4.126431e-10
432 2.729561e-10
433 1.738599e-10
434 1.055876e-10
435 2.965820e-08
436 2.331636e-08
437 1.728986e-08
438 1.230997e-08
439 8.434431e-09
440 5.484482e-09
441 3.488680e-09
442 2.242132e-09
443 1.465242e-09
444 9.801198e-10
445 6.656369e-10
446 4.510303e-10
447 2.992871e-10
448 1.915009e-10
449 1.169244e-10
450 3.147465e-08
451 2.485739e-08
452 1.848950e-08
453 1.319380e-08
454 9.069662e-09
455 5.908349e-09
456 3.751922e-09
457 2.408179e-09
458 1.569715e-09
459 1.047872e-09
460 7.110881e-10
461 4.822114e-10
462 3.206703e-10
463 2.058263e-10
464 1.261342e-10
465 3.297015e-08
466 2.612488e-08
467 1.947523e-08
468 1.392272e-08
469 9.592478e-09
470 6.257595e-09
471 3.969265e-09
472 2.544910e-09
473 1.655838e-09
474 1.103683e-09
475 7.485528e-10
476 5.079547e-10
477 3.383277e-10
478 2.176541e-10
479 1.337281e-10
480 3.428084e-08
481 2.723862e-08
482 2.034234e-08
483 1.456353e-08
484 1.005168e-08
485 6.564294e-09
486 4.160261e-09
487 2.665264e-09
488 1.731659e-09
489 1.152750e-09
490 7.814805e-10
491 5.305331e-10
492 3.538107e-10
493 2.280291e-10
494 1.403959e-10
495 3.593606e-08
496 2.863943e-08
497 2.143591e-08
498 1.536882e-08
499 1.063295e-08
500 6.952510e-09
501 4.401986e-09
502 2.817187e-09
503 1.827278e-09
504 1.214763e-09
505 8.230837e-10
506 5.590911e-10
507 3.733989e-10
508 2.411491e-10
509 1.488238e-10
510 3.161857e-08
511 2.512503e-08
512 1.879851e-08
513 1.346286e-08
514 9.283820e-09
515 6.094570e-09
516 3.876796e-09
517 2.486080e-09
518 1.613782e-09
519 1.072822e-09
520 7.251782e-10
521 4.906489e-10
522 3.262653e-10
523 2.098867e-10
524 1.291787e-10
525 3.482578e-08
526 2.795687e-08
527 2.108695e-08
528 1.518286e-08
529 1.053349e-08
530 6.962691e-09
531 4.425670e-09
532 2.830564e-09
533 1.826852e-09
534 1.208071e-09
535 8.138008e-10
536 5.504326e-10
537 3.670972e-10
538 2.374817e-10
539 1.472620e-10
540 3.741821e-08
541 3.024388e-08
542 2.292931e-08
543 1.656551e-08
544 1.153983e-08
545 7.660692e-09
546 4.865431e-09
547 3.107214e-09
548 1.997927e-09
549 1.316753e-09
550 8.850055e-10
551 5.985455e-10
552 3.999739e-10
553 2.597033e-10
554 1.618180e-10
555 3.955101e-08
556 3.212864e-08
557 2.444950e-08
558 1.770749e-08
559 1.236997e-08
560 8.237099e-09
561 5.228535e-09
562 3.335449e-09
563 2.139073e-09
564 1.406237e-09
565 9.438062e-10
566 6.382492e-10
567 4.271088e-10
568 2.780417e-10
569 1.738283e-10
570 4.141960e-08
571 3.378289e-08
572 2.578060e-08
573 1.870812e-08
574 1.309677e-08
575 8.741557e-09
576 5.546389e-09
577 3.535320e-09
578 2.262481e-09
579 1.484751e-09
580 9.953017e-10
581 6.730240e-10
582 4.508720e-10
583 2.941056e-10
584 1.843511e-10
585 4.378757e-08
586 3.587385e-08
587 2.746913e-08
588 1.997419e-08
589 1.401868e-08
590 9.382341e-09
591 5.951473e-09
592 3.789366e-09
593 2.419462e-09
594 1.584277e-09
595 1.060615e-09
596 7.171211e-10
597 4.810061e-10
598 3.144707e-10
599 1.976893e-10
600 3.911700e-08
601 3.188661e-08
602 2.436069e-08
603 1.769925e-08
604 1.238135e-08
605 8.276047e-09
606 5.281910e-09
607 3.362183e-09
608 2.155795e-09
609 1.413175e-09
610 9.452471e-10
611 6.374776e-10
612 4.259640e-10
613 2.773087e-10
614 1.736502e-10
615 4.261541e-08
616 3.508217e-08
617 2.703170e-08
618 1.974990e-08
619 1.388705e-08
620 9.347367e-09
621 5.981688e-09
622 3.796167e-09
623 2.424430e-09
624 1.580834e-09
625 1.052465e-09
626 7.084457e-10
627 4.739307e-10
628 3.097545e-10
629 1.951500e-10
630 4.548677e-08
631 3.770325e-08
632 2.922011e-08
633 2.143068e-08
634 1.512049e-08
635 1.022450e-08
636 6.552889e-09
637 4.150522e-09
638 2.643812e-09
639 1.717482e-09
640 1.140149e-09
641 7.665184e-10
642 5.132160e-10
643 3.363352e-10
644 2.127608e-10
645 4.800176e-08
646 4.000622e-08
647 3.113662e-08
648 2.290647e-08
649 1.620176e-08
650 1.099349e-08
651 7.054864e-09
652 4.461630e-09
653 2.836323e-09
654 1.837713e-09
655 1.217072e-09
656 8.175115e-10
657 5.477032e-10
658 3.596727e-10
659 2.282250e-10
660 5.118753e-08
661 4.291961e-08
662 3.357154e-08
663 2.477305e-08
664 1.757323e-08
665 1.196890e-08
666 7.691262e-09
667 4.855586e-09
668 3.080347e-09
669 1.990001e-09
670 1.314602e-09
671 8.820941e-10
672 5.913844e-10
673 3.892259e-10
674 2.478051e-10
675 4.713846e-08
676 3.934123e-08
677 3.070375e-08
678 2.264479e-08
679 1.603445e-08
680 1.089587e-08
681 7.027551e-09
682 4.443954e-09
683 2.827983e-09
684 1.828283e-09
685 1.207716e-09
686 8.090545e-10
687 5.409552e-10
688 3.548671e-10
689 2.251942e-10
690 5.087530e-08
691 4.286278e-08
692 3.373908e-08
693 2.504061e-08
694 1.781490e-08
695 1.217938e-08
696 7.895408e-09
697 4.981417e-09
698 3.162862e-09
699 2.033526e-09
700 1.336506e-09
701 8.923892e-10
702 5.964360e-10
703 3.921925e-10
704 2.500457e-10
705 5.414047e-08
706 4.594160e-08
707 3.639355e-08
708 2.713261e-08
709 1.936626e-08
710 1.329788e-08
711 8.651362e-09
712 5.450085e-09
713 3.454797e-09
714 2.212453e-09
715 1.448739e-09
716 9.650455e-10
717 6.448589e-10
718 4.247865e-10
719 2.717535e-10
720 5.828210e-08
721 4.984288e-08
722 3.975789e-08
723 2.978471e-08
724 2.133653e-08
725 1.471875e-08
726 9.611673e-09
727 6.044001e-09
728 3.825067e-09
729 2.439391e-09
730 1.591019e-09
731 1.057332e-09
732 7.063012e-10
733 4.661327e-10
734 2.992848e-10
735 5.556678e-08
736 4.739789e-08
737 3.776907e-08
738 2.829846e-08
739 2.026759e-08
740 1.396323e-08
741 9.134297e-09
742 5.761164e-09
743 3.647190e-09
744 2.327357e-09
745 1.518009e-09
746 1.007660e-09
747 6.718327e-10
748 4.424241e-10
749 2.834772e-10
750 5.969175e-08
751 5.139445e-08
752 4.131678e-08
753 3.118074e-08
754 2.243896e-08
755 1.554211e-08
756 1.023189e-08
757 6.453114e-09
758 4.076233e-09
759 2.587943e-09
760 1.678915e-09
761 1.109743e-09
762 7.385224e-10
763 4.868125e-10
764 3.130038e-10
765 6.492706e-08
766 5.645255e-08
767 4.580936e-08
768 3.482112e-08
769 2.518295e-08
770 1.753923e-08
771 1.162054e-08
772 7.327534e-09
773 4.618753e-09
774 2.917338e-09
775 1.882286e-09
776 1.238760e-09
777 8.228390e-10
778 5.429410e-10
779 3.503399e-10
780 6.479261e-08
781 5.644512e-08
782 4.592191e-08
783 3.501158e-08
784 2.537550e-08
785 1.769453e-08
786 1.175732e-08
787 7.439629e-09
788 4.683341e-09
789 2.956834e-09
790 1.903709e-09
791 1.249471e-09
792 8.280771e-10
793 5.456008e-10
794 3.518973e-10
795 7.130886e-08
796 6.290076e-08
797 5.182380e-08
798 3.993472e-08
799 2.915907e-08
800 2.047071e-08
801 1.372471e-08
802 8.716047e-09
803 5.468323e-09
804 3.435169e-09
805 2.194732e-09
806 1.429975e-09
807 9.434932e-10
808 6.212031e-10
809 4.018382e-10
810 7.992911e-08
811 7.169395e-08
812 6.013572e-08
813 4.711884e-08
814 3.483367e-08
815 2.468530e-08
816 1.676273e-08
817 1.076556e-08
818 6.727931e-09
819 4.208386e-09
820 2.657311e-09
821 1.710117e-09
822 1.117465e-09
823 7.323708e-10
824 4.741548e-10
825 5.128486e-07
826 4.101363e-07
827 3.092897e-07
828 2.346853e-07
829 1.585448e-07
830 9.942120e-08
831 6.237863e-08
832 3.884243e-08
833 0.000000e+00
834 0.000000e+00
835 0.000000e+00
836 0.000000e+00
837 0.000000e+00
838 0.000000e+00
839 0.000000e+00
840 6.552987e-07
841 5.272123e-07
842 3.978674e-07
843 3.018374e-07
844 2.059564e-07
845 1.288702e-07
846 8.107233e-08
847 5.037425e-08
848 0.000000e+00
849 0.000000e+00
850 0.000000e+00
851 0.000000e+00
852 0.000000e+00
853 0.000000e+00
854 0.000000e+00
855 7.518608e-07
856 6.065637e-07
857 4.578993e-07
858 3.473340e-07
859 2.380880e-07
860 1.488276e-07
861 9.374094e-08
862 5.819026e-08
863 0.000000e+00
864 0.000000e+00
865 0.000000e+00
866 0.000000e+00
867 0.000000e+00
868 0.000000e+00
869 0.000000e+00
870 8.250004e-07
871 6.666460e-07
872 5.033531e-07
873 3.818074e-07
874 2.624296e-07
875 1.639455e-07
876 1.033388e-07
877 6.411041e-08
878 0.000000e+00
879 0.000000e+00
880 0.000000e+00
881 0.000000e+00
882 0.000000e+00
883 0.000000e+00
884 0.000000e+00
885 8.843480e-07
886 7.154244e-07
887 5.402556e-07
888 4.097803e-07
889 2.821853e-07
890 1.762152e-07
891 1.111273e-07
892 6.891522e-08
893 0.000000e+00
894 0.000000e+00
895 0.000000e+00
896 0.000000e+00
897 0.000000e+00
898 0.000000e+00
899 0.000000e+00
900 9.332763e-07
901 7.556266e-07
902 5.706682e-07
903 4.328366e-07
904 2.984661e-07
905 1.863276e-07
906 1.175467e-07
907 7.287565e-08
908 0.000000e+00
909 0.000000e+00
910 0.000000e+00
911 0.000000e+00
912 0.000000e+00
913 0.000000e+00
914 0.000000e+00
915 9.761900e-07
916 7.908930e-07
917 5.973484e-07
918 4.530632e-07
919 3.127494e-07
920 1.951979e-07
921 1.231778e-07
922 7.634955e-08
923 0.000000e+00
924 0.000000e+00
925 0.000000e+00
926 0.000000e+00
927 0.000000e+00
928 0.000000e+00
929 0.000000e+00
930 1.030523e-06
931 8.355648e-07
932 6.311516e-07
933 4.786900e-07
934 3.308449e-07
935 2.064365e-07
936 1.303123e-07
937 8.075122e-08
938 0.000000e+00
939 0.000000e+00
940 0.000000e+00
941 0.000000e+00
942 0.000000e+00
943 0.000000e+00
944 0.000000e+00
945 2.379293e-07
946 2.234737e-07
947 1.830295e-07
948 1.367250e-07
949 1.048641e-07
950 7.394060e-08
951 4.523506e-08
952 2.796951e-08
953 1.712143e-08
954 0.000000e+00
955 0.000000e+00
956 0.000000e+00
957 0.000000e+00
958 0.000000e+00
959 0.000000e+00
960 3.436295e-07
961 3.241957e-07
962 2.668469e-07
963 1.996481e-07
964 1.528162e-07
965 1.086890e-07
966 6.625407e-08
967 4.118246e-08
968 2.516321e-08
969 0.000000e+00
970 0.000000e+00
971 0.000000e+00
972 0.000000e+00
973 0.000000e+00
974 0.000000e+00
975 4.233939e-07
976 4.001925e-07
977 3.300728e-07
978 2.471068e-07
979 1.889870e-07
980 1.348913e-07
981 8.210315e-08
982 5.114291e-08
983 3.122618e-08
984 0.000000e+00
985 0.000000e+00
986 0.000000e+00
987 0.000000e+00
988 0.000000e+00
989 0.000000e+00
990 4.881505e-07
991 4.618904e-07
992 3.814018e-07
993 2.856356e-07
994 2.183517e-07
995 1.561638e-07
996 9.497001e-08
997 5.922972e-08
998 3.614840e-08
999 0.000000e+00
1000 0.000000e+00
1001 0.000000e+00
1002 0.000000e+00
1003 0.000000e+00
1004 0.000000e+00
1005 5.415000e-07
1006 5.127186e-07
1007 4.236890e-07
1008 3.173773e-07
1009 2.425437e-07
1010 1.736891e-07
1011 1.055703e-07
1012 6.589176e-08
1013 4.020354e-08
1014 0.000000e+00
1015 0.000000e+00
1016 0.000000e+00
1017 0.000000e+00
1018 0.000000e+00
1019 0.000000e+00
1020 5.883136e-07
1021 5.573195e-07
1022 4.607951e-07
1023 3.452299e-07
1024 2.637717e-07
1025 1.890669e-07
1026 1.148718e-07
1027 7.173747e-08
1028 4.376185e-08
1029 0.000000e+00
1030 0.000000e+00
1031 0.000000e+00
1032 0.000000e+00
1033 0.000000e+00
1034 0.000000e+00
1035 6.476284e-07
1036 6.138289e-07
1037 5.078088e-07
1038 3.805195e-07
1039 2.906676e-07
1040 2.085525e-07
1041 1.266569e-07
1042 7.914410e-08
1043 4.827026e-08
1044 0.000000e+00
1045 0.000000e+00
1046 0.000000e+00
1047 0.000000e+00
1048 0.000000e+00
1049 0.000000e+00
1050 1.272392e-07
1051 1.299104e-07
1052 1.177034e-07
1053 9.283727e-08
1054 6.892802e-08
1055 5.349814e-08
1056 3.460430e-08
1057 2.209782e-08
1058 1.306358e-08
1059 7.880458e-09
1060 0.000000e+00
1061 0.000000e+00
1062 0.000000e+00
1063 0.000000e+00
1064 0.000000e+00
1065 2.055894e-07
1066 2.105915e-07
1067 1.916923e-07
1068 1.518504e-07
1069 1.127397e-07
1070 8.742453e-08
1071 5.717359e-08
1072 3.624957e-08
1073 2.146384e-08
1074 1.295443e-08
1075 0.000000e+00
1076 0.000000e+00
1077 0.000000e+00
1078 0.000000e+00
1079 0.000000e+00
1080 2.684676e-07
1081 2.753128e-07
1082 2.510178e-07
1083 1.991515e-07
1084 1.478498e-07
1085 1.146172e-07
1086 7.524555e-08
1087 4.759272e-08
1088 2.819289e-08
1089 1.701927e-08
1090 0.000000e+00
1091 0.000000e+00
1092 0.000000e+00
1093 0.000000e+00
1094 0.000000e+00
1095 3.202746e-07
1096 3.286419e-07
1097 2.999009e-07
1098 2.381163e-07
1099 1.767803e-07
1100 1.370238e-07
1101 9.013548e-08
1102 5.693779e-08
1103 3.373628e-08
1104 2.036839e-08
1105 0.000000e+00
1106 0.000000e+00
1107 0.000000e+00
1108 0.000000e+00
1109 0.000000e+00
1110 3.657251e-07
1111 3.754277e-07
1112 3.427863e-07
1113 2.723055e-07
1114 2.021612e-07
1115 1.566811e-07
1116 1.031985e-07
1117 6.513629e-08
1118 3.860008e-08
1119 2.330659e-08
1120 0.000000e+00
1121 0.000000e+00
1122 0.000000e+00
1123 0.000000e+00
1124 0.000000e+00
1125 4.233072e-07
1126 4.347146e-07
1127 3.971305e-07
1128 3.156066e-07
1129 2.343237e-07
1130 1.815908e-07
1131 1.197519e-07
1132 7.552535e-08
1133 4.476346e-08
1134 2.702987e-08
1135 0.000000e+00
1136 0.000000e+00
1137 0.000000e+00
1138 0.000000e+00
1139 0.000000e+00
1140 1.367664e-07
1141 1.468774e-07
1142 1.430646e-07
1143 1.216766e-07
1144 9.181243e-08
1145 6.935042e-08
1146 5.215705e-08
1147 3.065675e-08
1148 1.951785e-08
1149 1.157988e-08
1150 6.852986e-09
1151 0.000000e+00
1152 0.000000e+00
1153 0.000000e+00
1154 0.000000e+00
1155 1.857535e-07
1156 1.996509e-07
1157 1.947107e-07
1158 1.658531e-07
1159 1.252417e-07
1160 9.454335e-08
1161 7.122244e-08
1162 4.188258e-08
1163 2.671174e-08
1164 1.583730e-08
1165 9.360858e-09
1166 0.000000e+00
1167 0.000000e+00
1168 0.000000e+00
1169 0.000000e+00
1170 2.287308e-07
1171 2.459574e-07
1172 2.400117e-07
1173 2.046021e-07
1174 1.545704e-07
1175 1.166411e-07
1176 8.794470e-08
1177 5.172930e-08
1178 3.302338e-08
1179 1.957204e-08
1180 1.156115e-08
1181 0.000000e+00
1182 0.000000e+00
1183 0.000000e+00
1184 0.000000e+00
1185 2.831925e-07
1186 3.046215e-07
1187 2.974217e-07
1188 2.537003e-07
1189 1.917262e-07
1190 1.446408e-07
1191 1.091385e-07
1192 6.420868e-08
1193 4.102415e-08
1194 2.430526e-08
1195 1.434858e-08
1196 0.000000e+00
1197 0.000000e+00
1198 0.000000e+00
1199 0.000000e+00
1200 9.740321e-08
1201 1.080083e-07
1202 1.102392e-07
1203 9.966737e-08
1204 7.833154e-08
1205 5.810551e-08
1206 4.522064e-08
1207 2.879821e-08
1208 1.847147e-08
1209 1.069707e-08
1210 6.274259e-09
1211 0.000000e+00
1212 0.000000e+00
1213 0.000000e+00
1214 0.000000e+00
1215 1.375235e-07
1216 1.525919e-07
1217 1.558869e-07
1218 1.411225e-07
1219 1.110369e-07
1220 8.235632e-08
1221 6.408696e-08
1222 4.094022e-08
1223 2.621118e-08
1224 1.517720e-08
1225 8.907914e-09
1226 0.000000e+00
1227 0.000000e+00
1228 0.000000e+00
1229 0.000000e+00
1230 1.883677e-07
1231 2.090944e-07
1232 2.137391e-07
1233 1.936555e-07
1234 1.524844e-07
1235 1.130875e-07
1236 8.799619e-08
1237 5.632430e-08
1238 3.601906e-08
1239 2.085450e-08
1240 1.224532e-08
1241 0.000000e+00
1242 0.000000e+00
1243 0.000000e+00
1244 0.000000e+00
1245 7.513603e-08
1246 8.530890e-08
1247 9.007586e-08
1248 8.547476e-08
1249 7.042050e-08
1250 5.243238e-08
1251 4.020574e-08
1252 2.875580e-08
1253 1.703741e-08
1254 1.018990e-08
1255 5.995171e-09
1256 0.000000e+00
1257 0.000000e+00
1258 0.000000e+00
1259 0.000000e+00
1260 1.222467e-07
1261 1.388785e-07
1262 1.467597e-07
1263 1.394325e-07
1264 1.150298e-07
1265 8.568112e-08
1266 6.566046e-08
1267 4.708674e-08
1268 2.785034e-08
1269 1.669427e-08
1270 9.816045e-09
1271 0.000000e+00
1272 0.000000e+00
1273 0.000000e+00
1274 0.000000e+00
1275 7.540956e-08
1276 8.722075e-08
1277 9.452103e-08
1278 9.317482e-08
1279 8.032049e-08
1280 6.096069e-08
1281 4.579725e-08
1282 3.502503e-08
1283 2.040938e-08
1284 1.312597e-08
1285 7.585910e-09
1286 4.263012e-09
1287 0.000000e+00
1288 0.000000e+00
1289 0.000000e+00
1290 4.053025e-08
1291 4.757671e-08
1292 5.261811e-08
1293 5.343607e-08
1294 4.792390e-08
1295 3.737534e-08
1296 2.774598e-08
1297 2.163637e-08
1298 1.340446e-08
1299 8.678098e-09
1300 4.940753e-09
1301 2.785779e-09
1302 0.000000e+00
1303 0.000000e+00
1304 0.000000e+00
1305 3.940587e-05
1306 3.178849e-05
1307 2.393007e-05
1308 1.821502e-05
1309 1.249775e-05
1310 7.789480e-06
1311 4.899598e-06
1312 3.042981e-06
1313 0.000000e+00
1314 0.000000e+00
1315 0.000000e+00
1316 0.000000e+00
1317 0.000000e+00
1318 0.000000e+00
1319 0.000000e+00
1320 2.252345e-05
1321 2.138353e-05
1322 1.769588e-05
1323 1.323667e-05
1324 1.011618e-05
1325 7.290875e-06
1326 4.397525e-06
1327 2.742055e-06
1328 1.676049e-06
1329 0.000000e+00
1330 0.000000e+00
1331 0.000000e+00
1332 0.000000e+00
1333 0.000000e+00
1334 0.000000e+00
1335 1.469489e-05
1336 1.510995e-05
1337 1.382060e-05
1338 1.098644e-05
1339 8.147935e-06
1340 6.323625e-06
1341 4.172195e-06
1342 2.636679e-06
1343 1.556517e-06
1344 9.416150e-07
1345 0.000000e+00
1346 0.000000e+00
1347 0.000000e+00
1348 0.000000e+00
1349 0.000000e+00
1350 1.001316e-05
1351 1.078069e-05
1352 1.053877e-05
1353 8.999330e-06
1354 6.799923e-06
1355 5.126445e-06
1356 3.880869e-06
1357 2.272981e-06
1358 1.457269e-06
1359 8.630855e-07
1360 5.085649e-07
1361 0.000000e+00
1362 0.000000e+00
1363 0.000000e+00
1364 0.000000e+00
1365 7.094520e-06
1366 7.881320e-06
1367 8.065144e-06
1368 7.317040e-06
1369 5.765308e-06
1370 4.273267e-06
1371 3.327939e-06
1372 2.133148e-06
1373 1.365588e-06
1374 7.892824e-07
1375 4.640026e-07
1376 0.000000e+00
1377 0.000000e+00
1378 0.000000e+00
1379 0.000000e+00
1380 5.188951e-06
1381 5.899201e-06
1382 6.240262e-06
1383 5.936934e-06
1384 4.904067e-06
1385 3.652855e-06
1386 2.797878e-06
1387 2.013351e-06
1388 1.186941e-06
1389 7.119475e-07
1390 4.184884e-07
1391 0.000000e+00
1392 0.000000e+00
1393 0.000000e+00
1394 0.000000e+00
1395 3.886031e-06
1396 4.497889e-06
1397 4.879184e-06
1398 4.816536e-06
1399 4.158944e-06
1400 3.158679e-06
1401 2.371131e-06
1402 1.817574e-06
1403 1.058423e-06
1404 6.829652e-07
1405 3.945519e-07
1406 2.210788e-07
1407 0.000000e+00
1408 0.000000e+00
1409 0.000000e+00
1410 2.701128e-06
1411 3.173486e-06
1412 3.513887e-06
1413 3.574597e-06
1414 3.213114e-06
1415 2.509981e-06
1416 1.862240e-06
1417 1.453080e-06
1418 9.040477e-07
1419 5.848966e-07
1420 3.326371e-07
1421 1.878682e-07
1422 0.000000e+00
1423 0.000000e+00
1424 0.000000e+00
1425 1.550966e-06
1426 1.849254e-06
1427 2.088821e-06
1428 2.186952e-06
1429 2.047901e-06
1430 1.661933e-06
1431 1.232635e-06
1432 9.526603e-07
1433 6.578205e-07
1434 3.968083e-07
1435 2.282730e-07
1436 1.316424e-07
1437 0.000000e+00
1438 0.000000e+00
1439 0.000000e+00
1440 6.870354e-07
1441 8.306719e-07
1442 9.558747e-07
1443 1.027427e-06
1444 9.998176e-07
1445 8.475785e-07
1446 6.375316e-07
1447 4.826328e-07
1448 3.621512e-07
1449 2.083764e-07
1450 1.294081e-07
1451 7.361867e-08
1452 4.047786e-08
1453 0.000000e+00
1454 0.000000e+00
