0 2.324618e-09
1 1.574537e-09
2 1.034491e-09
3 6.777656e-10
4 4.508367e-10
5 3.059810e-10
6 2.110125e-10
7 1.456817e-10
8 9.883854e-11
9 6.479340e-11
10 4.054632e-11
11 2.405331e-11
12 1.352079e-11
13 7.236783e-12
14 3.719061e-12
15 3.731328e-09
16 2.578164e-09
17 1.713438e-09
18 1.115103e-09
19 7.324049e-10
20 4.896112e-10
21 3.343615e-10
22 2.309765e-10
23 1.586151e-10
24 1.062272e-10
25 6.836248e-11
26 4.180903e-11
27 2.420713e-11
28 1.329420e-11
29 6.972553e-12
30 4.242042e-09
31 2.947789e-09
32 1.969408e-09
33 1.281424e-09
34 8.386820e-10
35 5.582270e-10
36 3.798647e-10
37 2.621071e-10
38 1.803325e-10
39 1.213955e-10
40 7.866077e-11
41 4.852455e-11
42 2.834129e-11
43 1.568885e-11
44 8.282982e-12
45 4.536730e-09
46 3.161282e-09
47 2.117029e-09
48 1.377589e-09
49 9.001972e-10
50 5.980400e-10
51 4.061632e-10
52 2.800541e-10
53 1.928700e-10
54 1.301489e-10
55 8.463280e-11
56 5.241517e-11
57 3.073813e-11
58 1.707508e-11
59 9.041844e-12
60 4.742717e-09
61 3.310553e-09
62 2.219923e-09
63 1.444487e-09
64 9.430725e-10
65 6.257359e-10
66 4.245168e-10
67 2.926008e-10
68 2.016270e-10
69 1.362567e-10
70 8.878081e-11
71 5.511556e-11
72 3.239798e-11
73 1.804095e-11
74 9.569489e-12
75 4.902490e-09
76 3.425597e-09
77 2.299771e-09
78 1.496361e-09
79 9.762010e-10
80 6.471333e-10
81 4.386972e-10
82 3.023025e-10
83 2.083837e-10
84 1.409615e-10
85 9.198762e-11
86 5.721177e-11
87 3.368934e-11
88 1.878795e-11
89 9.976603e-12
90 5.033643e-09
91 3.520936e-09
92 2.365710e-09
93 1.539211e-09
94 1.003609e-09
95 6.648898e-10
96 4.504411e-10
97 3.103059e-10
98 2.139731e-10
99 1.448649e-10
100 9.464617e-11
101 5.893525e-11
102 3.475170e-11
103 1.940259e-11
104 1.031415e-11
105 5.150824e-09
106 3.606201e-09
107 2.424545e-09
108 1.577547e-09
109 1.028084e-09
110 6.806310e-10
111 4.608678e-10
112 3.174631e-10
113 2.189843e-10
114 1.483544e-10
115 9.701926e-11
116 6.048198e-11
117 3.570743e-11
118 1.995808e-11
119 1.061810e-11
120 5.264032e-09
121 3.688072e-09
122 2.481729e-09
123 1.614383e-09
124 1.051793e-09
125 6.959846e-10
126 4.710382e-10
127 3.242579e-10
128 2.237250e-10
129 1.516806e-10
130 9.927369e-11
131 6.194871e-11
132 3.660641e-11
133 2.048371e-11
134 1.090513e-11
135 5.402973e-09
136 3.788574e-09
137 2.550363e-09
138 1.659338e-09
139 1.080412e-09
140 7.145139e-10
141 4.832653e-10
142 3.328022e-10
143 2.296823e-10
144 1.558384e-10
145 1.021072e-10
146 6.380076e-11
147 3.774710e-11
148 2.113670e-11
149 1.126240e-11
150 7.233819e-09
151 5.147311e-09
152 3.523076e-09
153 2.308846e-09
154 1.493630e-09
155 9.782842e-10
156 6.537403e-10
157 4.468026e-10
158 3.083573e-10
159 2.109764e-10
160 1.404266e-10
161 8.954189e-11
162 5.418301e-11
163 3.101429e-11
164 1.684208e-11
165 8.986268e-09
166 6.458707e-09
167 4.474533e-09
168 2.962588e-09
169 1.911136e-09
170 1.244553e-09
171 8.241947e-10
172 5.588375e-10
173 3.846761e-10
174 2.641515e-10
175 1.774408e-10
176 1.147090e-10
177 7.055068e-11
178 4.106549e-11
179 2.264456e-11
180 1.003989e-08
181 7.251551e-09
182 5.049698e-09
183 3.360442e-09
184 2.166679e-09
185 1.407290e-09
186 9.277729e-10
187 6.270100e-10
188 4.309065e-10
189 2.962615e-10
190 1.998362e-10
191 1.299641e-10
192 8.050678e-11
193 4.721031e-11
194 2.621211e-11
195 1.077823e-08
196 7.806564e-09
197 5.452914e-09
198 3.638731e-09
199 2.345779e-09
200 1.521249e-09
201 1.000571e-09
202 6.746825e-10
203 4.632567e-10
204 3.187654e-10
205 2.154992e-10
206 1.406320e-10
207 8.747141e-11
208 5.151053e-11
209 2.870953e-11
210 1.134773e-08
211 8.234784e-09
212 5.763996e-09
213 3.853857e-09
214 2.484212e-09
215 1.609025e-09
216 1.056608e-09
217 7.115530e-10
218 4.882177e-10
219 3.361568e-10
220 2.275937e-10
221 1.488675e-10
222 9.284252e-11
223 5.482644e-11
224 3.063497e-11
225 1.181685e-08
226 8.587592e-09
227 6.019922e-09
228 4.030821e-09
229 2.597544e-09
230 1.681381e-09
231 1.102907e-09
232 7.417380e-10
233 5.087691e-10
234 3.504395e-10
235 2.375768e-10
236 1.556604e-10
237 9.727584e-11
238 5.756259e-11
239 3.222393e-11
240 1.223967e-08
241 8.903962e-09
242 6.250080e-09
243 4.189720e-09
244 2.699846e-09
245 1.746258e-09
246 1.144391e-09
247 7.689995e-10
248 5.272536e-10
249 3.632626e-10
250 2.465045e-10
251 1.617512e-10
252 1.012555e-10
253 6.002137e-11
254 3.365218e-11
255 1.264434e-08
256 9.210126e-09
257 6.471779e-09
258 4.344494e-09
259 2.799062e-09
260 1.809457e-09
261 1.184514e-09
262 7.954080e-10
263 5.451039e-10
264 3.756304e-10
265 2.551106e-10
266 1.676147e-10
267 1.050851e-10
268 6.238173e-11
269 3.502137e-11
270 1.314199e-08
271 9.583877e-09
272 6.743346e-09
273 4.530679e-09
274 2.918732e-09
275 1.885428e-09
276 1.233429e-09
277 8.274128e-10
278 5.668149e-10
279 3.908135e-10
280 2.657054e-10
281 1.748287e-10
282 1.097893e-10
283 6.528741e-11
284 3.670749e-11
285 1.196904e-08
286 8.741140e-09
287 6.151832e-09
288 4.152456e-09
289 2.687715e-09
290 1.736283e-09
291 1.135724e-09
292 7.600620e-10
293 5.190044e-10
294 3.566884e-10
295 2.420202e-10
296 1.591839e-10
297 1.001286e-10
298 5.974343e-11
299 3.374661e-11
300 1.397194e-08
301 1.029988e-08
302 7.304078e-09
303 4.978772e-09
304 3.239830e-09
305 2.084392e-09
306 1.356493e-09
307 9.013751e-10
308 6.121617e-10
309 4.202454e-10
310 2.861690e-10
311 1.896949e-10
312 1.206000e-10
313 7.284859e-11
314 4.166434e-11
315 1.540053e-08
316 1.141413e-08
317 8.129234e-09
318 5.570758e-09
319 3.637278e-09
320 2.334963e-09
321 1.515702e-09
322 1.002924e-09
323 6.791823e-10
324 4.658016e-10
325 3.177637e-10
326 2.115181e-10
327 1.352603e-10
328 8.225350e-11
329 4.736226e-11
330 1.650422e-08
331 1.227568e-08
332 8.767029e-09
333 6.028110e-09
334 3.944090e-09
335 2.528555e-09
336 1.638508e-09
337 1.081366e-09
338 7.308169e-10
339 5.010135e-10
340 3.422069e-10
341 2.283980e-10
342 1.465992e-10
343 8.952710e-11
344 5.176882e-11
345 1.741577e-08
346 1.298866e-08
347 9.294492e-09
348 6.406718e-09
349 4.198366e-09
350 2.688774e-09
351 1.740329e-09
352 1.146194e-09
353 7.735271e-10
354 5.300711e-10
355 3.623667e-10
356 2.423257e-10
357 1.559545e-10
358 9.552970e-11
359 5.540563e-11
360 1.823076e-08
361 1.362188e-08
362 9.763269e-09
363 6.742965e-09
364 4.424375e-09
365 2.831092e-09
366 1.830743e-09
367 1.203922e-09
368 8.115255e-10
369 5.559164e-10
370 3.803035e-10
371 2.547343e-10
372 1.642897e-10
373 1.008755e-10
374 5.864294e-11
375 1.902049e-08
376 1.423941e-08
377 1.021992e-08
378 7.070854e-09
379 4.643944e-09
380 2.970025e-09
381 1.918928e-09
382 1.259892e-09
383 8.484969e-10
384 5.811468e-10
385 3.977948e-10
386 2.667956e-10
387 1.723895e-10
388 1.060719e-10
389 6.179220e-11
390 1.997821e-08
391 1.498498e-08
392 1.077290e-08
393 7.467847e-09
394 4.910788e-09
395 3.137874e-09
396 2.025495e-09
397 1.327864e-09
398 8.933759e-10
399 6.117499e-10
400 4.190411e-10
401 2.814782e-10
402 1.822579e-10
403 1.124026e-10
404 6.561335e-11
405 1.694385e-08
406 1.267481e-08
407 9.082733e-09
408 6.271227e-09
409 4.130790e-09
410 2.647644e-09
411 1.714279e-09
412 1.126599e-09
413 7.582379e-10
414 5.183729e-10
415 3.538246e-10
416 2.365666e-10
417 1.524426e-10
418 9.363184e-11
419 5.451776e-11
420 1.919757e-08
421 1.449890e-08
422 1.045865e-08
423 7.274188e-09
424 4.830895e-09
425 3.094984e-09
426 1.996693e-09
427 1.304178e-09
428 8.728967e-10
429 5.947020e-10
430 4.061387e-10
431 2.727440e-10
432 1.770828e-10
433 1.098162e-10
434 6.461883e-11
435 2.095477e-08
436 1.592229e-08
437 1.153493e-08
438 8.058143e-09
439 5.377492e-09
440 3.445434e-09
441 2.217677e-09
442 1.443118e-09
443 9.623203e-10
444 6.543210e-10
445 4.470133e-10
446 3.009977e-10
447 1.963296e-10
448 1.224657e-10
449 7.252143e-11
450 2.240356e-08
451 1.709954e-08
452 1.242365e-08
453 8.705673e-09
454 5.830273e-09
455 3.734696e-09
456 2.400647e-09
457 1.558015e-09
458 1.036510e-09
459 7.036046e-10
460 4.807637e-10
461 3.243342e-10
462 2.122261e-10
463 1.329171e-10
464 7.905183e-11
465 2.369612e-08
466 1.815030e-08
467 1.321629e-08
468 9.283588e-09
469 6.232453e-09
470 3.992829e-09
471 2.563265e-09
472 1.660373e-09
473 1.102350e-09
474 7.475472e-10
475 5.108256e-10
476 3.451504e-10
477 2.264075e-10
478 1.422356e-10
479 8.487304e-11
480 2.495310e-08
481 1.916491e-08
482 1.398299e-08
483 9.843526e-09
484 6.623051e-09
485 4.243443e-09
486 2.721326e-09
487 1.759450e-09
488 1.166224e-09
489 7.901380e-10
490 5.399844e-10
491 3.652949e-10
492 2.401308e-10
493 1.512528e-10
494 9.050506e-11
495 2.647689e-08
496 2.039972e-08
497 1.491610e-08
498 1.052227e-08
499 7.096344e-09
500 4.547049e-09
501 2.913243e-09
502 1.880076e-09
503 1.243934e-09
504 8.418391e-10
505 5.754847e-10
506 3.898309e-10
507 2.568482e-10
508 1.622407e-10
509 9.736125e-11
510 2.231916e-08
511 1.709963e-08
512 1.245559e-08
513 8.741633e-09
514 5.875756e-09
515 3.778464e-09
516 2.425295e-09
517 1.572593e-09
518 1.043544e-09
519 7.065448e-10
520 4.819116e-10
521 3.249662e-10
522 2.128563e-10
523 1.336304e-10
524 7.976045e-11
525 2.485601e-08
526 1.923253e-08
527 1.410687e-08
528 9.956611e-09
529 6.743388e-09
530 4.353318e-09
531 2.784636e-09
532 1.798479e-09
533 1.186343e-09
534 7.996556e-10
535 5.446647e-10
536 3.680697e-10
537 2.423757e-10
538 1.533351e-10
539 9.236069e-11
540 2.695616e-08
541 2.100062e-08
542 1.547608e-08
543 1.096716e-08
544 7.465962e-09
545 4.831042e-09
546 3.083371e-09
547 1.986250e-09
548 1.305304e-09
549 8.770077e-10
550 5.967144e-10
551 4.038229e-10
552 2.668609e-10
553 1.696846e-10
554 1.028175e-10
555 2.883418e-08
556 2.257617e-08
557 1.669758e-08
558 1.186709e-08
559 8.108827e-09
560 5.256731e-09
561 3.349570e-09
562 2.153560e-09
563 1.410852e-09
564 9.458965e-10
565 6.431280e-10
566 4.357080e-10
567 2.886990e-10
568 1.842649e-10
569 1.121407e-10
570 3.064814e-08
571 2.410642e-08
572 1.787897e-08
573 1.273946e-08
574 8.730194e-09
575 5.669765e-09
576 3.607340e-09
577 2.315859e-09
578 1.513339e-09
579 1.012664e-09
580 6.880566e-10
581 4.665951e-10
582 3.098548e-10
583 1.983870e-10
584 1.211707e-10
585 3.285306e-08
586 2.596067e-08
587 1.931655e-08
588 1.379684e-08
589 9.487486e-09
590 6.170881e-09
591 3.921131e-09
592 2.512857e-09
593 1.637864e-09
594 1.093742e-09
595 7.427201e-10
596 5.041209e-10
597 3.355556e-10
598 2.155437e-10
599 1.321442e-10
600 2.823294e-08
601 2.215152e-08
602 1.641861e-08
603 1.167671e-08
604 7.988142e-09
605 5.200142e-09
606 3.313775e-09
607 2.131849e-09
608 1.394300e-09
609 9.329907e-10
610 6.331542e-10
611 4.283539e-10
612 2.836798e-10
613 1.811471e-10
614 1.104116e-10
615 3.112192e-08
616 2.466969e-08
617 1.842304e-08
618 1.317615e-08
619 9.073486e-09
620 5.943685e-09
621 3.780662e-09
622 2.425499e-09
623 1.577184e-09
624 1.049766e-09
625 7.102839e-10
626 4.807063e-10
627 3.194902e-10
628 2.052798e-10
629 1.261205e-10
630 3.370052e-08
631 2.691504e-08
632 2.021055e-08
633 1.451078e-08
634 1.004068e-08
635 6.606471e-09
636 4.197395e-09
637 2.687514e-09
638 1.740012e-09
639 1.153863e-09
640 7.791111e-10
641 5.274216e-10
642 3.514476e-10
643 2.268152e-10
644 1.401374e-10
645 3.619350e-08
646 2.908734e-08
647 2.194153e-08
648 1.580439e-08
649 1.097546e-08
650 7.247689e-09
651 4.600424e-09
652 2.940863e-09
653 1.897709e-09
654 1.254788e-09
655 8.455936e-10
656 5.725939e-10
657 3.823530e-10
658 2.476385e-10
659 1.536897e-10
660 3.923245e-08
661 3.173346e-08
662 2.404817e-08
663 1.737698e-08
664 1.211552e-08
665 8.029491e-09
666 5.091166e-09
667 3.249664e-09
668 2.089682e-09
669 1.377330e-09
670 9.267429e-10
671 6.276272e-10
672 4.200056e-10
673 2.730109e-10
674 1.702046e-10
675 3.488957e-08
676 2.804492e-08
677 2.118174e-08
678 1.526516e-08
679 1.059877e-08
680 7.014186e-09
681 4.463624e-09
682 2.853079e-09
683 1.841149e-09
684 1.216188e-09
685 8.184081e-10
686 5.531713e-10
687 3.688334e-10
688 2.386672e-10
689 1.481051e-10
690 3.833055e-08
691 3.114496e-08
692 2.372800e-08
693 1.720359e-08
694 1.201571e-08
695 8.011154e-09
696 5.105452e-09
697 3.253164e-09
698 2.088480e-09
699 1.371697e-09
700 9.190998e-10
701 6.204001e-10
702 4.145002e-10
703 2.695492e-10
704 1.684648e-10
705 4.166748e-08
706 3.414325e-08
707 2.619485e-08
708 1.907916e-08
709 1.338610e-08
710 8.976349e-09
711 5.726231e-09
712 3.640323e-09
713 2.327971e-09
714 1.522224e-09
715 1.016416e-09
716 6.854379e-10
717 4.586854e-10
718 2.994278e-10
719 1.881631e-10
720 4.572749e-08
721 3.779974e-08
722 2.919657e-08
723 2.136446e-08
724 1.505596e-08
725 1.015209e-08
726 6.481447e-09
727 4.111877e-09
728 2.619597e-09
729 1.705424e-09
730 1.135083e-09
731 7.646393e-10
732 5.124958e-10
733 3.358195e-10
734 2.121571e-10
735 4.279975e-08
736 3.528288e-08
737 2.722750e-08
738 1.991895e-08
739 1.401713e-08
740 9.443930e-09
741 6.053187e-09
742 3.839895e-09
743 2.452389e-09
744 1.597209e-09
745 1.062240e-09
746 7.143808e-10
747 4.777046e-10
748 3.122550e-10
749 1.968414e-10
750 4.722754e-08
751 3.939463e-08
752 3.072361e-08
753 2.264662e-08
754 1.603059e-08
755 1.088829e-08
756 7.015457e-09
757 4.436077e-09
758 2.822843e-09
759 1.825919e-09
760 1.206939e-09
761 8.089856e-10
762 5.411248e-10
763 3.550295e-10
764 2.252654e-10
765 5.261060e-08
766 4.440227e-08
767 3.497970e-08
768 2.596297e-08
769 1.848059e-08
770 1.264459e-08
771 8.185573e-09
772 5.160904e-09
773 3.273155e-09
774 2.103994e-09
775 1.382873e-09
776 9.240105e-10
777 6.182326e-10
778 4.070445e-10
779 2.598319e-10
780 5.306942e-08
781 4.499029e-08
782 3.563573e-08
783 2.658202e-08
784 1.897566e-08
785 1.302427e-08
786 8.484644e-09
787 5.352477e-09
788 3.393481e-09
789 2.173238e-09
790 1.422719e-09
791 9.469979e-10
792 6.320819e-10
793 4.159138e-10
794 2.658308e-10
795 6.034519e-08
796 5.199514e-08
797 4.181865e-08
798 3.156518e-08
799 2.272040e-08
800 1.574375e-08
801 1.036360e-08
802 6.533767e-09
803 4.126832e-09
804 2.619597e-09
805 1.699110e-09
806 1.123033e-09
807 7.475012e-10
808 4.928953e-10
809 3.170418e-10
810 7.090071e-08
811 6.255256e-08
812 5.156325e-08
813 3.976632e-08
814 2.906029e-08
815 2.040809e-08
816 1.369088e-08
817 8.710342e-09
818 5.465006e-09
819 3.434456e-09
820 2.192686e-09
821 1.427330e-09
822 9.407161e-10
823 6.188027e-10
824 4.000190e-10
825 0.000000e+00
826 0.000000e+00
827 0.000000e+00
828 0.000000e+00
829 0.000000e+00
830 0.000000e+00
831 0.000000e+00
832 0.000000e+00
833 0.000000e+00
834 0.000000e+00
835 0.000000e+00
836 0.000000e+00
837 0.000000e+00
838 0.000000e+00
839 0.000000e+00
840 0.000000e+00
841 0.000000e+00
842 0.000000e+00
843 0.000000e+00
844 0.000000e+00
845 0.000000e+00
846 0.000000e+00
847 0.000000e+00
848 0.000000e+00
849 0.000000e+00
850 0.000000e+00
851 0.000000e+00
852 0.000000e+00
853 0.000000e+00
854 0.000000e+00
855 0.000000e+00
856 0.000000e+00
857 0.000000e+00
858 0.000000e+00
859 0.000000e+00
860 0.000000e+00
861 0.000000e+00
862 0.000000e+00
863 0.000000e+00
864 0.000000e+00
865 0.000000e+00
866 0.000000e+00
867 0.000000e+00
868 0.000000e+00
869 0.000000e+00
870 0.000000e+00
871 0.000000e+00
872 0.000000e+00
873 0.000000e+00
874 0.000000e+00
875 0.000000e+00
876 0.000000e+00
877 0.000000e+00
878 0.000000e+00
879 0.000000e+00
880 0.000000e+00
881 0.000000e+00
882 0.000000e+00
883 0.000000e+00
884 0.000000e+00
885 0.000000e+00
886 0.000000e+00
887 0.000000e+00
888 0.000000e+00
889 0.000000e+00
890 0.000000e+00
891 0.000000e+00
892 0.000000e+00
893 0.000000e+00
894 0.000000e+00
895 0.000000e+00
896 0.000000e+00
897 0.000000e+00
898 0.000000e+00
899 0.000000e+00
900 0.000000e+00
901 0.000000e+00
902 0.000000e+00
903 0.000000e+00
904 0.000000e+00
905 0.000000e+00
906 0.000000e+00
907 0.000000e+00
908 0.000000e+00
909 0.000000e+00
910 0.000000e+00
911 0.000000e+00
912 0.000000e+00
913 0.000000e+00
914 0.000000e+00
915 0.000000e+00
916 0.000000e+00
917 0.000000e+00
918 0.000000e+00
919 0.000000e+00
920 0.000000e+00
921 0.000000e+00
922 0.000000e+00
923 0.000000e+00
924 0.000000e+00
925 0.000000e+00
926 0.000000e+00
927 0.000000e+00
928 0.000000e+00
929 0.000000e+00
930 0.000000e+00
931 0.000000e+00
932 0.000000e+00
933 0.000000e+00
934 0.000000e+00
935 0.000000e+00
936 0.000000e+00
937 0.000000e+00
938 0.000000e+00
939 0.000000e+00
940 0.000000e+00
941 0.000000e+00
942 0.000000e+00
943 0.000000e+00
944 0.000000e+00
945 0.000000e+00
946 0.000000e+00
947 0.000000e+00
948 0.000000e+00
949 0.000000e+00
950 0.000000e+00
951 0.000000e+00
952 0.000000e+00
953 0.000000e+00
954 0.000000e+00
955 0.000000e+00
956 0.000000e+00
957 0.000000e+00
958 0.000000e+00
959 0.000000e+00
960 2.980361e-07
961 2.371715e-07
962 1.784038e-07
963 1.349020e-07
964 9.073873e-08
965 5.700006e-08
966 3.551345e-08
967 2.219454e-08
968 0.000000e+00
969 0.000000e+00
970 0.000000e+00
971 0.000000e+00
972 0.000000e+00
973 0.000000e+00
974 0.000000e+00
975 4.587514e-07
976 3.701647e-07
977 2.790990e-07
978 2.112245e-07
979 1.451644e-07
980 9.087045e-08
981 5.693562e-08
982 3.540455e-08
983 0.000000e+00
984 0.000000e+00
985 0.000000e+00
986 0.000000e+00
987 0.000000e+00
988 0.000000e+00
989 0.000000e+00
990 5.791291e-07
991 4.704962e-07
992 3.553805e-07
993 2.689582e-07
994 1.866058e-07
995 1.168246e-07
996 7.334274e-08
997 4.550647e-08
998 0.000000e+00
999 0.000000e+00
1000 0.000000e+00
1001 0.000000e+00
1002 0.000000e+00
1003 0.000000e+00
1004 0.000000e+00
1005 6.723399e-07
1006 5.482447e-07
1007 4.145254e-07
1008 3.137249e-07
1009 2.187366e-07
1010 1.369706e-07
1011 8.607147e-08
1012 5.334551e-08
1013 0.000000e+00
1014 0.000000e+00
1015 0.000000e+00
1016 0.000000e+00
1017 0.000000e+00
1018 0.000000e+00
1019 0.000000e+00
1020 7.494177e-07
1021 6.125185e-07
1022 4.634122e-07
1023 3.507292e-07
1024 2.453024e-07
1025 1.536251e-07
1026 9.659607e-08
1027 5.982646e-08
1028 0.000000e+00
1029 0.000000e+00
1030 0.000000e+00
1031 0.000000e+00
1032 0.000000e+00
1033 0.000000e+00
1034 0.000000e+00
1035 8.181346e-07
1036 6.698259e-07
1037 5.070027e-07
1038 3.837194e-07
1039 2.689818e-07
1040 1.684723e-07
1041 1.059772e-07
1042 6.560555e-08
1043 0.000000e+00
1044 0.000000e+00
1045 0.000000e+00
1046 0.000000e+00
1047 0.000000e+00
1048 0.000000e+00
1049 0.000000e+00
1050 8.847875e-07
1051 7.254049e-07
1052 5.492882e-07
1053 4.157171e-07
1054 2.919534e-07
1055 1.828735e-07
1056 1.150749e-07
1057 7.120948e-08
1058 0.000000e+00
1059 0.000000e+00
1060 0.000000e+00
1061 0.000000e+00
1062 0.000000e+00
1063 0.000000e+00
1064 0.000000e+00
1065 9.659350e-07
1066 7.930901e-07
1067 6.007644e-07
1068 4.546861e-07
1069 3.199204e-07
1070 2.004075e-07
1071 1.261539e-07
1072 7.803240e-08
1073 0.000000e+00
1074 0.000000e+00
1075 0.000000e+00
1076 0.000000e+00
1077 0.000000e+00
1078 0.000000e+00
1079 0.000000e+00
1080 2.038747e-07
1081 1.788565e-07
1082 1.387442e-07
1083 1.040846e-07
1084 7.896579e-08
1085 5.018004e-08
1086 3.204418e-08
1087 1.947551e-08
1088 1.206586e-08
1089 0.000000e+00
1090 0.000000e+00
1091 0.000000e+00
1092 0.000000e+00
1093 0.000000e+00
1094 0.000000e+00
1095 3.295941e-07
1096 2.930556e-07
1097 2.297372e-07
1098 1.721163e-07
1099 1.310554e-07
1100 8.503543e-08
1101 5.385731e-08
1102 3.281511e-08
1103 2.027573e-08
1104 0.000000e+00
1105 0.000000e+00
1106 0.000000e+00
1107 0.000000e+00
1108 0.000000e+00
1109 0.000000e+00
1110 4.336898e-07
1111 3.881693e-07
1112 3.060004e-07
1113 2.292128e-07
1114 1.746962e-07
1115 1.145624e-07
1116 7.226570e-08
1117 4.412973e-08
1118 2.722373e-08
1119 0.000000e+00
1120 0.000000e+00
1121 0.000000e+00
1122 0.000000e+00
1123 0.000000e+00
1124 0.000000e+00
1125 5.198923e-07
1126 4.669666e-07
1127 3.692011e-07
1128 2.765327e-07
1129 2.108739e-07
1130 1.390539e-07
1131 8.753647e-08
1132 5.352108e-08
1133 3.298846e-08
1134 0.000000e+00
1135 0.000000e+00
1136 0.000000e+00
1137 0.000000e+00
1138 0.000000e+00
1139 0.000000e+00
1140 5.967061e-07
1141 5.371626e-07
1142 4.255058e-07
1143 3.187148e-07
1144 2.431097e-07
1145 1.608709e-07
1146 1.011409e-07
1147 6.188530e-08
1148 3.812358e-08
1149 0.000000e+00
1150 0.000000e+00
1151 0.000000e+00
1152 0.000000e+00
1153 0.000000e+00
1154 0.000000e+00
1155 6.712487e-07
1156 6.052428e-07
1157 4.801053e-07
1158 3.596108e-07
1159 2.743580e-07
1160 1.820313e-07
1161 1.143363e-07
1162 6.999802e-08
1163 4.310414e-08
1164 0.000000e+00
1165 0.000000e+00
1166 0.000000e+00
1167 0.000000e+00
1168 0.000000e+00
1169 0.000000e+00
1170 7.619632e-07
1171 6.881538e-07
1172 5.465935e-07
1173 4.094007e-07
1174 3.124230e-07
1175 2.078027e-07
1176 1.304026e-07
1177 7.988204e-08
1178 4.916940e-08
1179 0.000000e+00
1180 0.000000e+00
1181 0.000000e+00
1182 0.000000e+00
1183 0.000000e+00
1184 0.000000e+00
1185 1.517712e-07
1186 1.437118e-07
1187 1.189293e-07
1188 8.923333e-08
1189 6.807723e-08
1190 4.883179e-08
1191 2.967947e-08
1192 1.857040e-08
1193 1.131625e-08
1194 6.995467e-09
1195 0.000000e+00
1196 0.000000e+00
1197 0.000000e+00
1198 0.000000e+00
1199 0.000000e+00
1200 2.542466e-07
1201 2.433182e-07
1202 2.038151e-07
1203 1.537166e-07
1204 1.167730e-07
1205 8.512034e-08
1206 5.175361e-08
1207 3.266181e-08
1208 1.980555e-08
1209 1.217437e-08
1210 0.000000e+00
1211 0.000000e+00
1212 0.000000e+00
1213 0.000000e+00
1214 0.000000e+00
1215 3.443845e-07
1216 3.312564e-07
1217 2.791389e-07
1218 2.111585e-07
1219 1.600925e-07
1220 1.175068e-07
1221 7.159381e-08
1222 4.531038e-08
1223 2.741440e-08
1224 1.681415e-08
1225 0.000000e+00
1226 0.000000e+00
1227 0.000000e+00
1228 0.000000e+00
1229 0.000000e+00
1230 4.246420e-07
1231 4.095446e-07
1232 3.462389e-07
1233 2.623152e-07
1234 1.986705e-07
1235 1.463498e-07
1236 8.927868e-08
1237 5.657855e-08
1238 3.419335e-08
1239 2.094732e-08
1240 0.000000e+00
1241 0.000000e+00
1242 0.000000e+00
1243 0.000000e+00
1244 0.000000e+00
1245 5.024068e-07
1246 4.854242e-07
1247 4.112539e-07
1248 3.118899e-07
1249 2.360587e-07
1250 1.742834e-07
1251 1.064091e-07
1252 6.748979e-08
1253 4.076277e-08
1254 2.495054e-08
1255 0.000000e+00
1256 0.000000e+00
1257 0.000000e+00
1258 0.000000e+00
1259 0.000000e+00
1260 5.971128e-07
1261 5.778206e-07
1262 4.904340e-07
1263 3.722710e-07
1264 2.815919e-07
1265 2.083161e-07
1266 1.272708e-07
1267 8.078476e-08
1268 4.876224e-08
1269 2.982763e-08
1270 0.000000e+00
1271 0.000000e+00
1272 0.000000e+00
1273 0.000000e+00
1274 0.000000e+00
1275 1.191673e-07
1276 1.193057e-07
1277 1.054098e-07
1278 8.170273e-08
1279 6.101788e-08
1280 4.689346e-08
1281 2.927415e-08
1282 1.883938e-08
1283 1.121159e-08
1284 6.774200e-09
1285 0.000000e+00
1286 0.000000e+00
1287 0.000000e+00
1288 0.000000e+00
1289 0.000000e+00
1290 2.068803e-07
1291 2.087946e-07
1292 1.865204e-07
1293 1.458765e-07
1294 1.087884e-07
1295 8.374813e-08
1296 5.337779e-08
1297 3.403653e-08
1298 2.026614e-08
1299 1.224111e-08
1300 0.000000e+00
1301 0.000000e+00
1302 0.000000e+00
1303 0.000000e+00
1304 0.000000e+00
1305 2.887165e-07
1306 2.924953e-07
1307 2.626566e-07
1308 2.063472e-07
1309 1.538304e-07
1310 1.184611e-07
1311 7.627719e-08
1312 4.840023e-08
1313 2.885581e-08
1314 1.742263e-08
1315 0.000000e+00
1316 0.000000e+00
1317 0.000000e+00
1318 0.000000e+00
1319 0.000000e+00
1320 3.677956e-07
1321 3.733798e-07
1322 3.362374e-07
1323 2.647909e-07
1324 1.973597e-07
1325 1.520072e-07
1326 9.840023e-08
1327 6.228264e-08
1328 3.715843e-08
1329 2.243071e-08
1330 0.000000e+00
1331 0.000000e+00
1332 0.000000e+00
1333 0.000000e+00
1334 0.000000e+00
1335 4.640735e-07
1336 4.718437e-07
1337 4.258166e-07
1338 3.359234e-07
1339 2.503437e-07
1340 1.928387e-07
1341 1.253255e-07
1342 7.917921e-08
1343 4.726207e-08
1344 2.852543e-08
1345 0.000000e+00
1346 0.000000e+00
1347 0.000000e+00
1348 0.000000e+00
1349 0.000000e+00
1350 9.801903e-08
1351 1.023621e-07
1352 9.579680e-08
1353 7.801249e-08
1354 5.810476e-08
1355 4.466554e-08
1356 3.112660e-08
1357 1.895288e-08
1358 1.146462e-08
1359 6.903542e-09
1360 0.000000e+00
1361 0.000000e+00
1362 0.000000e+00
1363 0.000000e+00
1364 0.000000e+00
1365 1.778011e-07
1366 1.868468e-07
1367 1.764641e-07
1368 1.451666e-07
1369 1.084515e-07
1370 8.303053e-08
1371 5.894679e-08
1372 3.559018e-08
1373 2.178472e-08
1374 1.307298e-08
1375 0.000000e+00
1376 0.000000e+00
1377 0.000000e+00
1378 0.000000e+00
1379 0.000000e+00
1380 2.572846e-07
1381 2.711414e-07
1382 2.571114e-07
1383 2.124874e-07
1384 1.589846e-07
1385 1.215051e-07
1386 8.692828e-08
1387 5.234156e-08
1388 3.220222e-08
1389 1.929216e-08
1390 0.000000e+00
1391 0.000000e+00
1392 0.000000e+00
1393 0.000000e+00
1394 0.000000e+00
1395 3.537692e-07
1396 3.734439e-07
1397 3.549968e-07
1398 2.941734e-07
1399 2.203038e-07
1400 1.681893e-07
1401 1.208733e-07
1402 7.266764e-08
1403 4.484025e-08
1404 2.683687e-08
1405 0.000000e+00
1406 0.000000e+00
1407 0.000000e+00
1408 0.000000e+00
1409 0.000000e+00
1410 8.584533e-08
1411 9.274016e-08
1412 9.114220e-08
1413 7.845122e-08
1414 5.965416e-08
1415 4.486443e-08
1416 3.403663e-08
1417 2.027865e-08
1418 1.301283e-08
1419 7.675172e-09
1420 4.513742e-09
1421 0.000000e+00
1422 0.000000e+00
1423 0.000000e+00
1424 0.000000e+00
1425 1.639149e-07
1426 1.779430e-07
1427 1.761367e-07
1428 1.530434e-07
1429 1.170889e-07
1430 8.779931e-08
1431 6.702509e-08
1432 4.038721e-08
1433 2.596887e-08
1434 1.525879e-08
1435 8.956636e-09
1436 0.000000e+00
1437 0.000000e+00
1438 0.000000e+00
1439 0.000000e+00
1440 2.598900e-07
1441 2.827470e-07
1442 2.807659e-07
1443 2.449714e-07
1444 1.879473e-07
1445 1.407597e-07
1446 1.077230e-07
1447 6.526303e-08
1448 4.197511e-08
1449 2.462663e-08
1450 1.444672e-08
1451 0.000000e+00
1452 0.000000e+00
1453 0.000000e+00
1454 0.000000e+00
1455 8.136558e-08
1456 9.053762e-08
1457 9.288377e-08
1458 8.463100e-08
1459 6.705822e-08
1460 4.978190e-08
1461 3.861184e-08
1462 2.515377e-08
1463 1.585388e-08
1464 9.226257e-09
1465 5.423867e-09
1466 0.000000e+00
1467 0.000000e+00
1468 0.000000e+00
1469 0.000000e+00
1470 1.758877e-07
1471 1.964571e-07
1472 2.026538e-07
1473 1.861025e-07
1474 1.485661e-07
1475 1.103231e-07
1476 8.541723e-08
1477 5.669323e-08
1478 3.531396e-08
1479 2.064059e-08
1480 1.214320e-08
1481 0.000000e+00
1482 0.000000e+00
1483 0.000000e+00
1484 0.000000e+00
1485 9.648469e-08
1486 1.104398e-07
1487 1.179618e-07
1488 1.138764e-07
1489 9.579928e-08
1490 7.197404e-08
1491 5.466137e-08
1492 4.036434e-08
1493 2.371646e-08
1494 1.469339e-08
1495 8.565378e-09
1496 4.917305e-09
1497 0.000000e+00
1498 0.000000e+00
1499 0.000000e+00
1500 4.898275e-05
1501 3.644947e-05
1502 2.629425e-05
1503 1.751579e-05
1504 1.110572e-05
1505 7.064695e-06
1506 0.000000e+00
1507 0.000000e+00
1508 0.000000e+00
1509 0.000000e+00
1510 0.000000e+00
1511 0.000000e+00
1512 0.000000e+00
1513 0.000000e+00
1514 0.000000e+00
1515 3.458983e-05
1516 2.829272e-05
1517 2.125553e-05
1518 1.624033e-05
1519 1.141529e-05
1520 7.074139e-06
1521 4.440122e-06
1522 2.750935e-06
1523 0.000000e+00
1524 0.000000e+00
1525 0.000000e+00
1526 0.000000e+00
1527 0.000000e+00
1528 0.000000e+00
1529 0.000000e+00
1530 2.454905e-05
1531 2.224285e-05
1532 1.762107e-05
1533 1.313288e-05
1534 1.012728e-05
1535 6.671095e-06
1536 4.223557e-06
1537 2.558606e-06
1538 1.576089e-06
1539 0.000000e+00
1540 0.000000e+00
1541 0.000000e+00
1542 0.000000e+00
1543 0.000000e+00
1544 0.000000e+00
1545 1.832449e-05
1546 1.780292e-05
1547 1.513689e-05
1548 1.145314e-05
1549 8.655585e-06
1550 6.476078e-06
1551 3.885994e-06
1552 2.487278e-06
1553 1.501762e-06
1554 9.160816e-07
1555 0.000000e+00
1556 0.000000e+00
1557 0.000000e+00
1558 0.000000e+00
1559 0.000000e+00
1560 1.407970e-05
1561 1.436648e-05
1562 1.300973e-05
1563 1.026383e-05
1564 7.625831e-06
1565 5.910081e-06
1566 3.828582e-06
1567 2.438399e-06
1568 1.444081e-06
1569 8.715747e-07
1570 0.000000e+00
1571 0.000000e+00
1572 0.000000e+00
1573 0.000000e+00
1574 0.000000e+00
1575 1.104358e-05
1576 1.169328e-05
1577 1.115850e-05
1578 9.268977e-06
1579 6.930689e-06
1580 5.289460e-06
1581 3.836685e-06
1582 2.281817e-06
1583 1.407661e-06
1584 8.437128e-07
1585 0.000000e+00
1586 0.000000e+00
1587 0.000000e+00
1588 0.000000e+00
1589 0.000000e+00
1590 8.676088e-06
1591 9.465535e-06
1592 9.435167e-06
1593 8.264981e-06
1594 6.345768e-06
1595 4.741801e-06
1596 3.655302e-06
1597 2.201595e-06
1598 1.430890e-06
1599 8.378164e-07
1600 4.885269e-07
1601 0.000000e+00
1602 0.000000e+00
1603 0.000000e+00
1604 0.000000e+00
1605 6.680673e-06
1606 7.482505e-06
1607 7.748601e-06
1608 7.151287e-06
1609 5.728448e-06
1610 4.248225e-06
1611 3.292531e-06
1612 2.205087e-06
1613 1.368605e-06
1614 7.966623e-07
1615 4.702447e-07
1616 0.000000e+00
1617 0.000000e+00
1618 0.000000e+00
1619 0.000000e+00
1620 4.771735e-06
1621 5.480919e-06
1622 5.882638e-06
1623 5.718075e-06
1624 4.846584e-06
1625 3.649374e-06
1626 2.762037e-06
1627 2.067503e-06
1628 1.205009e-06
1629 7.554983e-07
1630 4.392465e-07
1631 2.509629e-07
1632 0.000000e+00
1633 0.000000e+00
1634 0.000000e+00
1635 3.068394e-06
1636 3.621184e-06
1637 4.034350e-06
1638 4.141529e-06
1639 3.773408e-06
1640 2.988166e-06
1641 2.218630e-06
1642 1.723358e-06
1643 1.114208e-06
1644 7.015707e-07
1645 4.019139e-07
1646 2.286100e-07
1647 0.000000e+00
1648 0.000000e+00
1649 0.000000e+00
