0 1.852863e-09
1 1.241491e-09
2 8.128081e-10
3 5.348341e-10
4 3.579602e-10
5 2.445141e-10
6 1.691048e-10
7 1.165941e-10
8 7.869347e-11
9 5.124889e-11
10 3.185295e-11
11 1.877985e-11
12 1.049083e-11
13 5.583510e-12
14 2.860316e-12
15 2.958838e-09
16 2.019610e-09
17 1.329830e-09
18 8.667233e-10
19 5.724033e-10
20 3.856778e-10
21 2.649131e-10
22 1.832216e-10
23 1.253951e-10
24 8.344374e-11
25 5.327499e-11
26 3.234305e-11
27 1.858471e-11
28 1.012556e-11
29 5.279151e-12
30 3.376100e-09
31 2.318569e-09
32 1.532581e-09
33 9.971875e-10
34 6.563062e-10
35 4.401342e-10
36 3.013909e-10
37 2.083547e-10
38 1.429812e-10
39 9.568101e-11
40 6.154203e-11
41 3.768372e-11
42 2.184456e-11
43 1.199349e-11
44 6.290210e-12
45 3.619474e-09
46 2.492916e-09
47 1.651053e-09
48 1.073468e-09
49 7.053806e-10
50 4.720087e-10
51 3.227193e-10
52 2.230706e-10
53 1.532630e-10
54 1.028210e-10
55 6.637268e-11
56 4.080440e-11
57 2.374689e-11
58 1.308785e-11
59 6.882496e-12
60 3.789460e-09
61 2.614543e-09
62 1.733845e-09
63 1.126763e-09
64 7.395472e-10
65 4.942069e-10
66 3.375585e-10
67 2.332865e-10
68 1.604230e-10
69 1.078024e-10
70 6.974732e-11
71 4.297980e-11
72 2.508046e-11
73 1.385084e-11
74 7.296561e-12
75 3.921972e-09
76 2.709437e-09
77 1.798124e-09
78 1.168158e-09
79 7.661502e-10
80 5.115058e-10
81 3.491430e-10
82 2.413007e-10
83 1.660094e-10
84 1.116965e-10
85 7.236745e-11
86 4.468164e-11
87 2.611252e-11
88 1.444586e-11
89 7.617479e-12
90 4.033893e-09
91 2.789268e-09
92 1.852536e-09
93 1.203202e-09
94 7.886069e-10
95 5.260915e-10
96 3.588922e-10
97 2.479989e-10
98 1.707154e-10
99 1.149525e-10
100 7.457653e-11
101 4.610696e-11
102 2.698576e-11
103 1.494453e-11
104 7.888105e-12
105 4.132623e-09
106 2.860558e-09
107 1.900794e-09
108 1.234262e-09
109 8.085263e-10
110 5.390625e-10
111 3.675710e-10
112 2.539847e-10
113 1.749020e-10
114 1.178557e-10
115 7.654273e-11
116 4.737924e-11
117 2.776325e-11
118 1.539092e-11
119 8.130002e-12
120 4.229519e-09
121 2.929537e-09
122 1.947772e-09
123 1.264544e-09
124 8.279655e-10
125 5.516940e-10
126 3.760447e-10
127 2.598070e-10
128 1.789814e-10
129 1.207061e-10
130 7.846525e-11
131 4.861842e-11
132 2.851773e-11
133 1.582421e-11
134 8.364127e-12
135 4.352988e-09
136 3.018025e-09
137 2.007891e-09
138 1.303210e-09
139 8.528196e-10
140 5.678759e-10
141 3.868308e-10
142 2.672898e-10
143 1.842192e-10
144 1.243427e-10
145 8.090188e-11
146 5.020112e-11
147 2.948471e-11
148 1.637778e-11
149 8.665271e-12
150 5.648745e-09
151 3.969215e-09
152 2.676075e-09
153 1.739053e-09
154 1.130842e-09
155 7.455926e-10
156 5.031297e-10
157 3.459052e-10
158 2.390274e-10
159 1.627784e-10
160 1.074841e-10
161 6.788368e-11
162 4.065716e-11
163 2.299764e-11
164 1.234565e-11
165 7.023209e-09
166 4.986772e-09
167 3.404319e-09
168 2.225788e-09
169 1.439838e-09
170 9.432273e-10
171 6.307548e-10
172 4.311692e-10
173 2.977370e-10
174 2.038310e-10
175 1.359679e-10
176 8.708295e-11
177 5.300001e-11
178 3.047243e-11
179 1.657800e-11
180 7.868170e-09
181 5.613938e-09
182 3.854487e-09
183 2.529424e-09
184 1.632839e-09
185 1.066657e-09
186 7.102342e-10
187 4.840704e-10
188 3.339509e-10
189 2.291529e-10
190 1.535249e-10
191 9.898292e-11
192 6.066961e-11
193 3.514128e-11
194 1.924608e-11
195 8.462741e-09
196 6.055240e-09
197 4.170989e-09
198 2.743065e-09
199 1.769172e-09
200 1.153646e-09
201 7.661853e-10
202 5.211095e-10
203 3.594549e-10
204 2.469359e-10
205 1.659024e-10
206 1.073276e-10
207 6.607556e-11
208 3.843583e-11
209 2.113092e-11
210 8.926652e-09
211 6.399271e-09
212 4.417597e-09
213 2.909579e-09
214 1.875236e-09
215 1.221291e-09
216 8.098102e-10
217 5.500797e-10
218 3.792191e-10
219 2.607759e-10
220 1.754949e-10
221 1.138275e-10
222 7.027395e-11
223 4.099307e-11
224 2.259104e-11
225 9.314635e-09
226 6.687255e-09
227 4.623743e-09
228 3.048512e-09
229 1.963744e-09
230 1.277977e-09
231 8.462898e-10
232 5.742905e-10
233 3.958245e-10
234 2.724083e-10
235 1.835889e-10
236 1.192582e-10
237 7.379016e-11
238 4.313869e-11
239 2.380983e-11
240 9.658522e-09
241 6.942402e-09
242 4.807477e-09
243 3.172908e-09
244 2.042513e-09
245 1.328383e-09
246 8.786388e-10
247 5.958653e-10
248 4.107053e-10
249 2.827390e-10
250 1.907156e-10
251 1.241140e-10
252 7.692121e-11
253 4.504125e-11
254 2.490848e-11
255 9.998702e-09
256 7.193903e-09
257 4.988657e-09
258 3.293602e-09
259 2.119541e-09
260 1.377604e-09
261 9.105534e-10
262 6.170634e-10
263 4.251894e-10
264 2.928815e-10
265 1.977944e-10
266 1.288792e-10
267 8.001896e-11
268 4.692365e-11
269 2.596544e-11
270 1.043037e-08
271 7.514931e-09
272 5.218725e-09
273 3.449733e-09
274 2.218441e-09
275 1.440729e-09
276 9.514331e-10
277 6.442243e-10
278 4.438041e-10
279 3.057836e-10
280 2.067862e-10
281 1.349608e-10
282 8.393748e-11
283 4.929805e-11
284 2.733453e-11
285 9.341027e-09
286 6.727497e-09
287 4.671764e-09
288 3.101814e-09
289 1.998967e-09
290 1.299510e-09
291 8.576331e-10
292 5.799580e-10
293 3.985119e-10
294 2.739539e-10
295 1.848554e-10
296 1.205217e-10
297 7.499176e-11
298 4.413604e-11
299 2.453830e-11
300 1.093538e-08
301 7.940369e-09
302 5.559650e-09
303 3.726652e-09
304 2.404262e-09
305 1.556598e-09
306 1.020584e-09
307 6.856565e-10
308 4.694066e-10
309 3.228288e-10
310 2.189394e-10
311 1.439423e-10
312 9.055810e-11
313 5.395271e-11
314 3.036096e-11
315 1.208115e-08
316 8.814299e-09
317 6.199733e-09
318 4.178201e-09
319 2.699172e-09
320 1.742970e-09
321 1.139256e-09
322 7.623853e-10
323 5.206424e-10
324 3.580545e-10
325 2.434947e-10
326 1.608442e-10
327 1.018182e-10
328 6.108826e-11
329 3.459329e-11
330 1.297829e-08
331 9.499552e-09
332 6.702020e-09
333 4.532557e-09
334 2.930204e-09
335 1.889181e-09
336 1.232001e-09
337 8.222195e-10
338 5.608510e-10
339 3.858095e-10
340 2.627182e-10
341 1.740845e-10
342 1.106219e-10
343 6.666052e-11
344 3.791299e-11
345 1.372627e-08
346 1.007101e-08
347 7.120457e-09
348 4.828167e-09
349 3.123216e-09
350 2.011415e-09
351 1.309467e-09
352 8.726138e-10
353 5.943358e-10
354 4.088864e-10
355 2.788021e-10
356 1.851577e-10
357 1.179956e-10
358 7.132367e-11
359 4.068718e-11
360 1.439469e-08
361 1.058076e-08
362 7.494148e-09
363 5.091079e-09
364 3.295265e-09
365 2.120155e-09
366 1.378532e-09
367 9.171294e-10
368 6.242094e-10
369 4.294095e-10
370 2.931084e-10
371 1.949874e-10
372 1.245495e-10
373 7.547182e-11
374 4.315161e-11
375 1.505144e-08
376 1.108190e-08
377 7.860921e-09
378 5.349975e-09
379 3.463825e-09
380 2.226696e-09
381 1.446493e-09
382 9.609902e-10
383 6.534688e-10
384 4.495937e-10
385 3.071659e-10
386 2.046659e-10
387 1.310096e-10
388 7.955857e-11
389 4.557523e-11
390 1.588224e-08
391 1.171634e-08
392 8.326246e-09
393 5.677683e-09
394 3.677797e-09
395 2.362257e-09
396 1.532746e-09
397 1.016848e-09
398 6.907773e-10
399 4.751958e-10
400 3.250135e-10
401 2.169507e-10
402 1.391643e-10
403 8.471740e-11
404 4.864695e-11
405 1.329751e-08
406 9.774302e-09
407 6.914866e-09
408 4.699180e-09
409 3.051715e-09
410 1.964425e-09
411 1.279112e-09
412 8.508822e-10
413 5.783576e-10
414 3.971531e-10
415 2.705861e-10
416 1.796459e-10
417 1.146309e-10
418 6.944448e-11
419 3.974855e-11
420 1.511249e-08
421 1.119923e-08
422 7.974060e-09
423 5.463325e-09
424 3.568625e-09
425 2.290172e-09
426 1.485868e-09
427 9.821767e-10
428 6.642119e-10
429 4.552478e-10
430 3.107811e-10
431 2.075212e-10
432 1.334680e-10
433 8.167637e-11
434 4.722899e-11
435 1.654614e-08
436 1.233028e-08
437 8.814159e-09
438 6.070324e-09
439 3.980929e-09
440 2.549707e-09
441 1.650619e-09
442 1.086601e-09
443 7.326399e-10
444 5.014252e-10
445 3.427198e-10
446 2.295752e-10
447 1.484222e-10
448 9.138185e-11
449 5.318663e-11
450 1.774725e-08
451 1.327785e-08
452 9.518684e-09
453 6.578020e-09
454 4.326451e-09
455 2.767975e-09
456 1.789148e-09
457 1.174337e-09
458 7.898699e-10
459 5.402784e-10
460 3.695260e-10
461 2.481349e-10
462 1.609819e-10
463 9.953423e-11
464 5.819460e-11
465 1.881827e-08
466 1.412073e-08
467 1.014583e-08
468 7.029237e-09
469 4.632517e-09
470 2.961647e-09
471 1.912045e-09
472 1.252212e-09
473 8.409120e-10
474 5.746712e-10
475 3.932696e-10
476 2.645520e-10
477 1.721225e-10
478 1.067723e-10
479 6.263074e-11
480 1.986862e-08
481 1.494951e-08
482 1.076175e-08
483 7.474191e-09
484 4.934038e-09
485 3.151730e-09
486 2.032749e-09
487 1.328655e-09
488 8.908236e-10
489 6.084274e-10
490 4.166544e-10
491 2.807562e-10
492 1.830463e-10
493 1.138736e-10
494 6.699722e-11
495 2.120172e-08
496 1.599958e-08
497 1.154271e-08
498 8.036477e-09
499 5.316573e-09
500 3.393282e-09
501 2.185961e-09
502 1.425993e-09
503 9.544024e-10
504 6.513973e-10
505 4.463496e-10
506 3.012927e-10
507 1.969687e-10
508 1.229032e-10
509 7.252608e-11
510 1.762622e-08
511 1.322342e-08
512 9.496454e-09
513 6.571416e-09
514 4.338412e-09
515 2.778565e-09
516 1.795689e-09
517 1.176483e-09
518 7.897057e-10
519 5.390560e-10
520 3.683193e-10
521 2.473580e-10
522 1.606508e-10
523 9.955973e-11
524 5.839610e-11
525 1.970583e-08
526 1.491652e-08
527 1.077573e-08
528 7.506648e-09
529 4.992882e-09
530 3.198389e-09
531 2.060397e-09
532 1.342738e-09
533 8.965646e-10
534 6.099035e-10
535 4.167501e-10
536 2.807843e-10
537 1.834910e-10
538 1.146675e-10
539 6.788238e-11
540 2.146291e-08
541 1.634828e-08
542 1.185729e-08
543 8.296836e-09
544 5.546240e-09
545 3.554385e-09
546 2.284412e-09
547 1.483319e-09
548 9.867938e-10
549 6.698413e-10
550 4.577318e-10
551 3.091056e-10
552 2.028378e-10
553 1.274433e-10
554 7.592469e-11
555 2.302245e-08
556 1.761934e-08
557 1.282311e-08
558 8.998839e-09
559 6.039117e-09
560 3.870512e-09
561 2.484009e-09
562 1.608577e-09
563 1.067361e-09
564 7.232278e-10
565 4.940586e-10
566 3.342137e-10
567 2.200188e-10
568 1.388076e-10
569 8.307257e-11
570 2.455671e-08
571 1.886990e-08
572 1.376722e-08
573 9.689101e-09
574 6.522081e-09
575 4.180938e-09
576 2.679811e-09
577 1.731272e-09
578 1.146112e-09
579 7.754141e-10
580 5.297784e-10
581 3.589444e-10
582 2.368709e-10
583 1.499556e-10
584 9.007095e-11
585 2.650087e-08
586 2.045057e-08
587 1.496742e-08
588 1.056313e-08
589 7.134926e-09
590 4.575240e-09
591 2.928015e-09
592 1.887108e-09
593 1.246193e-09
594 8.419181e-10
595 5.751656e-10
596 3.902605e-10
597 2.582943e-10
598 1.641085e-10
599 9.897149e-11
600 2.249440e-08
601 1.724451e-08
602 1.256355e-08
603 8.821564e-09
604 5.930340e-09
605 3.813238e-09
606 2.445202e-09
607 1.583855e-09
608 1.049568e-09
609 7.099246e-10
610 4.843456e-10
611 3.273056e-10
612 2.153955e-10
613 1.359870e-10
614 8.150926e-11
615 2.492572e-08
616 1.929201e-08
617 1.415187e-08
618 9.990938e-09
619 6.766460e-09
620 4.366870e-09
621 2.791366e-09
622 1.801260e-09
623 1.186823e-09
624 7.993202e-10
625 5.444926e-10
626 3.685379e-10
627 2.437004e-10
628 1.549174e-10
629 9.363216e-11
630 2.709618e-08
631 2.111835e-08
632 1.556796e-08
633 1.103298e-08
634 7.512544e-09
635 4.861274e-09
636 3.100665e-09
637 1.995623e-09
638 1.309584e-09
639 8.791408e-10
640 5.980275e-10
641 4.053410e-10
642 2.689021e-10
643 1.718053e-10
644 1.044773e-10
645 2.922503e-08
646 2.291385e-08
647 1.695604e-08
648 1.205774e-08
649 8.244086e-09
650 5.346832e-09
651 3.403640e-09
652 2.186325e-09
653 1.429871e-09
654 9.572537e-10
655 6.506216e-10
656 4.414986e-10
657 2.936551e-10
658 1.883807e-10
659 1.150989e-10
660 3.192699e-08
661 2.518625e-08
662 1.871898e-08
663 1.335711e-08
664 9.174081e-09
665 5.962863e-09
666 3.788692e-09
667 2.427961e-09
668 1.582520e-09
669 1.056656e-09
670 7.174266e-10
671 4.873113e-10
672 3.250951e-10
673 2.094142e-10
674 1.285932e-10
675 2.812728e-08
676 2.205930e-08
677 1.634182e-08
678 1.162041e-08
679 7.945558e-09
680 5.169649e-09
681 3.292668e-09
682 2.116955e-09
683 1.383837e-09
684 9.254478e-10
685 6.280902e-10
686 4.254339e-10
687 2.827671e-10
688 1.812203e-10
689 1.107214e-10
690 3.106710e-08
691 2.461638e-08
692 1.838027e-08
693 1.313989e-08
694 9.047113e-09
695 5.923338e-09
696 3.766474e-09
697 2.415096e-09
698 1.569204e-09
699 1.043791e-09
700 7.061180e-10
701 4.784283e-10
702 3.189420e-10
703 2.056857e-10
704 1.266745e-10
705 3.395183e-08
706 2.713141e-08
707 2.038160e-08
708 1.463538e-08
709 1.012798e-08
710 6.664727e-09
711 4.231358e-09
712 2.707572e-09
713 1.750866e-09
714 1.159754e-09
715 7.827924e-10
716 5.304994e-10
717 3.545222e-10
718 2.297309e-10
719 1.423248e-10
720 3.762041e-08
721 3.032513e-08
722 2.291827e-08
723 1.653038e-08
724 1.150094e-08
725 7.604629e-09
726 4.821754e-09
727 3.078515e-09
728 1.981596e-09
729 1.307282e-09
730 8.801164e-10
731 5.964817e-10
732 3.997115e-10
733 2.602054e-10
734 1.622141e-10
735 3.492086e-08
736 2.807181e-08
737 2.120647e-08
738 1.528022e-08
739 1.060912e-08
740 7.019873e-09
741 4.465896e-09
742 2.852754e-09
743 1.839097e-09
744 1.213892e-09
745 8.165487e-10
746 5.523899e-10
747 3.692857e-10
748 2.397730e-10
749 1.491422e-10
750 3.880759e-08
751 3.157296e-08
752 2.408184e-08
753 1.747015e-08
754 1.220869e-08
755 8.146458e-09
756 5.190353e-09
757 3.304750e-09
758 2.118408e-09
759 1.389116e-09
760 9.298433e-10
761 6.280378e-10
762 4.206095e-10
763 2.745492e-10
764 1.720939e-10
765 4.374198e-08
766 3.601557e-08
767 2.773121e-08
768 2.024551e-08
769 1.423771e-08
770 9.574669e-09
771 6.109600e-09
772 3.877314e-09
773 2.472586e-09
774 1.611713e-09
775 1.073694e-09
776 7.239021e-10
777 4.857490e-10
778 3.186452e-10
779 2.011771e-10
780 4.402411e-08
781 3.642197e-08
782 2.819520e-08
783 2.067488e-08
784 1.457393e-08
785 9.842610e-09
786 6.317677e-09
787 4.001986e-09
788 2.550999e-09
789 1.656473e-09
790 1.098964e-09
791 7.386675e-10
792 4.948411e-10
793 3.246880e-10
794 2.054407e-10
795 5.082889e-08
796 4.277855e-08
797 3.362753e-08
798 2.492517e-08
799 1.772042e-08
800 1.210298e-08
801 7.831558e-09
802 4.940072e-09
803 3.134315e-09
804 2.015714e-09
805 1.325286e-09
806 8.858678e-10
807 5.932327e-10
808 3.909348e-10
809 2.495180e-10
810 6.116016e-08
811 5.285890e-08
812 4.267722e-08
813 3.233175e-08
814 2.333340e-08
815 1.620025e-08
816 1.070126e-08
817 6.761177e-09
818 4.262647e-09
819 2.699981e-09
820 1.745240e-09
821 1.150079e-09
822 7.645663e-10
823 5.044602e-10
824 3.249155e-10
825 5.169309e-07
826 3.906650e-07
827 2.957300e-07
828 2.043803e-07
829 1.285042e-07
830 8.127001e-08
831 5.101316e-08
832 0.000000e+00
833 0.000000e+00
834 0.000000e+00
835 0.000000e+00
836 0.000000e+00
837 0.000000e+00
838 0.000000e+00
839 0.000000e+00
840 6.684652e-07
841 5.059746e-07
842 3.830429e-07
843 2.672566e-07
844 1.679952e-07
845 1.064621e-07
846 6.667431e-08
847 0.000000e+00
848 0.000000e+00
849 0.000000e+00
850 0.000000e+00
851 0.000000e+00
852 0.000000e+00
853 0.000000e+00
854 0.000000e+00
855 7.748592e-07
856 5.869689e-07
857 4.443764e-07
858 3.114331e-07
859 1.957651e-07
860 1.241723e-07
861 7.768331e-08
862 0.000000e+00
863 0.000000e+00
864 0.000000e+00
865 0.000000e+00
866 0.000000e+00
867 0.000000e+00
868 0.000000e+00
869 0.000000e+00
870 8.578236e-07
871 6.501277e-07
872 4.921988e-07
873 3.458745e-07
874 2.174118e-07
875 1.379772e-07
876 8.626758e-08
877 0.000000e+00
878 0.000000e+00
879 0.000000e+00
880 0.000000e+00
881 0.000000e+00
882 0.000000e+00
883 0.000000e+00
884 0.000000e+00
885 9.273728e-07
886 7.030654e-07
887 5.322860e-07
888 3.747447e-07
889 2.355601e-07
890 1.495492e-07
891 9.346151e-08
892 0.000000e+00
893 0.000000e+00
894 0.000000e+00
895 0.000000e+00
896 0.000000e+00
897 0.000000e+00
898 0.000000e+00
899 0.000000e+00
900 9.892691e-07
901 7.501786e-07
902 5.679648e-07
903 4.004399e-07
904 2.517126e-07
905 1.598495e-07
906 9.986428e-08
907 0.000000e+00
908 0.000000e+00
909 0.000000e+00
910 0.000000e+00
911 0.000000e+00
912 0.000000e+00
913 0.000000e+00
914 0.000000e+00
915 1.050079e-06
916 7.964686e-07
917 6.030164e-07
918 4.256796e-07
919 2.675811e-07
920 1.699675e-07
921 1.061554e-07
922 0.000000e+00
923 0.000000e+00
924 0.000000e+00
925 0.000000e+00
926 0.000000e+00
927 0.000000e+00
928 0.000000e+00
929 0.000000e+00
930 1.127299e-06
931 8.552536e-07
932 6.475159e-07
933 4.577318e-07
934 2.877310e-07
935 1.828168e-07
936 1.141441e-07
937 0.000000e+00
938 0.000000e+00
939 0.000000e+00
940 0.000000e+00
941 0.000000e+00
942 0.000000e+00
943 0.000000e+00
944 0.000000e+00
945 3.740081e-07
946 3.004189e-07
947 2.245569e-07
948 1.725888e-07
949 1.175660e-07
950 7.360226e-08
951 4.556472e-08
952 2.839498e-08
953 0.000000e+00
954 0.000000e+00
955 0.000000e+00
956 0.000000e+00
957 0.000000e+00
958 0.000000e+00
959 0.000000e+00
960 5.084279e-07
961 4.104114e-07
962 3.069976e-07
963 2.357060e-07
964 1.620590e-07
965 1.010472e-07
966 6.277194e-08
967 3.906176e-08
968 0.000000e+00
969 0.000000e+00
970 0.000000e+00
971 0.000000e+00
972 0.000000e+00
973 0.000000e+00
974 0.000000e+00
975 6.134242e-07
976 4.963551e-07
977 3.714321e-07
978 2.850243e-07
979 1.968440e-07
980 1.225127e-07
981 7.623101e-08
982 4.740489e-08
983 0.000000e+00
984 0.000000e+00
985 0.000000e+00
986 0.000000e+00
987 0.000000e+00
988 0.000000e+00
989 0.000000e+00
990 7.013683e-07
991 5.683439e-07
992 4.254026e-07
993 3.263407e-07
994 2.259752e-07
995 1.404899e-07
996 8.750340e-08
997 5.439093e-08
998 0.000000e+00
999 0.000000e+00
1000 0.000000e+00
1001 0.000000e+00
1002 0.000000e+00
1003 0.000000e+00
1004 0.000000e+00
1005 7.796225e-07
1006 6.323947e-07
1007 4.734220e-07
1008 3.630983e-07
1009 2.518959e-07
1010 1.564851e-07
1011 9.753306e-08
1012 6.060737e-08
1013 0.000000e+00
1014 0.000000e+00
1015 0.000000e+00
1016 0.000000e+00
1017 0.000000e+00
1018 0.000000e+00
1019 0.000000e+00
1020 8.565080e-07
1021 6.953212e-07
1022 5.205983e-07
1023 3.992085e-07
1024 2.773623e-07
1025 1.722012e-07
1026 1.073876e-07
1027 6.671538e-08
1028 0.000000e+00
1029 0.000000e+00
1030 0.000000e+00
1031 0.000000e+00
1032 0.000000e+00
1033 0.000000e+00
1034 0.000000e+00
1035 9.541507e-07
1036 7.752402e-07
1037 5.805182e-07
1038 4.450747e-07
1039 3.097065e-07
1040 1.921567e-07
1041 1.199016e-07
1042 7.447246e-08
1043 0.000000e+00
1044 0.000000e+00
1045 0.000000e+00
1046 0.000000e+00
1047 0.000000e+00
1048 0.000000e+00
1049 0.000000e+00
1050 3.051345e-07
1051 2.651266e-07
1052 2.034124e-07
1053 1.526544e-07
1054 1.164384e-07
1055 7.166237e-08
1056 4.654518e-08
1057 2.823340e-08
1058 1.745975e-08
1059 0.000000e+00
1060 0.000000e+00
1061 0.000000e+00
1062 0.000000e+00
1063 0.000000e+00
1064 0.000000e+00
1065 4.205458e-07
1066 3.669491e-07
1067 2.823301e-07
1068 2.116518e-07
1069 1.617788e-07
1070 1.001189e-07
1071 6.496277e-08
1072 3.935892e-08
1073 2.432465e-08
1074 0.000000e+00
1075 0.000000e+00
1076 0.000000e+00
1077 0.000000e+00
1078 0.000000e+00
1079 0.000000e+00
1080 5.171047e-07
1081 4.521379e-07
1082 3.483653e-07
1083 2.610169e-07
1084 1.997179e-07
1085 1.239466e-07
1086 8.037817e-08
1087 4.867219e-08
1088 3.007167e-08
1089 0.000000e+00
1090 0.000000e+00
1091 0.000000e+00
1092 0.000000e+00
1093 0.000000e+00
1094 0.000000e+00
1095 6.029300e-07
1096 5.278543e-07
1097 4.070717e-07
1098 3.048991e-07
1099 2.334490e-07
1100 1.451242e-07
1101 9.408046e-08
1102 5.695068e-08
1103 3.517974e-08
1104 0.000000e+00
1105 0.000000e+00
1106 0.000000e+00
1107 0.000000e+00
1108 0.000000e+00
1109 0.000000e+00
1110 6.872441e-07
1111 6.022586e-07
1112 4.647515e-07
1113 3.480139e-07
1114 2.665839e-07
1115 1.659312e-07
1116 1.075431e-07
1117 6.508424e-08
1118 4.019845e-08
1119 0.000000e+00
1120 0.000000e+00
1121 0.000000e+00
1122 0.000000e+00
1123 0.000000e+00
1124 0.000000e+00
1125 7.943525e-07
1126 6.967588e-07
1127 5.380102e-07
1128 4.027801e-07
1129 3.086719e-07
1130 1.923612e-07
1131 1.246415e-07
1132 7.541464e-08
1133 4.657276e-08
1134 0.000000e+00
1135 0.000000e+00
1136 0.000000e+00
1137 0.000000e+00
1138 0.000000e+00
1139 0.000000e+00
1140 1.537322e-07
1141 1.410924e-07
1142 1.127928e-07
1143 8.383224e-08
1144 6.484128e-08
1145 4.356895e-08
1146 2.735423e-08
1147 1.651462e-08
1148 1.017803e-08
1149 0.000000e+00
1150 0.000000e+00
1151 0.000000e+00
1152 0.000000e+00
1153 0.000000e+00
1154 0.000000e+00
1155 2.694407e-07
1156 2.489443e-07
1157 2.003309e-07
1158 1.490028e-07
1159 1.150145e-07
1160 7.842874e-08
1161 4.878404e-08
1162 2.960268e-08
1163 1.822429e-08
1164 0.000000e+00
1165 0.000000e+00
1166 0.000000e+00
1167 0.000000e+00
1168 0.000000e+00
1169 0.000000e+00
1170 3.708003e-07
1171 3.436182e-07
1172 2.773600e-07
1173 2.063933e-07
1174 1.591479e-07
1175 1.092318e-07
1176 6.767701e-08
1177 4.117691e-08
1178 2.533277e-08
1179 0.000000e+00
1180 0.000000e+00
1181 0.000000e+00
1182 0.000000e+00
1183 0.000000e+00
1184 0.000000e+00
1185 4.606142e-07
1186 4.274996e-07
1187 3.455970e-07
1188 2.572269e-07
1189 1.982498e-07
1190 1.365166e-07
1191 8.441503e-08
1192 5.142925e-08
1193 3.162984e-08
1194 0.000000e+00
1195 0.000000e+00
1196 0.000000e+00
1197 0.000000e+00
1198 0.000000e+00
1199 0.000000e+00
1200 5.487869e-07
1201 5.098618e-07
1202 4.126056e-07
1203 3.071451e-07
1204 2.366425e-07
1205 1.633092e-07
1206 1.008512e-07
1207 6.149505e-08
1208 3.781260e-08
1209 0.000000e+00
1210 0.000000e+00
1211 0.000000e+00
1212 0.000000e+00
1213 0.000000e+00
1214 0.000000e+00
1215 6.607997e-07
1216 6.144837e-07
1217 4.977072e-07
1218 3.705527e-07
1219 2.853998e-07
1220 1.973373e-07
1221 1.217249e-07
1222 7.428161e-08
1223 4.566566e-08
1224 0.000000e+00
1225 0.000000e+00
1226 0.000000e+00
1227 0.000000e+00
1228 0.000000e+00
1229 0.000000e+00
1230 1.503133e-07
1231 1.447972e-07
1232 1.217472e-07
1233 9.151238e-08
1234 6.945897e-08
1235 5.144112e-08
1236 3.061921e-08
1237 1.943420e-08
1238 1.180047e-08
1239 7.240811e-09
1240 0.000000e+00
1241 0.000000e+00
1242 0.000000e+00
1243 0.000000e+00
1244 0.000000e+00
1245 2.528306e-07
1246 2.446789e-07
1247 2.068931e-07
1248 1.559377e-07
1249 1.180759e-07
1250 8.804844e-08
1251 5.243761e-08
1252 3.347789e-08
1253 2.027057e-08
1254 1.239307e-08
1255 0.000000e+00
1256 0.000000e+00
1257 0.000000e+00
1258 0.000000e+00
1259 0.000000e+00
1260 3.450209e-07
1261 3.345737e-07
1262 2.835944e-07
1263 2.140064e-07
1264 1.618855e-07
1265 1.210632e-07
1266 7.213839e-08
1267 4.615963e-08
1268 2.791667e-08
1269 1.704306e-08
1270 0.000000e+00
1271 0.000000e+00
1272 0.000000e+00
1273 0.000000e+00
1274 0.000000e+00
1275 4.352796e-07
1276 4.225517e-07
1277 3.586498e-07
1278 2.708345e-07
1279 2.047593e-07
1280 1.533619e-07
1281 9.141651e-08
1282 5.856833e-08
1283 3.539773e-08
1284 2.159189e-08
1285 0.000000e+00
1286 0.000000e+00
1287 0.000000e+00
1288 0.000000e+00
1289 0.000000e+00
1290 5.498985e-07
1291 5.343004e-07
1292 4.540043e-07
1293 3.430222e-07
1294 2.592167e-07
1295 1.943891e-07
1296 1.158975e-07
1297 7.432851e-08
1298 4.489940e-08
1299 2.737014e-08
1300 0.000000e+00
1301 0.000000e+00
1302 0.000000e+00
1303 0.000000e+00
1304 0.000000e+00
1305 1.548539e-07
1306 1.548943e-07
1307 1.364834e-07
1308 1.053021e-07
1309 7.855243e-08
1310 6.070539e-08
1311 3.721866e-08
1312 2.430542e-08
1313 1.444147e-08
1314 8.679067e-09
1315 0.000000e+00
1316 0.000000e+00
1317 0.000000e+00
1318 0.000000e+00
1319 0.000000e+00
1320 2.485619e-07
1321 2.493820e-07
1322 2.206432e-07
1323 1.707719e-07
1324 1.272722e-07
1325 9.846486e-08
1326 6.082159e-08
1327 3.962608e-08
1328 2.351272e-08
1329 1.413723e-08
1330 0.000000e+00
1331 0.000000e+00
1332 0.000000e+00
1333 0.000000e+00
1334 0.000000e+00
1335 3.399453e-07
1336 3.415294e-07
1337 3.027232e-07
1338 2.346193e-07
1339 1.747905e-07
1340 1.352902e-07
1341 8.384520e-08
1342 5.456619e-08
1343 3.235954e-08
1344 1.946043e-08
1345 0.000000e+00
1346 0.000000e+00
1347 0.000000e+00
1348 0.000000e+00
1349 0.000000e+00
1350 4.558782e-07
1351 4.584282e-07
1352 4.068480e-07
1353 3.156234e-07
1354 2.350714e-07
1355 1.820058e-07
1356 1.130569e-07
1357 7.352169e-08
1358 4.358440e-08
1359 2.621437e-08
1360 0.000000e+00
1361 0.000000e+00
1362 0.000000e+00
1363 0.000000e+00
1364 0.000000e+00
1365 1.655177e-07
1366 1.706717e-07
1367 1.567687e-07
1368 1.251304e-07
1369 9.281668e-08
1370 7.193866e-08
1371 4.795645e-08
1372 3.008044e-08
1373 1.779643e-08
1374 1.076821e-08
1375 0.000000e+00
1376 0.000000e+00
1377 0.000000e+00
1378 0.000000e+00
1379 0.000000e+00
1380 2.577619e-07
1381 2.662902e-07
1382 2.452563e-07
1383 1.962741e-07
1384 1.456159e-07
1385 1.127703e-07
1386 7.566094e-08
1387 4.724744e-08
1388 2.799904e-08
1389 1.694101e-08
1390 0.000000e+00
1391 0.000000e+00
1392 0.000000e+00
1393 0.000000e+00
1394 0.000000e+00
1395 3.741792e-07
1396 3.869540e-07
1397 3.569097e-07
1398 2.860334e-07
1399 2.122285e-07
1400 1.642865e-07
1401 1.106034e-07
1402 6.890410e-08
1403 4.086919e-08
1404 2.472758e-08
1405 0.000000e+00
1406 0.000000e+00
1407 0.000000e+00
1408 0.000000e+00
1409 0.000000e+00
1410 9.333750e-08
1411 9.841294e-08
1412 9.331935e-08
1413 7.691863e-08
1414 5.732325e-08
1415 4.390617e-08
1416 3.146874e-08
1417 1.878426e-08
1418 1.144280e-08
1419 6.885545e-09
1420 0.000000e+00
1421 0.000000e+00
1422 0.000000e+00
1423 0.000000e+00
1424 0.000000e+00
1425 1.855787e-07
1426 1.962639e-07
1427 1.869330e-07
1428 1.548671e-07
1429 1.156088e-07
1430 8.834419e-08
1431 6.389389e-08
1432 3.796114e-08
1433 2.330188e-08
1434 1.398838e-08
1435 0.000000e+00
1436 0.000000e+00
1437 0.000000e+00
1438 0.000000e+00
1439 0.000000e+00
1440 3.019697e-07
1441 3.197543e-07
1442 3.051130e-07
1443 2.532950e-07
1444 1.892218e-07
1445 1.444593e-07
1446 1.048546e-07
1447 6.218803e-08
1448 3.829025e-08
1449 2.296444e-08
1450 0.000000e+00
1451 0.000000e+00
1452 0.000000e+00
1453 0.000000e+00
1454 0.000000e+00
1455 1.205951e-07
1456 1.301408e-07
1457 1.276604e-07
1458 1.095105e-07
1459 8.297173e-08
1460 6.243937e-08
1461 4.744482e-08
1462 2.790430e-08
1463 1.796220e-08
1464 1.061332e-08
1465 6.231716e-09
1466 0.000000e+00
1467 0.000000e+00
1468 0.000000e+00
1469 0.000000e+00
1470 2.368663e-07
1471 2.560640e-07
1472 2.518390e-07
1473 2.167489e-07
1474 1.645381e-07
1475 1.236629e-07
1476 9.424108e-08
1477 5.556801e-08
1478 3.587216e-08
1479 2.116392e-08
1480 1.240051e-08
1481 0.000000e+00
1482 0.000000e+00
1483 0.000000e+00
1484 0.000000e+00
1485 1.764606e-07
1486 1.944015e-07
1487 1.965461e-07
1488 1.754041e-07
1489 1.364160e-07
1490 1.014013e-07
1491 7.882065e-08
1492 4.883309e-08
1493 3.170354e-08
1494 1.841997e-08
1495 1.074163e-08
1496 0.000000e+00
1497 0.000000e+00
1498 0.000000e+00
1499 0.000000e+00
1500 7.059972e-05
1501 5.315371e-05
1502 4.060919e-05
1503 2.868676e-05
1504 1.784617e-05
1505 1.131874e-05
1506 7.078595e-06
1507 0.000000e+00
1508 0.000000e+00
1509 0.000000e+00
1510 0.000000e+00
1511 0.000000e+00
1512 0.000000e+00
1513 0.000000e+00
1514 0.000000e+00
1515 5.595820e-05
1516 4.541514e-05
1517 3.386300e-05
1518 2.607796e-05
1519 1.817056e-05
1520 1.123626e-05
1521 6.952388e-06
1522 4.333854e-06
1523 0.000000e+00
1524 0.000000e+00
1525 0.000000e+00
1526 0.000000e+00
1527 0.000000e+00
1528 0.000000e+00
1529 0.000000e+00
1530 4.414618e-05
1531 3.877703e-05
1532 2.988860e-05
1533 2.232808e-05
1534 1.724209e-05
1535 1.061483e-05
1536 6.969046e-06
1537 4.204066e-06
1538 2.584429e-06
1539 0.000000e+00
1540 0.000000e+00
1541 0.000000e+00
1542 0.000000e+00
1543 0.000000e+00
1544 0.000000e+00
1545 3.566723e-05
1546 3.322954e-05
1547 2.691780e-05
1548 1.999922e-05
1549 1.543039e-05
1550 1.069884e-05
1551 6.583264e-06
1552 3.989728e-06
1553 2.461237e-06
1554 0.000000e+00
1555 0.000000e+00
1556 0.000000e+00
1557 0.000000e+00
1558 0.000000e+00
1559 0.000000e+00
1560 2.941999e-05
1561 2.863806e-05
1562 2.436162e-05
1563 1.838660e-05
1564 1.388203e-05
1565 1.047206e-05
1566 6.182849e-06
1567 3.985649e-06
1568 2.407732e-06
1569 1.465086e-06
1570 0.000000e+00
1571 0.000000e+00
1572 0.000000e+00
1573 0.000000e+00
1574 0.000000e+00
1575 2.455744e-05
1576 2.473642e-05
1577 2.198938e-05
1578 1.705728e-05
1579 1.268642e-05
1580 9.858002e-06
1581 6.100789e-06
1582 3.997241e-06
1583 2.364898e-06
1584 1.418071e-06
1585 0.000000e+00
1586 0.000000e+00
1587 0.000000e+00
1588 0.000000e+00
1589 0.000000e+00
1590 2.067361e-05
1591 2.141300e-05
1592 1.978666e-05
1593 1.586979e-05
1594 1.176222e-05
1595 9.114128e-06
1596 6.152992e-06
1597 3.830333e-06
1598 2.261680e-06
1599 1.372471e-06
1600 0.000000e+00
1601 0.000000e+00
1602 0.000000e+00
1603 0.000000e+00
1604 0.000000e+00
1605 1.747478e-05
1606 1.853084e-05
1607 1.771600e-05
1608 1.472865e-05
1609 1.099802e-05
1610 8.391600e-06
1611 6.121325e-06
1612 3.608902e-06
1613 2.222803e-06
1614 1.332985e-06
1615 0.000000e+00
1616 0.000000e+00
1617 0.000000e+00
1618 0.000000e+00
1619 0.000000e+00
1620 1.472471e-05
1621 1.594039e-05
1622 1.570769e-05
1623 1.354582e-05
1624 1.028648e-05
1625 7.722336e-06
1626 5.909132e-06
1627 3.470423e-06
1628 2.252862e-06
1629 1.328403e-06
1630 7.749384e-07
1631 0.000000e+00
1632 0.000000e+00
1633 0.000000e+00
1634 0.000000e+00
1635 1.221631e-05
1636 1.347775e-05
1637 1.365385e-05
1638 1.221547e-05
1639 9.512656e-06
1640 7.063637e-06
1641 5.501295e-06
1642 3.414762e-06
1643 2.223136e-06
1644 1.289529e-06
1645 7.515820e-07
1646 0.000000e+00
1647 0.000000e+00
1648 0.000000e+00
1649 0.000000e+00
1650 1.340295e-06
1651 1.017585e-06
1652 7.702953e-07
1653 5.457801e-07
1654 3.435113e-07
1655 2.182583e-07
1656 1.362045e-07
1657 0.000000e+00
1658 0.000000e+00
1659 0.000000e+00
1660 0.000000e+00
1661 0.000000e+00
1662 0.000000e+00
1663 0.000000e+00
1664 0.000000e+00
1665 1.223362e-06
1666 9.958341e-07
1667 7.460656e-07
1668 5.715226e-07
1669 3.985761e-07
1670 2.472854e-07
1671 1.545106e-07
1672 9.589369e-08
1673 0.000000e+00
1674 0.000000e+00
1675 0.000000e+00
1676 0.000000e+00
1677 0.000000e+00
1678 0.000000e+00
1679 0.000000e+00
1680 1.089770e-06
1681 9.575510e-07
1682 7.401808e-07
1683 5.541775e-07
1684 4.242366e-07
1685 2.656072e-07
1686 1.717198e-07
1687 1.039320e-07
1688 6.417160e-08
1689 0.000000e+00
1690 0.000000e+00
1691 0.000000e+00
1692 0.000000e+00
1693 0.000000e+00
1694 0.000000e+00
1695 9.698174e-07
1696 9.031955e-07
1697 7.324082e-07
1698 5.457506e-07
1699 4.198702e-07
1700 2.910021e-07
1701 1.793179e-07
1702 1.096117e-07
1703 6.738911e-08
1704 0.000000e+00
1705 0.000000e+00
1706 0.000000e+00
1707 0.000000e+00
1708 0.000000e+00
1709 0.000000e+00
1710 8.661358e-07
1711 8.427151e-07
1712 7.168926e-07
1713 5.423028e-07
1714 4.096722e-07
1715 3.071097e-07
1716 1.836811e-07
1717 1.178234e-07
1718 7.109513e-08
1719 4.334333e-08
1720 0.000000e+00
1721 0.000000e+00
1722 0.000000e+00
1723 0.000000e+00
1724 0.000000e+00
1725 7.758068e-07
1726 7.810998e-07
1727 6.939913e-07
1728 5.391268e-07
1729 4.016888e-07
1730 3.105861e-07
1731 1.938288e-07
1732 1.258092e-07
1733 7.451240e-08
1734 4.483471e-08
1735 0.000000e+00
1736 0.000000e+00
1737 0.000000e+00
1738 0.000000e+00
1739 0.000000e+00
1740 6.954565e-07
1741 7.200070e-07
1742 6.648064e-07
1743 5.335935e-07
1744 3.962683e-07
1745 3.063384e-07
1746 2.070056e-07
1747 1.286893e-07
1748 7.651919e-08
1749 4.624593e-08
1750 0.000000e+00
1751 0.000000e+00
1752 0.000000e+00
1753 0.000000e+00
1754 0.000000e+00
1755 6.229375e-07
1756 6.603436e-07
1757 6.307763e-07
1758 5.244767e-07
1759 3.923322e-07
1760 2.992459e-07
1761 2.176167e-07
1762 1.290487e-07
1763 7.972051e-08
1764 4.779806e-08
1765 0.000000e+00
1766 0.000000e+00
1767 0.000000e+00
1768 0.000000e+00
1769 0.000000e+00
1770 5.562428e-07
1771 6.019728e-07
1772 5.926971e-07
1773 5.109757e-07
1774 3.885697e-07
1775 2.919377e-07
1776 2.225462e-07
1777 1.315843e-07
1778 8.493406e-08
1779 5.004561e-08
1780 2.937657e-08
1781 0.000000e+00
1782 0.000000e+00
1783 0.000000e+00
1784 0.000000e+00
1785 4.931873e-07
1786 5.439703e-07
1787 5.506758e-07
1788 4.923920e-07
1789 3.838092e-07
1790 2.853644e-07
1791 2.216379e-07
1792 1.380594e-07
1793 8.926337e-08
1794 5.184250e-08
1795 3.028091e-08
1796 0.000000e+00
1797 0.000000e+00
1798 0.000000e+00
1799 0.000000e+00
1800 4.694592e-09
1801 3.262669e-09
1802 2.173835e-09
1803 1.410229e-09
1804 9.215712e-10
1805 6.125590e-10
1806 4.167155e-10
1807 2.878370e-10
1808 1.985877e-10
1809 1.343172e-10
1810 8.765472e-11
1811 5.456128e-11
1812 3.214938e-11
1813 1.790773e-11
1814 9.491617e-12
1815 1.161781e-08
1816 8.398149e-09
1817 5.851006e-09
1818 3.876917e-09
1819 2.490972e-09
1820 1.614734e-09
1821 1.063100e-09
1822 7.183659e-10
1823 4.947810e-10
1824 3.413739e-10
1825 2.314575e-10
1826 1.516211e-10
1827 9.471127e-11
1828 5.587966e-11
1829 3.108509e-11
1830 1.817969e-08
1831 1.347050e-08
1832 9.609624e-09
1833 6.582685e-09
1834 4.269481e-09
1835 2.736611e-09
1836 1.770639e-09
1837 1.170659e-09
1838 7.935823e-10
1839 5.459809e-10
1840 3.742316e-10
1841 2.507854e-10
1842 1.617111e-10
1843 9.900089e-11
1844 5.712893e-11
1845 2.488286e-08
1846 1.890140e-08
1847 1.369953e-08
1848 9.591066e-09
1849 6.370715e-09
1850 4.060117e-09
1851 2.609254e-09
1852 1.693991e-09
1853 1.129830e-09
1854 7.700115e-10
1855 5.283301e-10
1856 3.579489e-10
1857 2.353611e-10
1858 1.478521e-10
1859 8.781030e-11
1860 3.187342e-08
1861 2.482644e-08
1862 1.827848e-08
1863 1.297907e-08
1864 8.824831e-09
1865 5.663041e-09
1866 3.613374e-09
1867 2.317778e-09
1868 1.522730e-09
1869 1.025288e-09
1870 7.004104e-10
1871 4.767405e-10
1872 3.173862e-10
1873 2.031999e-10
1874 1.235369e-10
1875 3.939029e-08
1876 3.147095e-08
1877 2.358349e-08
1878 1.694236e-08
1879 1.173385e-08
1880 7.661812e-09
1881 4.850450e-09
1882 3.095671e-09
1883 2.004185e-09
1884 1.330905e-09
1885 9.017593e-10
1886 6.137579e-10
1887 4.117588e-10
1888 2.674856e-10
1889 1.658062e-10
1890 4.771993e-08
1891 3.911691e-08
1892 2.991765e-08
1893 2.175771e-08
1894 1.528244e-08
1895 1.019464e-08
1896 6.449869e-09
1897 4.102643e-09
1898 2.618194e-09
1899 1.714111e-09
1900 1.148743e-09
1901 7.785764e-10
1902 5.243127e-10
1903 3.442970e-10
1904 2.170095e-10
1905 5.733076e-08
1906 4.824909e-08
1907 3.778413e-08
1908 2.789596e-08
1909 1.982938e-08
1910 1.350868e-08
1911 8.642679e-09
1912 5.456561e-09
1913 3.449712e-09
1914 2.225203e-09
1915 1.470283e-09
1916 9.883576e-10
1917 6.653321e-10
1918 4.401640e-10
1919 2.813663e-10
1920 6.958345e-08
1921 6.030215e-08
1922 4.859603e-08
1923 3.665054e-08
1924 2.640039e-08
1925 1.833512e-08
1926 1.200808e-08
1927 7.530490e-09
1928 4.744179e-09
1929 3.006929e-09
1930 1.950055e-09
1931 1.292380e-09
1932 8.647550e-10
1933 5.739713e-10
1934 3.711785e-10
1935 9.146529e-08
1936 8.278266e-08
1937 6.991237e-08
1938 5.499879e-08
1939 4.075989e-08
1940 2.898886e-08
1941 1.973571e-08
1942 1.263252e-08
1943 7.888436e-09
1944 4.910791e-09
1945 3.090667e-09
1946 1.985250e-09
1947 1.298181e-09
1948 8.534526e-10
1949 5.547723e-10
1950 2.108506e-07
1951 2.158889e-07
1952 2.101357e-07
1953 1.926000e-07
1954 1.648182e-07
1955 1.311069e-07
1956 9.770321e-08
1957 6.954407e-08
1958 4.746779e-08
1959 3.013889e-08
1960 1.822058e-08
1961 1.083026e-08
1962 6.354880e-09
1963 3.726949e-09
1964 2.204589e-09
