0 1.839887e-09
1 1.227683e-09
2 7.973987e-10
3 5.176042e-10
4 3.390308e-10
5 2.246661e-10
6 1.494591e-10
7 9.836901e-11
8 6.308355e-11
9 3.894839e-11
10 2.300611e-11
11 1.300400e-11
12 7.077792e-12
13 3.756904e-12
14 1.972266e-12
15 2.942119e-09
16 2.002341e-09
17 1.311416e-09
18 8.462511e-10
19 5.498847e-10
20 3.612872e-10
21 2.399061e-10
22 1.591239e-10
23 1.037010e-10
24 6.545521e-11
25 3.964269e-11
26 2.295949e-11
27 1.274543e-11
28 6.847618e-12
29 3.612946e-12
30 3.358315e-09
31 2.300370e-09
32 1.513119e-09
33 9.757484e-10
34 6.325034e-10
35 4.143232e-10
36 2.747319e-10
37 1.823860e-10
38 1.193303e-10
39 7.577069e-11
40 4.622131e-11
41 2.696930e-11
42 1.507088e-11
43 8.135155e-12
44 4.303087e-12
45 3.601058e-09
46 2.473981e-09
47 1.631058e-09
48 1.051423e-09
49 6.809359e-10
50 4.454173e-10
51 2.950977e-10
52 1.959923e-10
53 1.284455e-10
54 8.180094e-11
55 5.006855e-11
56 2.931417e-11
57 1.643511e-11
58 8.889440e-12
59 4.706793e-12
60 3.770525e-09
61 2.595279e-09
62 1.713306e-09
63 1.104335e-09
64 7.146270e-10
65 4.671055e-10
66 3.092578e-10
67 2.054732e-10
68 1.348027e-10
69 8.599104e-11
70 5.274605e-11
71 3.094851e-11
72 1.738497e-11
73 9.415547e-12
74 4.988973e-12
75 3.902694e-09
76 2.689699e-09
77 1.777373e-09
78 1.145399e-09
79 7.409195e-10
80 4.839649e-10
81 3.203663e-10
82 2.128969e-10
83 1.397954e-10
84 8.927947e-11
85 5.484070e-11
86 3.222368e-11
87 1.812528e-11
88 9.826298e-12
89 5.208309e-12
90 4.014045e-09
91 2.769277e-09
92 1.831511e-09
93 1.180197e-09
94 7.629996e-10
95 4.981808e-10
96 3.296799e-10
97 2.191032e-10
98 1.439427e-10
99 9.203665e-11
100 5.658657e-11
101 3.329382e-11
102 1.874667e-11
103 1.017059e-11
104 5.392385e-12
105 4.112668e-09
106 2.840345e-09
107 1.879492e-09
108 1.210985e-09
109 7.827196e-10
110 5.108305e-10
111 3.379549e-10
112 2.246432e-10
113 1.476605e-10
114 9.447257e-11
115 5.816350e-11
116 3.425077e-11
117 1.930213e-11
118 1.047814e-11
119 5.556632e-12
120 4.209240e-09
121 2.909005e-09
122 1.926293e-09
123 1.241101e-09
124 8.019691e-10
125 5.231916e-10
126 3.460706e-10
127 2.300449e-10
128 1.512983e-10
129 9.687639e-11
130 5.969287e-11
131 3.518200e-11
132 1.984312e-11
133 1.077712e-11
134 5.716541e-12
135 4.332468e-09
136 2.997051e-09
137 1.985952e-09
138 1.279375e-09
139 8.263805e-10
140 5.388916e-10
141 3.563588e-10
142 2.369184e-10
143 1.559089e-10
144 9.992839e-11
145 6.164317e-11
146 3.637174e-11
147 2.053199e-11
148 1.115887e-11
149 5.921531e-12
150 5.624930e-09
151 3.946149e-09
152 2.652330e-09
153 1.713282e-09
154 1.102207e-09
155 7.140371e-10
156 4.693496e-10
157 3.116474e-10
158 2.061783e-10
159 1.335971e-10
160 8.362564e-11
161 5.014335e-11
162 2.877287e-11
163 1.582683e-11
164 8.461164e-12
165 6.996974e-09
166 4.960716e-09
167 3.377512e-09
168 2.197565e-09
169 1.409017e-09
170 9.092125e-10
171 5.940441e-10
172 3.931873e-10
173 2.605921e-10
174 1.700591e-10
175 1.076537e-10
176 6.544998e-11
177 3.805238e-11
178 2.119221e-11
179 1.141527e-11
180 7.839908e-09
181 5.586479e-09
182 3.826281e-09
183 2.500067e-09
184 1.600769e-09
185 1.031193e-09
186 6.717032e-10
187 4.437725e-10
188 2.943456e-10
189 1.926826e-10
190 1.225636e-10
191 7.496668e-11
192 4.387525e-11
193 2.456730e-11
194 1.328795e-11
195 8.433063e-09
196 6.026062e-09
197 4.141666e-09
198 2.712750e-09
199 1.736272e-09
200 1.117183e-09
201 7.264054e-10
202 4.795604e-10
203 3.180971e-10
204 2.085997e-10
205 1.330854e-10
206 8.166018e-11
207 4.797230e-11
208 2.695170e-11
209 1.461213e-11
210 8.896249e-09
211 6.369447e-09
212 4.387640e-09
213 2.878430e-09
214 1.841575e-09
215 1.184174e-09
216 7.690596e-10
217 5.072512e-10
218 3.365461e-10
219 2.209403e-10
220 1.412304e-10
221 8.689298e-11
222 5.115428e-11
223 2.879801e-11
224 1.563476e-11
225 9.283104e-09
226 6.655850e-09
227 4.592631e-09
228 3.016413e-09
229 1.929366e-09
230 1.240016e-09
231 8.047161e-10
232 5.304696e-10
233 3.520214e-10
234 2.313406e-10
235 1.480609e-10
236 9.124949e-11
237 5.382197e-11
238 3.034696e-11
239 1.649139e-11
240 9.625995e-09
241 6.911063e-09
242 4.776088e-09
243 3.140468e-09
244 2.007542e-09
245 1.289733e-09
246 8.363194e-10
247 5.511399e-10
248 3.658769e-10
249 2.405435e-10
250 1.541734e-10
251 9.514030e-11
252 5.620759e-11
253 3.173806e-11
254 1.726296e-11
255 9.965684e-09
256 7.162116e-09
257 4.956611e-09
258 3.261887e-09
259 2.084226e-09
260 1.338575e-09
261 8.674936e-10
262 5.714829e-10
263 3.793504e-10
264 2.496075e-10
265 1.601461e-10
266 9.896769e-11
267 5.852088e-11
268 3.308024e-11
269 1.800436e-11
270 1.039652e-08
271 7.482165e-09
272 5.186407e-09
273 3.416311e-09
274 2.182563e-09
275 1.400848e-09
276 9.074832e-10
277 5.974490e-10
278 3.965766e-10
279 2.612198e-10
280 1.677964e-10
281 1.038215e-10
282 6.150528e-11
283 3.481018e-11
284 1.896286e-11
285 9.310037e-09
286 6.697110e-09
287 4.641339e-09
288 3.070351e-09
289 1.965163e-09
290 1.262457e-09
291 8.170927e-10
292 5.371570e-10
293 3.557327e-10
294 2.338068e-10
295 1.500627e-10
296 9.290097e-11
297 5.509821e-11
298 3.126164e-11
299 1.707468e-11
300 1.090156e-08
301 7.907341e-09
302 5.526867e-09
303 3.692743e-09
304 2.368601e-09
305 1.517403e-09
306 9.779378e-10
307 6.398885e-10
308 4.232227e-10
309 2.788851e-10
310 1.800593e-10
311 1.124604e-10
312 6.739320e-11
313 3.862187e-11
314 2.126869e-11
315 1.204530e-08
316 8.779678e-09
317 6.165613e-09
318 4.143633e-09
319 2.662406e-09
320 1.702571e-09
321 1.094867e-09
322 7.146292e-10
323 4.720504e-10
324 3.114059e-10
325 2.017663e-10
326 1.266335e-10
327 7.630820e-11
328 4.398111e-11
329 2.432836e-11
330 1.294063e-08
331 9.462859e-09
332 6.666068e-09
333 4.496239e-09
334 2.892583e-09
335 1.847655e-09
336 1.186203e-09
337 7.731090e-10
338 5.102532e-10
339 3.368522e-10
340 2.187441e-10
341 1.377378e-10
342 8.328929e-11
343 4.818016e-11
344 2.672930e-11
345 1.368808e-08
346 1.003382e-08
347 7.083687e-09
348 4.791111e-09
349 3.084760e-09
350 1.969145e-09
351 1.262775e-09
352 8.219566e-10
353 5.422818e-10
354 3.581683e-10
355 2.329706e-10
356 1.470080e-10
357 8.913411e-11
358 5.168691e-11
359 2.873463e-11
360 1.435520e-08
361 1.054236e-08
362 7.456373e-09
363 5.053069e-09
364 3.255399e-09
365 2.076904e-09
366 1.330851e-09
367 8.653819e-10
368 5.706231e-10
369 3.771011e-10
370 2.455983e-10
371 1.552572e-10
372 9.432276e-11
373 5.480798e-11
374 3.051690e-11
375 1.501079e-08
376 1.104234e-08
377 7.822247e-09
378 5.311165e-09
379 3.423427e-09
380 2.182816e-09
381 1.397738e-09
382 9.081003e-10
383 5.985594e-10
384 3.956960e-10
385 2.579941e-10
386 1.633535e-10
387 9.942991e-11
388 5.787256e-11
389 3.226855e-11
390 1.584152e-08
391 1.167543e-08
392 8.286300e-09
393 5.637829e-09
394 3.636316e-09
395 2.317437e-09
396 1.482796e-09
397 9.622889e-10
398 6.340628e-10
399 4.193515e-10
400 2.737524e-10
401 1.736431e-10
402 1.059103e-10
403 6.175971e-11
404 3.448979e-11
405 1.325900e-08
406 9.737880e-09
407 6.878384e-09
408 4.662982e-09
409 3.014032e-09
410 1.923110e-09
411 1.233705e-09
412 8.017741e-10
413 5.280011e-10
414 3.483605e-10
415 2.264514e-10
416 1.430214e-10
417 8.687307e-11
418 5.050323e-11
419 2.816529e-11
420 1.507256e-08
421 1.116059e-08
422 7.935998e-09
423 5.424848e-09
424 3.529240e-09
425 2.246860e-09
426 1.438702e-09
427 9.305884e-10
428 6.109021e-10
429 4.029771e-10
430 2.628914e-10
431 1.670754e-10
432 1.023054e-10
433 6.000741e-11
434 3.372646e-11
435 1.650463e-08
436 1.228916e-08
437 8.774021e-09
438 6.030042e-09
439 3.939246e-09
440 2.504996e-09
441 1.601685e-09
442 1.033215e-09
443 6.768447e-10
444 4.464316e-10
445 2.918636e-10
446 1.862129e-10
447 1.145985e-10
448 6.757588e-11
449 3.816433e-11
450 1.770342e-08
451 1.323570e-08
452 9.477166e-09
453 6.537686e-09
454 4.283280e-09
455 2.722319e-09
456 1.738542e-09
457 1.119365e-09
458 7.322805e-10
459 4.828934e-10
460 3.161618e-10
461 2.022664e-10
462 1.249064e-10
463 7.391841e-11
464 4.189656e-11
465 1.877339e-08
466 1.407725e-08
467 1.010303e-08
468 6.987217e-09
469 4.589043e-09
470 2.914430e-09
471 1.860333e-09
472 1.195570e-09
473 7.813919e-10
474 5.152808e-10
475 3.377220e-10
476 2.165220e-10
477 1.340513e-10
478 7.955354e-11
479 4.519682e-11
480 1.982322e-08
481 1.490333e-08
482 1.071765e-08
483 7.430326e-09
484 4.889555e-09
485 3.103780e-09
486 1.979970e-09
487 1.270906e-09
488 8.295985e-10
489 5.470453e-10
490 3.589203e-10
491 2.305142e-10
492 1.430590e-10
493 8.508837e-11
494 4.844820e-11
495 2.115481e-08
496 1.595249e-08
497 1.149698e-08
498 7.991380e-09
499 5.270357e-09
500 3.344260e-09
501 2.131749e-09
502 1.366322e-09
503 8.910072e-10
504 5.875652e-10
505 3.858539e-10
506 2.482884e-10
507 1.544627e-10
508 9.211101e-11
509 5.257527e-11
510 1.758322e-08
511 1.318283e-08
512 9.455312e-09
513 6.529744e-09
514 4.296731e-09
515 2.732917e-09
516 1.745757e-09
517 1.122200e-09
518 7.329127e-10
519 4.826826e-10
520 3.158464e-10
521 2.022041e-10
522 1.250889e-10
523 7.422804e-11
524 4.219811e-11
525 1.966399e-08
526 1.487451e-08
527 1.073391e-08
528 7.463342e-09
529 4.948961e-09
530 3.151119e-09
531 2.008673e-09
532 1.286099e-09
533 8.368907e-10
534 5.502527e-10
535 3.606389e-10
536 2.319074e-10
537 1.444202e-10
538 8.635172e-11
539 4.946507e-11
540 2.141523e-08
541 1.630166e-08
542 1.181392e-08
543 8.252021e-09
544 5.500799e-09
545 3.505626e-09
546 2.231145e-09
547 1.425055e-09
548 9.249466e-10
549 6.074466e-10
550 3.984997e-10
551 2.570444e-10
552 1.607445e-10
553 9.660448e-11
554 5.562429e-11
555 2.297563e-08
556 1.757108e-08
557 1.277553e-08
558 8.952088e-09
559 5.991783e-09
560 3.820460e-09
561 2.429290e-09
562 1.548538e-09
563 1.003274e-09
564 6.583552e-10
565 4.321746e-10
566 2.793645e-10
567 1.752922e-10
568 1.057283e-10
569 6.109944e-11
570 2.450520e-08
571 1.881814e-08
572 1.371850e-08
573 9.641044e-09
574 6.473274e-09
575 4.129573e-09
576 2.623589e-09
577 1.669898e-09
578 1.080160e-09
579 7.081932e-10
580 4.652613e-10
581 3.013081e-10
582 1.895657e-10
583 1.146800e-10
584 6.647367e-11
585 2.644975e-08
586 2.039886e-08
587 1.491631e-08
588 1.051503e-08
589 7.084803e-09
590 4.522135e-09
591 2.870200e-09
592 1.823486e-09
593 1.177690e-09
594 7.716202e-10
595 5.072322e-10
596 3.291506e-10
597 2.076740e-10
598 1.260435e-10
599 7.329137e-11
600 2.244575e-08
601 1.719533e-08
602 1.251908e-08
603 8.775619e-09
604 5.884182e-09
605 3.763409e-09
606 2.391381e-09
607 1.524772e-09
608 9.868075e-10
609 6.465352e-10
610 4.239785e-10
611 2.739495e-10
612 1.719502e-10
613 1.038369e-10
614 6.011545e-11
615 2.487483e-08
616 1.924024e-08
617 1.410193e-08
618 9.942588e-09
619 6.717863e-09
620 4.315975e-09
621 2.735852e-09
622 1.740250e-09
623 1.121610e-09
624 7.327488e-10
625 4.804618e-10
626 3.113605e-10
627 1.964691e-10
628 1.194509e-10
629 6.968119e-11
630 2.704336e-08
631 2.106423e-08
632 1.551693e-08
633 1.098311e-08
634 7.462331e-09
635 4.808789e-09
636 3.043305e-09
637 1.932738e-09
638 1.241954e-09
639 8.097149e-10
640 5.308643e-10
641 3.447252e-10
642 2.183807e-10
643 1.334092e-10
644 7.821227e-11
645 2.917378e-08
646 2.285806e-08
647 1.690371e-08
648 1.200573e-08
649 8.192177e-09
650 5.292605e-09
651 3.344943e-09
652 2.121604e-09
653 1.359963e-09
654 8.851381e-10
655 5.803649e-10
656 3.775077e-10
657 2.398745e-10
658 1.471083e-10
659 8.660177e-11
660 3.187439e-08
661 2.512817e-08
662 1.866673e-08
663 1.330354e-08
664 9.119311e-09
665 5.906569e-09
666 3.727949e-09
667 2.361001e-09
668 1.509808e-09
669 9.809941e-10
670 6.431376e-10
671 4.190703e-10
672 2.671380e-10
673 1.644756e-10
674 9.723211e-11
675 2.807380e-08
676 2.200696e-08
677 1.629049e-08
678 1.157094e-08
679 7.894706e-09
680 5.116501e-09
681 3.235148e-09
682 2.053707e-09
683 1.315639e-09
684 8.552839e-10
685 5.599460e-10
686 3.637878e-10
687 2.309742e-10
688 1.416537e-10
689 8.345882e-11
690 3.100847e-08
691 2.456319e-08
692 1.832660e-08
693 1.308824e-08
694 8.994323e-09
695 5.868767e-09
696 3.706970e-09
697 2.349719e-09
698 1.498351e-09
699 9.705166e-10
700 6.343722e-10
701 4.127400e-10
702 2.632079e-10
703 1.624235e-10
704 9.637378e-11
705 3.389724e-08
706 2.707252e-08
707 2.032561e-08
708 1.458015e-08
709 1.007318e-08
710 6.607918e-09
711 4.170445e-09
712 2.640234e-09
713 1.677709e-09
714 1.083406e-09
715 7.074830e-10
716 4.608406e-10
717 2.948447e-10
718 1.828156e-10
719 1.090651e-10
720 3.755759e-08
721 3.026315e-08
722 2.286155e-08
723 1.647232e-08
724 1.144286e-08
725 7.545524e-09
726 4.758268e-09
727 3.008643e-09
728 1.905222e-09
729 1.226905e-09
730 8.001830e-10
731 5.218230e-10
732 3.349743e-10
733 2.086776e-10
734 1.251640e-10
735 3.486496e-08
736 2.801476e-08
737 2.114873e-08
738 1.522514e-08
739 1.055400e-08
740 6.963017e-09
741 4.404301e-09
742 2.785152e-09
743 1.765827e-09
744 1.137098e-09
745 7.406623e-10
746 4.820653e-10
747 3.087972e-10
748 1.920024e-10
749 1.150167e-10
750 3.874559e-08
751 3.151086e-08
752 2.401954e-08
753 1.741198e-08
754 1.215123e-08
755 8.087431e-09
756 5.127322e-09
757 3.234969e-09
758 2.042284e-09
759 1.309045e-09
760 8.499440e-10
761 5.531612e-10
762 3.554372e-10
763 2.222943e-10
764 1.341451e-10
765 4.367580e-08
766 3.594996e-08
767 2.766508e-08
768 2.018325e-08
769 1.417733e-08
770 9.512942e-09
771 6.043586e-09
772 3.804703e-09
773 2.392947e-09
774 1.527072e-09
775 9.885565e-10
776 6.432533e-10
777 4.145824e-10
778 2.606911e-10
779 1.583955e-10
780 4.395989e-08
781 3.635672e-08
782 2.813347e-08
783 2.061334e-08
784 1.451387e-08
785 9.781445e-09
786 6.251889e-09
787 3.929809e-09
788 2.471933e-09
789 1.572642e-09
790 1.014490e-09
791 6.586007e-10
792 4.241597e-10
793 2.670347e-10
794 1.627002e-10
795 5.075941e-08
796 4.270939e-08
797 3.355788e-08
798 2.485969e-08
799 1.765713e-08
800 1.203861e-08
801 7.763098e-09
802 4.864840e-09
803 3.051475e-09
804 1.926905e-09
805 1.234945e-09
806 7.991975e-10
807 5.155196e-10
808 3.264328e-10
809 2.006448e-10
810 6.108654e-08
811 5.278683e-08
812 4.260692e-08
813 3.226223e-08
814 2.326658e-08
815 1.613277e-08
816 1.062995e-08
817 6.682840e-09
818 4.175901e-09
819 2.605954e-09
820 1.648333e-09
821 1.055698e-09
822 6.784411e-10
823 4.313668e-10
824 2.680297e-10
825 5.161443e-07
826 3.899115e-07
827 2.950262e-07
828 2.037991e-07
829 1.280657e-07
830 8.091788e-08
831 5.057361e-08
832 0.000000e+00
833 0.000000e+00
834 0.000000e+00
835 0.000000e+00
836 0.000000e+00
837 0.000000e+00
838 0.000000e+00
839 0.000000e+00
840 6.674736e-07
841 5.050222e-07
842 3.821514e-07
843 2.665136e-07
844 1.674347e-07
845 1.060154e-07
846 6.613355e-08
847 0.000000e+00
848 0.000000e+00
849 0.000000e+00
850 0.000000e+00
851 0.000000e+00
852 0.000000e+00
853 0.000000e+00
854 0.000000e+00
855 7.737238e-07
856 5.858772e-07
857 4.433533e-07
858 3.105763e-07
859 1.951188e-07
860 1.236592e-07
861 7.707183e-08
862 0.000000e+00
863 0.000000e+00
864 0.000000e+00
865 0.000000e+00
866 0.000000e+00
867 0.000000e+00
868 0.000000e+00
869 0.000000e+00
870 8.565762e-07
871 6.489273e-07
872 4.910741e-07
873 3.449290e-07
874 2.166986e-07
875 1.374123e-07
876 8.560078e-08
877 0.000000e+00
878 0.000000e+00
879 0.000000e+00
880 0.000000e+00
881 0.000000e+00
882 0.000000e+00
883 0.000000e+00
884 0.000000e+00
885 9.260314e-07
886 7.017739e-07
887 5.310743e-07
888 3.737249e-07
889 2.347908e-07
890 1.489409e-07
891 9.274805e-08
892 0.000000e+00
893 0.000000e+00
894 0.000000e+00
895 0.000000e+00
896 0.000000e+00
897 0.000000e+00
898 0.000000e+00
899 0.000000e+00
900 9.878441e-07
901 7.488060e-07
902 5.666765e-07
903 3.993539e-07
904 2.508934e-07
905 1.592026e-07
906 9.910991e-08
907 0.000000e+00
908 0.000000e+00
909 0.000000e+00
910 0.000000e+00
911 0.000000e+00
912 0.000000e+00
913 0.000000e+00
914 0.000000e+00
915 1.048572e-06
916 7.950163e-07
917 6.016529e-07
918 4.245285e-07
919 2.667129e-07
920 1.692827e-07
921 1.053608e-07
922 0.000000e+00
923 0.000000e+00
924 0.000000e+00
925 0.000000e+00
926 0.000000e+00
927 0.000000e+00
928 0.000000e+00
929 0.000000e+00
930 1.125687e-06
931 8.537001e-07
932 6.460569e-07
933 4.564923e-07
934 2.867969e-07
935 1.820810e-07
936 1.132978e-07
937 0.000000e+00
938 0.000000e+00
939 0.000000e+00
940 0.000000e+00
941 0.000000e+00
942 0.000000e+00
943 0.000000e+00
944 0.000000e+00
945 3.736623e-07
946 3.000575e-07
947 2.242133e-07
948 1.722613e-07
949 1.172986e-07
950 7.340097e-08
951 4.541766e-08
952 2.820225e-08
953 0.000000e+00
954 0.000000e+00
955 0.000000e+00
956 0.000000e+00
957 0.000000e+00
958 0.000000e+00
959 0.000000e+00
960 5.079683e-07
961 4.099284e-07
962 3.065378e-07
963 2.352675e-07
964 1.616977e-07
965 1.007761e-07
966 6.257357e-08
967 3.881110e-08
968 0.000000e+00
969 0.000000e+00
970 0.000000e+00
971 0.000000e+00
972 0.000000e+00
973 0.000000e+00
974 0.000000e+00
975 6.128760e-07
976 4.957773e-07
977 3.708817e-07
978 2.844993e-07
979 1.964095e-07
980 1.221872e-07
981 7.599258e-08
982 4.710775e-08
983 0.000000e+00
984 0.000000e+00
985 0.000000e+00
986 0.000000e+00
987 0.000000e+00
988 0.000000e+00
989 0.000000e+00
990 7.007465e-07
991 5.676866e-07
992 4.247763e-07
993 3.257432e-07
994 2.254793e-07
995 1.401188e-07
996 8.723141e-08
997 5.405538e-08
998 0.000000e+00
999 0.000000e+00
1000 0.000000e+00
1001 0.000000e+00
1002 0.000000e+00
1003 0.000000e+00
1004 0.000000e+00
1005 7.789339e-07
1006 6.316668e-07
1007 4.727281e-07
1008 3.624363e-07
1009 2.513454e-07
1010 1.560733e-07
1011 9.723121e-08
1012 6.023765e-08
1013 0.000000e+00
1014 0.000000e+00
1015 0.000000e+00
1016 0.000000e+00
1017 0.000000e+00
1018 0.000000e+00
1019 0.000000e+00
1020 8.557545e-07
1021 6.945238e-07
1022 5.198380e-07
1023 3.984832e-07
1024 2.767581e-07
1025 1.717496e-07
1026 1.070554e-07
1027 6.631207e-08
1028 0.000000e+00
1029 0.000000e+00
1030 0.000000e+00
1031 0.000000e+00
1032 0.000000e+00
1033 0.000000e+00
1034 0.000000e+00
1035 9.533148e-07
1036 7.743547e-07
1037 5.796736e-07
1038 4.442689e-07
1039 3.090342e-07
1040 1.916544e-07
1041 1.195332e-07
1042 7.402650e-08
1043 0.000000e+00
1044 0.000000e+00
1045 0.000000e+00
1046 0.000000e+00
1047 0.000000e+00
1048 0.000000e+00
1049 0.000000e+00
1050 3.049454e-07
1051 2.649077e-07
1052 2.031958e-07
1053 1.524494e-07
1054 1.162471e-07
1055 7.152119e-08
1056 4.643646e-08
1057 2.815144e-08
1058 1.731196e-08
1059 0.000000e+00
1060 0.000000e+00
1061 0.000000e+00
1062 0.000000e+00
1063 0.000000e+00
1064 0.000000e+00
1065 4.202910e-07
1066 3.666525e-07
1067 2.820357e-07
1068 2.113732e-07
1069 1.615182e-07
1070 9.992560e-08
1071 6.481386e-08
1072 3.924792e-08
1073 2.412607e-08
1074 0.000000e+00
1075 0.000000e+00
1076 0.000000e+00
1077 0.000000e+00
1078 0.000000e+00
1079 0.000000e+00
1080 5.167949e-07
1081 4.517764e-07
1082 3.480060e-07
1083 2.606769e-07
1084 1.993993e-07
1085 1.237097e-07
1086 8.019565e-08
1087 4.853629e-08
1088 2.983062e-08
1089 0.000000e+00
1090 0.000000e+00
1091 0.000000e+00
1092 0.000000e+00
1093 0.000000e+00
1094 0.000000e+00
1095 6.025713e-07
1096 5.274352e-07
1097 4.066545e-07
1098 3.045044e-07
1099 2.330788e-07
1100 1.448485e-07
1101 9.386806e-08
1102 5.679377e-08
1103 3.490093e-08
1104 0.000000e+00
1105 0.000000e+00
1106 0.000000e+00
1107 0.000000e+00
1108 0.000000e+00
1109 0.000000e+00
1110 6.868374e-07
1111 6.017828e-07
1112 4.642776e-07
1113 3.475684e-07
1114 2.661630e-07
1115 1.656175e-07
1116 1.073013e-07
1117 6.490610e-08
1118 3.988208e-08
1119 0.000000e+00
1120 0.000000e+00
1121 0.000000e+00
1122 0.000000e+00
1123 0.000000e+00
1124 0.000000e+00
1125 7.938848e-07
1126 6.962110e-07
1127 5.374641e-07
1128 4.022636e-07
1129 3.081866e-07
1130 1.919991e-07
1131 1.243624e-07
1132 7.520954e-08
1133 4.621031e-08
1134 0.000000e+00
1135 0.000000e+00
1136 0.000000e+00
1137 0.000000e+00
1138 0.000000e+00
1139 0.000000e+00
1140 1.536641e-07
1141 1.410074e-07
1142 1.127041e-07
1143 8.374830e-08
1144 6.476067e-08
1145 4.350392e-08
1146 2.730510e-08
1147 1.648037e-08
1148 1.012879e-08
1149 0.000000e+00
1150 0.000000e+00
1151 0.000000e+00
1152 0.000000e+00
1153 0.000000e+00
1154 0.000000e+00
1155 2.693269e-07
1156 2.488010e-07
1157 2.001800e-07
1158 1.488599e-07
1159 1.148773e-07
1160 7.831643e-08
1161 4.869985e-08
1162 2.954360e-08
1163 1.814370e-08
1164 0.000000e+00
1165 0.000000e+00
1166 0.000000e+00
1167 0.000000e+00
1168 0.000000e+00
1169 0.000000e+00
1170 3.706469e-07
1171 3.434245e-07
1172 2.771554e-07
1173 2.061993e-07
1174 1.589616e-07
1175 1.090784e-07
1176 6.756238e-08
1177 4.109618e-08
1178 2.522538e-08
1179 0.000000e+00
1180 0.000000e+00
1181 0.000000e+00
1182 0.000000e+00
1183 0.000000e+00
1184 0.000000e+00
1185 4.604259e-07
1186 4.272611e-07
1187 3.453447e-07
1188 2.569876e-07
1189 1.980200e-07
1190 1.363267e-07
1191 8.427341e-08
1192 5.132935e-08
1193 3.149866e-08
1194 0.000000e+00
1195 0.000000e+00
1196 0.000000e+00
1197 0.000000e+00
1198 0.000000e+00
1199 0.000000e+00
1200 5.485642e-07
1201 5.095795e-07
1202 4.123065e-07
1203 3.068613e-07
1204 2.363701e-07
1205 1.630836e-07
1206 1.006831e-07
1207 6.137633e-08
1208 3.765807e-08
1209 0.000000e+00
1210 0.000000e+00
1211 0.000000e+00
1212 0.000000e+00
1213 0.000000e+00
1214 0.000000e+00
1215 6.605334e-07
1216 6.141456e-07
1217 4.973487e-07
1218 3.702123e-07
1219 2.850732e-07
1220 1.970662e-07
1221 1.215231e-07
1222 7.413897e-08
1223 4.548146e-08
1224 0.000000e+00
1225 0.000000e+00
1226 0.000000e+00
1227 0.000000e+00
1228 0.000000e+00
1229 0.000000e+00
1230 1.502686e-07
1231 1.447374e-07
1232 1.216806e-07
1233 9.144810e-08
1234 6.939771e-08
1235 5.138606e-08
1236 3.057972e-08
1237 1.940479e-08
1238 1.177464e-08
1239 7.187655e-09
1240 0.000000e+00
1241 0.000000e+00
1242 0.000000e+00
1243 0.000000e+00
1244 0.000000e+00
1245 2.527587e-07
1246 2.445821e-07
1247 2.067846e-07
1248 1.558327e-07
1249 1.179760e-07
1250 8.795797e-08
1251 5.237274e-08
1252 3.342925e-08
1253 2.022962e-08
1254 1.230657e-08
1255 0.000000e+00
1256 0.000000e+00
1257 0.000000e+00
1258 0.000000e+00
1259 0.000000e+00
1260 3.449248e-07
1261 3.344440e-07
1262 2.834486e-07
1263 2.138650e-07
1264 1.617510e-07
1265 1.209410e-07
1266 7.205079e-08
1267 4.609377e-08
1268 2.786221e-08
1269 1.692677e-08
1270 0.000000e+00
1271 0.000000e+00
1272 0.000000e+00
1273 0.000000e+00
1274 0.000000e+00
1275 4.351597e-07
1276 4.223896e-07
1277 3.584674e-07
1278 2.706575e-07
1279 2.045909e-07
1280 1.532087e-07
1281 9.130665e-08
1282 5.848561e-08
1283 3.533003e-08
1284 2.144643e-08
1285 0.000000e+00
1286 0.000000e+00
1287 0.000000e+00
1288 0.000000e+00
1289 0.000000e+00
1290 5.497483e-07
1291 5.340973e-07
1292 4.537754e-07
1293 3.427998e-07
1294 2.590054e-07
1295 1.941965e-07
1296 1.157594e-07
1297 7.422437e-08
1298 4.481490e-08
1299 2.718762e-08
1300 0.000000e+00
1301 0.000000e+00
1302 0.000000e+00
1303 0.000000e+00
1304 0.000000e+00
1305 1.548241e-07
1306 1.548521e-07
1307 1.364336e-07
1308 1.052524e-07
1309 7.850556e-08
1310 6.066089e-08
1311 3.718601e-08
1312 2.428005e-08
1313 1.442474e-08
1314 8.639701e-09
1315 0.000000e+00
1316 0.000000e+00
1317 0.000000e+00
1318 0.000000e+00
1319 0.000000e+00
1320 2.485160e-07
1321 2.493169e-07
1322 2.205659e-07
1323 1.706945e-07
1324 1.271992e-07
1325 9.839546e-08
1326 6.077036e-08
1327 3.958628e-08
1328 2.348657e-08
1329 1.407627e-08
1330 0.000000e+00
1331 0.000000e+00
1332 0.000000e+00
1333 0.000000e+00
1334 0.000000e+00
1335 3.398839e-07
1336 3.414420e-07
1337 3.026192e-07
1338 2.345149e-07
1339 1.746921e-07
1340 1.351965e-07
1341 8.377585e-08
1342 5.451230e-08
1343 3.232420e-08
1344 1.937843e-08
1345 0.000000e+00
1346 0.000000e+00
1347 0.000000e+00
1348 0.000000e+00
1349 0.000000e+00
1350 4.557969e-07
1351 4.583124e-07
1352 4.067099e-07
1353 3.154848e-07
1354 2.349407e-07
1355 1.818813e-07
1356 1.129646e-07
1357 7.345001e-08
1358 4.353741e-08
1359 2.610567e-08
1360 0.000000e+00
1361 0.000000e+00
1362 0.000000e+00
1363 0.000000e+00
1364 0.000000e+00
1365 1.654990e-07
1366 1.706438e-07
1367 1.567339e-07
1368 1.250942e-07
1369 9.278246e-08
1370 7.190571e-08
1371 4.793024e-08
1372 3.006058e-08
1373 1.778324e-08
1374 1.074195e-08
1375 0.000000e+00
1376 0.000000e+00
1377 0.000000e+00
1378 0.000000e+00
1379 0.000000e+00
1380 2.577339e-07
1381 2.662485e-07
1382 2.452040e-07
1383 1.962195e-07
1384 1.455637e-07
1385 1.127206e-07
1386 7.561970e-08
1387 4.721742e-08
1388 2.797902e-08
1389 1.690182e-08
1390 0.000000e+00
1391 0.000000e+00
1392 0.000000e+00
1393 0.000000e+00
1394 0.000000e+00
1395 3.741395e-07
1396 3.868946e-07
1397 3.568352e-07
1398 2.859555e-07
1399 2.121549e-07
1400 1.642156e-07
1401 1.105466e-07
1402 6.886123e-08
1403 4.084054e-08
1404 2.467203e-08
1405 0.000000e+00
1406 0.000000e+00
1407 0.000000e+00
1408 0.000000e+00
1409 0.000000e+00
1410 9.333184e-08
1411 9.840418e-08
1412 9.330793e-08
1413 7.690627e-08
1414 5.731147e-08
1415 4.389486e-08
1416 3.145904e-08
1417 1.877724e-08
1418 1.143787e-08
1419 6.878175e-09
1420 0.000000e+00
1421 0.000000e+00
1422 0.000000e+00
1423 0.000000e+00
1424 0.000000e+00
1425 1.855686e-07
1426 1.962483e-07
1427 1.869127e-07
1428 1.548449e-07
1429 1.155877e-07
1430 8.832393e-08
1431 6.387640e-08
1432 3.794851e-08
1433 2.329296e-08
1434 1.397584e-08
1435 0.000000e+00
1436 0.000000e+00
1437 0.000000e+00
1438 0.000000e+00
1439 0.000000e+00
1440 3.019541e-07
1441 3.197302e-07
1442 3.050814e-07
1443 2.532606e-07
1444 1.891890e-07
1445 1.444278e-07
1446 1.048274e-07
1447 6.216838e-08
1448 3.827634e-08
1449 2.294536e-08
1450 0.000000e+00
1451 0.000000e+00
1452 0.000000e+00
1453 0.000000e+00
1454 0.000000e+00
1455 1.205936e-07
1456 1.301385e-07
1457 1.276573e-07
1458 1.095072e-07
1459 8.296861e-08
1460 6.243639e-08
1461 4.744218e-08
1462 2.790248e-08
1463 1.796088e-08
1464 1.061276e-08
1465 6.216727e-09
1466 0.000000e+00
1467 0.000000e+00
1468 0.000000e+00
1469 0.000000e+00
1470 2.368641e-07
1471 2.560607e-07
1472 2.518348e-07
1473 2.167444e-07
1474 1.645339e-07
1475 1.236589e-07
1476 9.423765e-08
1477 5.556570e-08
1478 3.587054e-08
1479 2.116374e-08
1480 1.237246e-08
1481 0.000000e+00
1482 0.000000e+00
1483 0.000000e+00
1484 0.000000e+00
1485 1.764648e-07
1486 1.944089e-07
1487 1.965570e-07
1488 1.754175e-07
1489 1.364299e-07
1490 1.014144e-07
1491 7.883330e-08
1492 4.884286e-08
1493 3.171104e-08
1494 1.842627e-08
1495 1.073236e-08
1496 0.000000e+00
1497 0.000000e+00
1498 0.000000e+00
1499 0.000000e+00
1500 7.049930e-05
1501 5.305741e-05
1502 4.051761e-05
1503 2.860900e-05
1504 1.778801e-05
1505 1.127492e-05
1506 7.028806e-06
1507 0.000000e+00
1508 0.000000e+00
1509 0.000000e+00
1510 0.000000e+00
1511 0.000000e+00
1512 0.000000e+00
1513 0.000000e+00
1514 0.000000e+00
1515 5.590961e-05
1516 4.536344e-05
1517 3.381383e-05
1518 2.603081e-05
1519 1.813091e-05
1520 1.120676e-05
1521 6.931078e-06
1522 4.308651e-06
1523 0.000000e+00
1524 0.000000e+00
1525 0.000000e+00
1526 0.000000e+00
1527 0.000000e+00
1528 0.000000e+00
1529 0.000000e+00
1530 4.412054e-05
1531 3.874679e-05
1532 2.985841e-05
1533 2.229961e-05
1534 1.721505e-05
1535 1.059483e-05
1536 6.953423e-06
1537 4.193197e-06
1538 2.564414e-06
1539 0.000000e+00
1540 0.000000e+00
1541 0.000000e+00
1542 0.000000e+00
1543 0.000000e+00
1544 0.000000e+00
1545 3.565312e-05
1546 3.321150e-05
1547 2.689857e-05
1548 1.998098e-05
1549 1.541286e-05
1550 1.068415e-05
1551 6.572385e-06
1552 3.982051e-06
1553 2.451544e-06
1554 0.000000e+00
1555 0.000000e+00
1556 0.000000e+00
1557 0.000000e+00
1558 0.000000e+00
1559 0.000000e+00
1560 2.941215e-05
1561 2.862738e-05
1562 2.434950e-05
1563 1.837481e-05
1564 1.387085e-05
1565 1.046175e-05
1566 6.175526e-06
1567 3.980078e-06
1568 2.403585e-06
1569 1.455416e-06
1570 0.000000e+00
1571 0.000000e+00
1572 0.000000e+00
1573 0.000000e+00
1574 0.000000e+00
1575 2.455320e-05
1576 2.473033e-05
1577 2.198207e-05
1578 1.704991e-05
1579 1.267949e-05
1580 9.851359e-06
1581 6.095851e-06
1582 3.993382e-06
1583 2.362415e-06
1584 1.412305e-06
1585 0.000000e+00
1586 0.000000e+00
1587 0.000000e+00
1588 0.000000e+00
1589 0.000000e+00
1590 2.067151e-05
1591 2.140984e-05
1592 1.978266e-05
1593 1.586558e-05
1594 1.175824e-05
1595 9.110295e-06
1596 6.149879e-06
1597 3.827998e-06
1598 2.260112e-06
1599 1.369501e-06
1600 0.000000e+00
1601 0.000000e+00
1602 0.000000e+00
1603 0.000000e+00
1604 0.000000e+00
1605 1.747395e-05
1606 1.852953e-05
1607 1.771427e-05
1608 1.472675e-05
1609 1.099620e-05
1610 8.389855e-06
1611 6.119789e-06
1612 3.607806e-06
1613 2.222016e-06
1614 1.331999e-06
1615 0.000000e+00
1616 0.000000e+00
1617 0.000000e+00
1618 0.000000e+00
1619 0.000000e+00
1620 1.472462e-05
1621 1.594026e-05
1622 1.570752e-05
1623 1.354564e-05
1624 1.028631e-05
1625 7.722174e-06
1626 5.908989e-06
1627 3.470326e-06
1628 2.252792e-06
1629 1.328472e-06
1630 7.732567e-07
1631 0.000000e+00
1632 0.000000e+00
1633 0.000000e+00
1634 0.000000e+00
1635 1.221664e-05
1636 1.347832e-05
1637 1.365468e-05
1638 1.221649e-05
1639 9.513704e-06
1640 7.064623e-06
1641 5.502247e-06
1642 3.415489e-06
1643 2.223698e-06
1644 1.289991e-06
1645 7.509990e-07
1646 0.000000e+00
1647 0.000000e+00
1648 0.000000e+00
1649 0.000000e+00
1650 1.338396e-06
1651 1.015752e-06
1652 7.685730e-07
1653 5.443195e-07
1654 3.424084e-07
1655 2.173901e-07
1656 1.352130e-07
1657 0.000000e+00
1658 0.000000e+00
1659 0.000000e+00
1660 0.000000e+00
1661 0.000000e+00
1662 0.000000e+00
1663 0.000000e+00
1664 0.000000e+00
1665 1.222299e-06
1666 9.947050e-07
1667 7.449879e-07
1668 5.704950e-07
1669 3.977163e-07
1670 2.466434e-07
1671 1.540387e-07
1672 9.533033e-08
1673 0.000000e+00
1674 0.000000e+00
1675 0.000000e+00
1676 0.000000e+00
1677 0.000000e+00
1678 0.000000e+00
1679 0.000000e+00
1680 1.089134e-06
1681 9.568045e-07
1682 7.394355e-07
1683 5.534724e-07
1684 4.235747e-07
1685 2.651109e-07
1686 1.713380e-07
1687 1.036522e-07
1688 6.367842e-08
1689 0.000000e+00
1690 0.000000e+00
1691 0.000000e+00
1692 0.000000e+00
1693 0.000000e+00
1694 0.000000e+00
1695 9.694306e-07
1696 9.027035e-07
1697 7.318856e-07
1698 5.452540e-07
1699 4.193942e-07
1700 2.906032e-07
1701 1.790233e-07
1702 1.094030e-07
1703 6.712159e-08
1704 0.000000e+00
1705 0.000000e+00
1706 0.000000e+00
1707 0.000000e+00
1708 0.000000e+00
1709 0.000000e+00
1710 8.659022e-07
1711 8.423987e-07
1712 7.165354e-07
1713 5.419553e-07
1714 4.093420e-07
1715 3.068088e-07
1716 1.834647e-07
1717 1.176601e-07
1718 7.096204e-08
1719 4.305846e-08
1720 0.000000e+00
1721 0.000000e+00
1722 0.000000e+00
1723 0.000000e+00
1724 0.000000e+00
1725 7.756708e-07
1726 7.809057e-07
1727 6.937596e-07
1728 5.388936e-07
1729 4.014689e-07
1730 3.103769e-07
1731 1.936728e-07
1732 1.256883e-07
1733 7.443291e-08
1734 4.465234e-08
1735 0.000000e+00
1736 0.000000e+00
1737 0.000000e+00
1738 0.000000e+00
1739 0.000000e+00
1740 6.953845e-07
1741 7.198991e-07
1742 6.646708e-07
1743 5.334514e-07
1744 3.961340e-07
1745 3.062092e-07
1746 2.069016e-07
1747 1.286110e-07
1748 7.646679e-08
1749 4.614509e-08
1750 0.000000e+00
1751 0.000000e+00
1752 0.000000e+00
1753 0.000000e+00
1754 0.000000e+00
1755 6.229068e-07
1756 6.602959e-07
1757 6.307136e-07
1758 5.244084e-07
1759 3.922670e-07
1760 2.991835e-07
1761 2.175625e-07
1762 1.290097e-07
1763 7.969282e-08
1764 4.775935e-08
1765 0.000000e+00
1766 0.000000e+00
1767 0.000000e+00
1768 0.000000e+00
1769 0.000000e+00
1770 5.562389e-07
1771 6.019669e-07
1772 5.926897e-07
1773 5.109680e-07
1774 3.885628e-07
1775 2.919310e-07
1776 2.225405e-07
1777 1.315807e-07
1778 8.493155e-08
1779 5.004515e-08
1780 2.931252e-08
1781 0.000000e+00
1782 0.000000e+00
1783 0.000000e+00
1784 0.000000e+00
1785 4.932000e-07
1786 5.439925e-07
1787 5.507085e-07
1788 4.924326e-07
1789 3.838511e-07
1790 2.854040e-07
1791 2.216761e-07
1792 1.380889e-07
1793 8.928599e-08
1794 5.186104e-08
1795 3.025701e-08
1796 0.000000e+00
1797 0.000000e+00
1798 0.000000e+00
1799 0.000000e+00
1800 4.672933e-09
1801 3.240936e-09
1802 2.151160e-09
1803 1.385543e-09
1804 8.941898e-10
1805 5.824521e-10
1806 3.848868e-10
1807 2.559891e-10
1808 1.686863e-10
1809 1.083485e-10
1810 6.700648e-11
1811 3.964731e-11
1812 2.243652e-11
1813 1.221359e-11
1814 6.486202e-12
1815 1.158234e-08
1816 8.362746e-09
1817 5.816105e-09
1818 3.840967e-09
1819 2.453083e-09
1820 1.572812e-09
1821 1.016652e-09
1822 6.687538e-10
1823 4.441103e-10
1824 2.929810e-10
1825 1.887595e-10
1826 1.172143e-10
1827 6.969455e-11
1828 3.956393e-11
1829 2.159659e-11
1830 1.813388e-08
1831 1.342604e-08
1832 9.566349e-09
1833 6.539862e-09
1834 4.225098e-09
1835 2.688782e-09
1836 1.717220e-09
1837 1.112122e-09
1838 7.319943e-10
1839 4.845983e-10
1840 3.172201e-10
1841 2.020310e-10
1842 1.237833e-10
1843 7.249587e-11
1844 4.062832e-11
1845 2.483011e-08
1846 1.885069e-08
1847 1.364933e-08
1848 9.541389e-09
1849 6.321039e-09
1850 4.007395e-09
1851 2.550930e-09
1852 1.629559e-09
1853 1.060392e-09
1854 6.990551e-10
1855 4.601645e-10
1856 2.973703e-10
1857 1.859768e-10
1858 1.115388e-10
1859 6.395898e-11
1860 3.181166e-08
1861 2.476833e-08
1862 1.822263e-08
1863 1.292458e-08
1864 8.770558e-09
1865 5.606071e-09
1866 3.551140e-09
1867 2.248373e-09
1868 1.447112e-09
1869 9.466249e-10
1870 6.230698e-10
1871 4.059502e-10
1872 2.576405e-10
1873 1.574319e-10
1874 9.212008e-11
1875 3.932234e-08
1876 3.140488e-08
1877 2.352157e-08
1878 1.688164e-08
1879 1.167382e-08
1880 7.600065e-09
1881 4.784162e-09
1882 3.022356e-09
1883 1.923404e-09
1884 1.245486e-09
1885 8.163919e-10
1886 5.337906e-10
1887 3.423839e-10
1888 2.124262e-10
1889 1.265756e-10
1890 4.764811e-08
1891 3.904896e-08
1892 2.985227e-08
1893 2.169215e-08
1894 1.521811e-08
1895 1.012994e-08
1896 6.380069e-09
1897 4.025674e-09
1898 2.533119e-09
1899 1.622811e-09
1900 1.056032e-09
1901 6.901060e-10
1902 4.456769e-10
1903 2.800344e-10
1904 1.695790e-10
1905 5.725707e-08
1906 4.817502e-08
1907 3.770969e-08
1908 2.782597e-08
1909 1.976140e-08
1910 1.343958e-08
1911 8.569185e-09
1912 5.375770e-09
1913 3.360431e-09
1914 2.128483e-09
1915 1.370744e-09
1916 8.917385e-10
1917 5.776778e-10
1918 3.665951e-10
1919 2.252470e-10
1920 6.950524e-08
1921 6.022244e-08
1922 4.851916e-08
1923 3.657658e-08
1924 2.632869e-08
1925 1.826282e-08
1926 1.193206e-08
1927 7.447079e-09
1928 4.651048e-09
1929 2.904886e-09
1930 1.843530e-09
1931 1.187466e-09
1932 7.677077e-10
1933 4.904028e-10
1934 3.053650e-10
1935 9.138044e-08
1936 8.270037e-08
1937 6.982438e-08
1938 5.491907e-08
1939 4.068452e-08
1940 2.891362e-08
1941 1.965701e-08
1942 1.254614e-08
1943 7.791180e-09
1944 4.802697e-09
1945 2.975743e-09
1946 1.869746e-09
1947 1.188915e-09
1948 7.566982e-10
1949 4.756706e-10
1950 2.107533e-07
1951 2.157936e-07
1952 2.100488e-07
1953 1.925257e-07
1954 1.647544e-07
1955 1.310481e-07
1956 9.765099e-08
1957 6.947410e-08
1958 4.737990e-08
1959 3.002918e-08
1960 1.809345e-08
1961 1.069262e-08
1962 6.216291e-09
1963 3.596040e-09
1964 2.090017e-09
