0 2.997196e-09
1 2.052899e-09
2 1.356889e-09
3 8.844491e-10
4 5.836479e-10
5 3.921530e-10
6 2.684804e-10
7 1.849628e-10
8 1.259025e-10
9 8.315713e-11
10 5.248556e-11
11 3.133067e-11
12 1.759725e-11
13 9.320312e-12
14 4.708568e-12
15 4.890908e-09
16 3.421471e-09
17 2.299872e-09
18 1.494741e-09
19 9.740721e-10
20 6.443487e-10
21 4.359065e-10
22 2.995248e-10
23 2.058666e-10
24 1.387828e-10
25 9.012301e-11
26 5.561713e-11
27 3.233587e-11
28 1.765530e-11
29 9.113785e-12
30 5.463525e-09
31 3.836891e-09
32 2.590946e-09
33 1.684200e-09
34 1.094407e-09
35 7.219166e-10
36 4.868953e-10
37 3.341608e-10
38 2.300016e-10
39 1.556305e-10
40 1.016385e-10
41 6.315206e-11
42 3.696641e-11
43 2.030963e-11
44 1.053038e-11
45 5.783114e-09
46 4.069144e-09
47 2.753486e-09
48 1.790097e-09
49 1.161578e-09
50 7.651498e-10
51 5.153611e-10
52 3.535171e-10
53 2.434651e-10
54 1.650454e-10
55 1.080603e-10
56 6.734385e-11
57 3.956341e-11
58 2.179217e-11
59 1.132093e-11
60 5.998934e-09
61 4.226704e-09
62 2.863453e-09
63 1.861619e-09
64 1.207080e-09
65 7.944111e-10
66 5.345751e-10
67 3.666271e-10
68 2.525953e-10
69 1.714033e-10
70 1.124162e-10
71 7.019561e-11
72 4.130345e-11
73 2.279423e-11
74 1.185683e-11
75 6.162531e-09
76 4.345907e-09
77 2.946973e-09
78 1.915926e-09
79 1.241589e-09
80 8.166484e-10
81 5.491650e-10
82 3.764951e-10
83 2.594648e-10
84 1.761923e-10
85 1.156957e-10
86 7.234007e-11
87 4.262634e-11
88 2.355445e-11
89 1.226322e-11
90 6.295087e-09
91 4.441904e-09
92 3.014101e-09
93 1.959883e-09
94 1.269534e-09
95 8.345891e-10
96 5.610169e-10
97 3.845355e-10
98 2.651001e-10
99 1.801409e-10
100 1.183844e-10
101 7.408844e-11
102 4.369869e-11
103 2.416976e-11
104 1.259188e-11
105 6.404789e-09
106 4.521606e-09
107 3.070043e-09
108 1.996073e-09
109 1.292588e-09
110 8.493849e-10
111 5.706787e-10
112 3.911313e-10
113 2.696803e-10
114 1.833426e-10
115 1.205792e-10
116 7.551835e-11
117 4.458371e-11
118 2.467882e-11
119 1.286331e-11
120 6.499574e-09
121 4.590320e-09
122 3.119111e-09
123 2.027946e-09
124 1.312381e-09
125 8.624572e-10
126 5.792039e-10
127 3.969236e-10
128 2.736942e-10
129 1.861349e-10
130 1.224886e-10
131 7.676490e-11
132 4.534387e-11
133 2.511490e-11
134 1.309581e-11
135 6.622739e-09
136 4.680687e-09
137 3.180861e-09
138 2.068342e-09
139 1.338397e-09
140 8.789373e-10
141 5.902161e-10
142 4.043926e-10
143 2.789202e-10
144 1.897738e-10
145 1.249599e-10
146 7.839218e-11
147 4.635606e-11
148 2.569074e-11
149 1.340357e-11
150 1.041445e-08
151 7.541355e-09
152 5.267319e-09
153 3.520203e-09
154 2.268384e-09
155 1.471158e-09
156 9.661453e-10
157 6.501311e-10
158 4.449424e-10
159 3.049610e-10
160 2.051760e-10
161 1.330826e-10
162 8.203912e-11
163 4.760538e-11
164 2.594222e-11
165 1.287034e-08
166 9.419851e-09
167 6.646162e-09
168 4.498840e-09
169 2.908518e-09
170 1.875378e-09
171 1.222684e-09
172 8.155249e-10
173 5.552517e-10
174 3.807276e-10
175 2.578637e-10
176 1.692395e-10
177 1.059434e-10
178 6.257523e-11
179 3.469454e-11
180 1.422998e-08
181 1.046010e-08
182 7.409304e-09
183 5.039827e-09
184 3.261641e-09
185 2.098085e-09
186 1.363743e-09
187 9.067629e-10
188 6.159984e-10
189 4.225991e-10
190 2.869976e-10
191 1.891980e-10
192 1.191636e-10
193 7.083765e-11
194 3.952534e-11
195 1.514967e-08
196 1.116389e-08
197 7.925042e-09
198 5.406169e-09
199 3.501233e-09
200 2.248716e-09
201 1.459419e-09
202 9.686132e-10
203 6.573065e-10
204 4.509377e-10
205 3.067139e-10
206 2.027793e-10
207 1.281098e-10
208 7.643173e-11
209 4.279587e-11
210 1.584614e-08
211 1.169596e-08
212 8.315135e-09
213 5.683245e-09
214 3.682369e-09
215 2.363322e-09
216 1.532170e-09
217 1.015359e-09
218 6.885747e-10
219 4.724407e-10
220 3.216715e-10
221 2.130082e-10
222 1.348999e-10
223 8.068037e-11
224 4.527692e-11
225 1.641445e-08
226 1.213000e-08
227 8.633545e-09
228 5.908286e-09
229 3.829189e-09
230 2.455922e-09
231 1.590866e-09
232 1.053432e-09
233 7.139203e-10
234 4.898932e-10
235 3.338052e-10
236 2.213388e-10
237 1.404022e-10
238 8.412441e-11
239 4.729088e-11
240 1.688064e-08
241 1.248649e-08
242 8.895562e-09
243 6.094653e-09
244 3.951025e-09
245 2.532445e-09
246 1.639667e-09
247 1.084743e-09
248 7.347778e-10
249 5.042920e-10
250 3.438051e-10
251 2.281712e-10
252 1.449206e-10
253 8.696262e-11
254 4.895103e-11
255 1.729315e-08
256 1.280183e-08
257 9.125954e-09
258 6.258071e-09
259 4.057330e-09
260 2.599793e-09
261 1.682102e-09
262 1.112486e-09
263 7.532824e-10
264 5.169210e-10
265 3.526504e-10
266 2.342514e-10
267 1.489409e-10
268 8.947016e-11
269 5.040418e-11
270 1.780835e-08
271 1.319657e-08
272 9.415539e-09
273 6.462835e-09
274 4.192168e-09
275 2.685444e-09
276 1.736533e-09
277 1.147333e-09
278 7.764519e-10
279 5.328786e-10
280 3.636763e-10
281 2.418326e-10
282 1.539515e-10
283 9.260038e-11
284 5.224299e-11
285 1.742445e-08
286 1.305715e-08
287 9.367151e-09
288 6.477494e-09
289 4.272804e-09
290 2.735712e-09
291 1.768640e-09
292 1.159248e-09
293 7.779676e-10
294 5.301919e-10
295 3.607376e-10
296 2.403224e-10
297 1.540324e-10
298 9.374287e-11
299 5.373828e-11
300 2.018082e-08
301 1.528739e-08
302 1.104938e-08
303 7.702105e-09
304 5.127662e-09
305 3.280102e-09
306 2.113346e-09
307 1.375280e-09
308 9.172500e-10
309 6.229487e-10
310 4.242562e-10
311 2.841044e-10
312 1.837547e-10
313 1.131429e-10
314 6.569592e-11
315 2.203062e-08
316 1.678459e-08
317 1.217498e-08
318 8.522721e-09
319 5.700296e-09
320 3.643935e-09
321 2.343483e-09
322 1.519514e-09
323 1.010201e-09
324 6.849608e-10
325 4.667381e-10
326 3.135035e-10
327 2.036856e-10
328 1.261596e-10
329 7.370665e-11
330 2.343539e-08
331 1.791935e-08
332 1.302878e-08
333 9.145048e-09
334 6.132712e-09
335 3.919622e-09
336 2.518002e-09
337 1.628970e-09
338 1.080762e-09
339 7.320372e-10
340 4.989619e-10
341 3.357432e-10
342 2.187621e-10
343 1.359991e-10
344 7.976903e-11
345 2.458075e-08
346 1.884013e-08
347 1.372214e-08
348 9.648865e-09
349 6.485587e-09
350 4.144004e-09
351 2.659722e-09
352 1.717812e-09
353 1.138054e-09
354 7.703222e-10
355 5.251662e-10
356 3.537740e-10
357 2.310334e-10
358 1.439773e-10
359 8.470197e-11
360 2.551547e-08
361 1.959861e-08
362 1.429301e-08
363 1.006569e-08
364 6.776606e-09
365 4.329133e-09
366 2.776400e-09
367 1.790761e-09
368 1.185289e-09
369 8.016151e-10
370 5.467430e-10
371 3.687055e-10
372 2.411501e-10
373 1.505698e-10
374 8.876142e-11
375 2.634074e-08
376 2.026722e-08
377 1.479571e-08
378 1.043187e-08
379 7.031065e-09
380 4.490681e-09
381 2.879208e-09
382 1.854984e-09
383 1.226732e-09
384 8.293401e-10
385 5.656600e-10
386 3.817640e-10
387 2.500052e-10
388 1.563735e-10
389 9.232689e-11
390 2.738322e-08
391 2.111011e-08
392 1.543049e-08
393 1.089333e-08
394 7.353163e-09
395 4.695529e-09
396 3.008500e-09
397 1.936528e-09
398 1.279137e-09
399 8.643452e-10
400 5.895862e-10
401 3.983342e-10
402 2.612615e-10
403 1.636849e-10
404 9.685149e-11
405 2.445084e-08
406 1.889499e-08
407 1.384789e-08
408 9.766007e-09
409 6.608502e-09
410 4.262887e-09
411 2.726221e-09
412 1.759943e-09
413 1.160038e-09
414 7.805397e-10
415 5.300885e-10
416 3.566083e-10
417 2.332815e-10
418 1.460912e-10
419 8.661907e-11
420 2.741628e-08
421 2.141603e-08
422 1.581121e-08
423 1.121786e-08
424 7.651249e-09
425 4.960105e-09
426 3.160516e-09
427 2.033515e-09
428 1.331858e-09
429 8.917559e-10
430 6.045328e-10
431 4.075603e-10
432 2.680430e-10
433 1.692488e-10
434 1.013931e-10
435 2.965339e-08
436 2.331164e-08
437 1.728540e-08
438 1.230442e-08
439 8.431353e-09
440 5.480587e-09
441 3.484450e-09
442 2.237553e-09
443 1.460352e-09
444 9.748869e-10
445 6.602199e-10
446 4.456953e-10
447 2.941340e-10
448 1.866393e-10
449 1.124101e-10
450 3.146962e-08
451 2.485245e-08
452 1.848483e-08
453 1.318943e-08
454 9.065536e-09
455 5.904304e-09
456 3.747842e-09
457 2.403638e-09
458 1.564731e-09
459 1.042471e-09
460 7.055095e-10
461 4.766301e-10
462 3.152680e-10
463 2.007052e-10
464 1.213941e-10
465 3.296498e-08
466 2.611979e-08
467 1.947041e-08
468 1.391821e-08
469 9.588247e-09
470 6.253449e-09
471 3.964980e-09
472 2.540025e-09
473 1.650718e-09
474 1.098156e-09
475 7.428129e-10
476 5.021822e-10
477 3.327273e-10
478 2.123257e-10
479 1.288083e-10
480 3.427555e-08
481 2.723339e-08
482 2.033739e-08
483 1.455890e-08
484 1.004790e-08
485 6.559885e-09
486 4.155813e-09
487 2.660245e-09
488 1.726377e-09
489 1.147088e-09
490 7.755999e-10
491 5.246382e-10
492 3.480514e-10
493 2.225341e-10
494 1.352861e-10
495 3.593061e-08
496 2.863407e-08
497 2.143081e-08
498 1.536407e-08
499 1.062843e-08
500 6.948115e-09
501 4.397483e-09
502 2.812322e-09
503 1.822087e-09
504 1.208870e-09
505 8.170123e-10
506 5.529649e-10
507 3.674205e-10
508 2.354260e-10
509 1.434799e-10
510 3.161362e-08
511 2.512016e-08
512 1.879389e-08
513 1.345853e-08
514 9.279728e-09
515 6.090428e-09
516 3.872442e-09
517 2.481548e-09
518 1.608793e-09
519 1.067457e-09
520 7.196303e-10
521 4.851308e-10
522 3.208735e-10
523 2.047668e-10
524 1.244605e-10
525 3.482054e-08
526 2.795170e-08
527 2.108201e-08
528 1.517822e-08
529 1.053006e-08
530 6.958428e-09
531 4.421275e-09
532 2.825831e-09
533 1.821665e-09
534 1.202464e-09
535 8.079502e-10
536 5.445971e-10
537 3.613871e-10
538 2.319967e-10
539 1.421173e-10
540 3.741271e-08
541 3.023844e-08
542 2.292411e-08
543 1.656063e-08
544 1.153524e-08
545 7.656099e-09
546 4.860758e-09
547 3.102264e-09
548 1.992522e-09
549 1.310812e-09
550 8.789474e-10
551 5.923920e-10
552 3.939490e-10
553 2.538995e-10
554 1.563633e-10
555 3.954533e-08
556 3.212300e-08
557 2.444408e-08
558 1.770241e-08
559 1.236520e-08
560 8.232757e-09
561 5.223820e-09
562 3.330469e-09
563 2.133457e-09
564 1.400251e-09
565 9.375335e-10
566 6.318791e-10
567 4.208334e-10
568 2.719730e-10
569 1.681255e-10
570 4.141376e-08
571 3.377704e-08
572 2.577500e-08
573 1.870288e-08
574 1.309185e-08
575 8.736846e-09
576 5.541451e-09
577 3.530199e-09
578 2.256856e-09
579 1.478628e-09
580 9.888883e-10
581 6.665076e-10
582 4.443978e-10
583 2.878416e-10
584 1.783898e-10
585 4.378155e-08
586 3.586779e-08
587 2.746329e-08
588 1.996875e-08
589 1.401355e-08
590 9.377414e-09
591 5.946529e-09
592 3.784105e-09
593 2.413723e-09
594 1.577889e-09
595 1.053959e-09
596 7.103176e-10
597 4.742520e-10
598 3.079030e-10
599 1.914282e-10
600 3.911146e-08
601 3.188102e-08
602 2.435538e-08
603 1.769424e-08
604 1.237663e-08
605 8.271490e-09
606 5.277283e-09
607 3.357218e-09
608 2.150324e-09
609 1.407277e-09
610 9.390500e-10
611 6.312492e-10
612 4.198146e-10
613 2.713438e-10
614 1.679959e-10
615 4.260958e-08
616 3.507627e-08
617 2.702605e-08
618 1.974460e-08
619 1.388207e-08
620 9.342575e-09
621 5.976717e-09
622 3.790949e-09
623 2.418785e-09
624 1.574699e-09
625 1.046014e-09
626 7.018471e-10
627 4.674048e-10
628 3.033918e-10
629 1.890962e-10
630 4.548069e-08
631 3.769713e-08
632 2.921485e-08
633 2.142513e-08
634 1.511527e-08
635 1.021917e-08
636 6.547753e-09
637 4.145145e-09
638 2.637973e-09
639 1.711119e-09
640 1.133456e-09
641 7.597099e-10
642 5.064218e-10
643 3.296655e-10
644 2.064004e-10
645 4.799549e-08
646 3.999986e-08
647 3.113050e-08
648 2.290070e-08
649 1.619638e-08
650 1.098815e-08
651 7.049776e-09
652 4.456108e-09
653 2.830328e-09
654 1.831212e-09
655 1.210196e-09
656 8.104351e-10
657 5.406323e-10
658 3.527021e-10
659 2.215255e-10
660 5.118103e-08
661 4.291300e-08
662 3.356509e-08
663 2.476699e-08
664 1.756755e-08
665 1.196349e-08
666 7.685985e-09
667 4.849722e-09
668 3.074089e-09
669 1.983277e-09
670 1.307457e-09
671 8.747228e-10
672 5.839854e-10
673 3.819134e-10
674 2.407306e-10
675 4.713232e-08
676 3.933499e-08
677 3.069771e-08
678 2.263911e-08
679 1.602914e-08
680 1.089077e-08
681 7.022470e-09
682 4.438593e-09
683 2.822105e-09
684 1.821879e-09
685 1.200948e-09
686 8.020866e-10
687 5.340250e-10
688 3.480363e-10
689 2.186272e-10
690 5.086887e-08
691 4.285623e-08
692 3.373273e-08
693 2.503461e-08
694 1.780929e-08
695 1.217366e-08
696 7.890130e-09
697 4.975886e-09
698 3.156859e-09
699 2.026913e-09
700 1.329438e-09
701 8.851231e-10
702 5.891129e-10
703 3.849696e-10
704 2.430855e-10
705 5.413384e-08
706 4.593480e-08
707 3.638692e-08
708 2.712638e-08
709 1.936044e-08
710 1.329235e-08
711 8.645722e-09
712 5.444272e-09
713 3.448517e-09
714 2.205838e-09
715 1.441475e-09
716 9.575458e-10
717 6.372679e-10
718 4.172417e-10
719 2.644080e-10
720 5.827521e-08
721 4.983580e-08
722 3.975092e-08
723 2.977814e-08
724 2.133035e-08
725 1.471288e-08
726 9.605935e-09
727 6.038058e-09
728 3.818665e-09
729 2.432240e-09
730 1.583451e-09
731 1.049461e-09
732 6.983150e-10
733 4.581288e-10
734 2.914869e-10
735 5.556007e-08
736 4.739101e-08
737 3.776232e-08
738 2.829212e-08
739 2.026166e-08
740 1.395759e-08
741 9.128776e-09
742 5.755420e-09
743 3.640925e-09
744 2.320496e-09
745 1.510641e-09
746 1.000050e-09
747 6.641151e-10
748 4.347533e-10
749 2.760227e-10
750 5.968485e-08
751 5.138731e-08
752 4.130976e-08
753 3.117408e-08
754 2.243275e-08
755 1.553585e-08
756 1.022595e-08
757 6.447187e-09
758 4.070159e-09
759 2.580850e-09
760 1.671329e-09
761 1.101810e-09
762 7.304994e-10
763 4.787389e-10
764 3.050979e-10
765 6.491982e-08
766 5.644506e-08
767 4.580193e-08
768 3.481404e-08
769 2.517632e-08
770 1.753296e-08
771 1.161445e-08
772 7.320894e-09
773 4.611897e-09
774 2.909886e-09
775 1.874357e-09
776 1.230480e-09
777 8.143638e-10
778 5.344022e-10
779 3.418969e-10
780 6.478544e-08
781 5.643762e-08
782 4.591453e-08
783 3.500457e-08
784 2.537007e-08
785 1.768834e-08
786 1.175134e-08
787 7.433470e-09
788 4.676666e-09
789 2.949498e-09
790 1.895855e-09
791 1.241260e-09
792 8.196292e-10
793 5.370820e-10
794 3.434678e-10
795 7.130133e-08
796 6.289287e-08
797 5.181592e-08
798 3.992721e-08
799 2.915203e-08
800 2.046408e-08
801 1.371838e-08
802 8.709569e-09
803 5.461347e-09
804 3.427519e-09
805 2.186480e-09
806 1.421304e-09
807 9.345772e-10
808 6.121231e-10
809 3.927945e-10
810 7.992119e-08
811 7.168556e-08
812 6.012730e-08
813 4.711074e-08
814 3.482610e-08
815 2.467818e-08
816 1.675598e-08
817 1.075872e-08
818 6.720622e-09
819 4.200383e-09
820 2.648645e-09
821 1.700860e-09
822 1.108004e-09
823 7.226592e-10
824 4.643476e-10
825 5.127932e-07
826 4.100789e-07
827 3.092348e-07
828 2.346338e-07
829 1.585031e-07
830 9.938986e-08
831 6.235458e-08
832 3.881527e-08
833 0.000000e+00
834 0.000000e+00
835 0.000000e+00
836 0.000000e+00
837 0.000000e+00
838 0.000000e+00
839 0.000000e+00
840 6.552292e-07
841 5.271399e-07
842 3.977980e-07
843 3.017721e-07
844 2.059030e-07
845 1.288301e-07
846 8.104164e-08
847 5.034045e-08
848 0.000000e+00
849 0.000000e+00
850 0.000000e+00
851 0.000000e+00
852 0.000000e+00
853 0.000000e+00
854 0.000000e+00
855 7.517817e-07
856 6.064810e-07
857 4.578200e-07
858 3.472593e-07
859 2.380267e-07
860 1.487817e-07
861 9.370575e-08
862 5.815196e-08
863 0.000000e+00
864 0.000000e+00
865 0.000000e+00
866 0.000000e+00
867 0.000000e+00
868 0.000000e+00
869 0.000000e+00
870 8.249141e-07
871 6.665556e-07
872 5.032663e-07
873 3.817257e-07
874 2.623624e-07
875 1.638951e-07
876 1.033002e-07
877 6.406870e-08
878 0.000000e+00
879 0.000000e+00
880 0.000000e+00
881 0.000000e+00
882 0.000000e+00
883 0.000000e+00
884 0.000000e+00
885 8.842559e-07
886 7.153277e-07
887 5.401628e-07
888 4.096929e-07
889 2.821132e-07
890 1.761612e-07
891 1.110859e-07
892 6.887074e-08
893 0.000000e+00
894 0.000000e+00
895 0.000000e+00
896 0.000000e+00
897 0.000000e+00
898 0.000000e+00
899 0.000000e+00
900 9.331793e-07
901 7.555247e-07
902 5.705703e-07
903 4.327445e-07
904 2.983899e-07
905 1.862705e-07
906 1.175031e-07
907 7.282890e-08
908 0.000000e+00
909 0.000000e+00
910 0.000000e+00
911 0.000000e+00
912 0.000000e+00
913 0.000000e+00
914 0.000000e+00
915 9.760888e-07
916 7.907866e-07
917 5.972461e-07
918 4.529669e-07
919 3.126698e-07
920 1.951382e-07
921 1.231322e-07
922 7.630080e-08
923 0.000000e+00
924 0.000000e+00
925 0.000000e+00
926 0.000000e+00
927 0.000000e+00
928 0.000000e+00
929 0.000000e+00
930 1.030416e-06
931 8.354526e-07
932 6.310438e-07
933 4.785885e-07
934 3.307608e-07
935 2.063735e-07
936 1.302641e-07
937 8.069993e-08
938 0.000000e+00
939 0.000000e+00
940 0.000000e+00
941 0.000000e+00
942 0.000000e+00
943 0.000000e+00
944 0.000000e+00
945 2.379150e-07
946 2.234552e-07
947 1.830095e-07
948 1.367059e-07
949 1.048458e-07
950 7.392499e-08
951 4.522356e-08
952 2.796114e-08
953 1.711325e-08
954 0.000000e+00
955 0.000000e+00
956 0.000000e+00
957 0.000000e+00
958 0.000000e+00
959 0.000000e+00
960 3.436092e-07
961 3.241693e-07
962 2.668183e-07
963 1.996207e-07
964 1.527900e-07
965 1.086664e-07
966 6.623746e-08
967 4.117031e-08
968 2.515165e-08
969 0.000000e+00
970 0.000000e+00
971 0.000000e+00
972 0.000000e+00
973 0.000000e+00
974 0.000000e+00
975 4.233691e-07
976 4.001601e-07
977 3.300375e-07
978 2.470731e-07
979 1.889547e-07
980 1.348634e-07
981 8.208269e-08
982 5.112791e-08
983 3.121206e-08
984 0.000000e+00
985 0.000000e+00
986 0.000000e+00
987 0.000000e+00
988 0.000000e+00
989 0.000000e+00
990 4.881220e-07
991 4.618532e-07
992 3.813613e-07
993 2.855967e-07
994 2.183146e-07
995 1.561316e-07
996 9.494642e-08
997 5.921240e-08
998 3.613220e-08
999 0.000000e+00
1000 0.000000e+00
1001 0.000000e+00
1002 0.000000e+00
1003 0.000000e+00
1004 0.000000e+00
1005 5.414685e-07
1006 5.126774e-07
1007 4.236441e-07
1008 3.173342e-07
1009 2.425025e-07
1010 1.736533e-07
1011 1.055441e-07
1012 6.587254e-08
1013 4.018564e-08
1014 0.000000e+00
1015 0.000000e+00
1016 0.000000e+00
1017 0.000000e+00
1018 0.000000e+00
1019 0.000000e+00
1020 5.882794e-07
1021 5.572749e-07
1022 4.607464e-07
1023 3.451831e-07
1024 2.637270e-07
1025 1.890281e-07
1026 1.148434e-07
1027 7.171657e-08
1028 4.374245e-08
1029 0.000000e+00
1030 0.000000e+00
1031 0.000000e+00
1032 0.000000e+00
1033 0.000000e+00
1034 0.000000e+00
1035 6.475909e-07
1036 6.137798e-07
1037 5.077552e-07
1038 3.804680e-07
1039 2.906184e-07
1040 2.085098e-07
1041 1.266257e-07
1042 7.912107e-08
1043 4.824896e-08
1044 0.000000e+00
1045 0.000000e+00
1046 0.000000e+00
1047 0.000000e+00
1048 0.000000e+00
1049 0.000000e+00
1050 1.272343e-07
1051 1.299032e-07
1052 1.176945e-07
1053 9.282812e-08
1054 6.891939e-08
1055 5.348984e-08
1056 3.459782e-08
1057 2.209287e-08
1058 1.306014e-08
1059 7.876243e-09
1060 0.000000e+00
1061 0.000000e+00
1062 0.000000e+00
1063 0.000000e+00
1064 0.000000e+00
1065 2.055817e-07
1066 2.105801e-07
1067 1.916781e-07
1068 1.518357e-07
1069 1.127258e-07
1070 8.741121e-08
1071 5.716308e-08
1072 3.624158e-08
1073 2.145827e-08
1074 1.294777e-08
1075 0.000000e+00
1076 0.000000e+00
1077 0.000000e+00
1078 0.000000e+00
1079 0.000000e+00
1080 2.684576e-07
1081 2.752980e-07
1082 2.509994e-07
1083 1.991324e-07
1084 1.478317e-07
1085 1.145999e-07
1086 7.523179e-08
1087 4.758229e-08
1088 2.818563e-08
1089 1.701065e-08
1090 0.000000e+00
1091 0.000000e+00
1092 0.000000e+00
1093 0.000000e+00
1094 0.000000e+00
1095 3.202627e-07
1096 3.286243e-07
1097 2.998790e-07
1098 2.380935e-07
1099 1.767588e-07
1100 1.370031e-07
1101 9.011906e-08
1102 5.692535e-08
1103 3.372761e-08
1104 2.035815e-08
1105 0.000000e+00
1106 0.000000e+00
1107 0.000000e+00
1108 0.000000e+00
1109 0.000000e+00
1110 3.657116e-07
1111 3.754077e-07
1112 3.427613e-07
1113 2.722795e-07
1114 2.021366e-07
1115 1.566575e-07
1116 1.031797e-07
1117 6.512208e-08
1118 3.859018e-08
1119 2.329493e-08
1120 0.000000e+00
1121 0.000000e+00
1122 0.000000e+00
1123 0.000000e+00
1124 0.000000e+00
1125 4.232917e-07
1126 4.346915e-07
1127 3.971016e-07
1128 3.155766e-07
1129 2.342953e-07
1130 1.815635e-07
1131 1.197301e-07
1132 7.550891e-08
1133 4.475200e-08
1134 2.701641e-08
1135 0.000000e+00
1136 0.000000e+00
1137 0.000000e+00
1138 0.000000e+00
1139 0.000000e+00
1140 1.367631e-07
1141 1.468719e-07
1142 1.430572e-07
1143 1.216682e-07
1144 9.180420e-08
1145 6.934261e-08
1146 5.214986e-08
1147 3.065166e-08
1148 1.951402e-08
1149 1.157698e-08
1150 6.848657e-09
1151 0.000000e+00
1152 0.000000e+00
1153 0.000000e+00
1154 0.000000e+00
1155 1.857490e-07
1156 1.996436e-07
1157 1.947007e-07
1158 1.658417e-07
1159 1.252306e-07
1160 9.453278e-08
1161 7.121269e-08
1162 4.187568e-08
1163 2.670653e-08
1164 1.583338e-08
1165 9.355007e-09
1166 0.000000e+00
1167 0.000000e+00
1168 0.000000e+00
1169 0.000000e+00
1170 2.287253e-07
1171 2.459484e-07
1172 2.399994e-07
1173 2.045880e-07
1174 1.545567e-07
1175 1.166281e-07
1176 8.793270e-08
1177 5.172080e-08
1178 3.301697e-08
1179 1.956722e-08
1180 1.155396e-08
1181 0.000000e+00
1182 0.000000e+00
1183 0.000000e+00
1184 0.000000e+00
1185 2.831857e-07
1186 3.046105e-07
1187 2.974065e-07
1188 2.536829e-07
1189 1.917093e-07
1190 1.446247e-07
1191 1.091236e-07
1192 6.419815e-08
1193 4.101620e-08
1194 2.429931e-08
1195 1.433970e-08
1196 0.000000e+00
1197 0.000000e+00
1198 0.000000e+00
1199 0.000000e+00
1200 9.740163e-08
1201 1.080055e-07
1202 1.102351e-07
1203 9.966239e-08
1204 7.832641e-08
1205 5.810068e-08
1206 4.521599e-08
1207 2.879463e-08
1208 1.846873e-08
1209 1.069520e-08
1210 6.271870e-09
1211 0.000000e+00
1212 0.000000e+00
1213 0.000000e+00
1214 0.000000e+00
1215 1.375213e-07
1216 1.525881e-07
1217 1.558812e-07
1218 1.411155e-07
1219 1.110297e-07
1220 8.234953e-08
1221 6.408041e-08
1222 4.093516e-08
1223 2.620731e-08
1224 1.517457e-08
1225 8.904567e-09
1226 0.000000e+00
1227 0.000000e+00
1228 0.000000e+00
1229 0.000000e+00
1230 1.883647e-07
1231 2.090892e-07
1232 2.137313e-07
1233 1.936459e-07
1234 1.524745e-07
1235 1.130782e-07
1236 8.798724e-08
1237 5.631738e-08
1238 3.601377e-08
1239 2.085090e-08
1240 1.224076e-08
1241 0.000000e+00
1242 0.000000e+00
1243 0.000000e+00
1244 0.000000e+00
1245 7.513525e-08
1246 8.530745e-08
1247 9.007358e-08
1248 8.547175e-08
1249 7.041721e-08
1250 5.242924e-08
1251 4.020272e-08
1252 2.875317e-08
1253 1.703554e-08
1254 1.018858e-08
1255 5.993939e-09
1256 0.000000e+00
1257 0.000000e+00
1258 0.000000e+00
1259 0.000000e+00
1260 1.222454e-07
1261 1.388761e-07
1262 1.467561e-07
1263 1.394276e-07
1264 1.150244e-07
1265 8.567603e-08
1266 6.565558e-08
1267 4.708248e-08
1268 2.784731e-08
1269 1.669213e-08
1270 9.814067e-09
1271 0.000000e+00
1272 0.000000e+00
1273 0.000000e+00
1274 0.000000e+00
1275 7.540907e-08
1276 8.721979e-08
1277 9.451945e-08
1278 9.317262e-08
1279 8.031794e-08
1280 6.095819e-08
1281 4.579488e-08
1282 3.502280e-08
1283 2.040782e-08
1284 1.312478e-08
1285 7.585091e-09
1286 4.261764e-09
1287 0.000000e+00
1288 0.000000e+00
1289 0.000000e+00
1290 4.053011e-08
1291 4.757640e-08
1292 5.261758e-08
1293 5.343530e-08
1294 4.792297e-08
1295 3.737439e-08
1296 2.774508e-08
1297 2.163551e-08
1298 1.340382e-08
1299 8.677598e-09
1300 4.940419e-09
1301 2.785338e-09
1302 0.000000e+00
1303 0.000000e+00
1304 0.000000e+00
1305 3.940175e-05
1306 3.178417e-05
1307 2.392594e-05
1308 1.821112e-05
1309 1.249453e-05
1310 7.787071e-06
1311 4.897774e-06
1312 3.041009e-06
1313 0.000000e+00
1314 0.000000e+00
1315 0.000000e+00
1316 0.000000e+00
1317 0.000000e+00
1318 0.000000e+00
1319 0.000000e+00
1320 2.252216e-05
1321 2.138183e-05
1322 1.769402e-05
1323 1.323488e-05
1324 1.011448e-05
1325 7.289379e-06
1326 4.396439e-06
1327 2.741257e-06
1328 1.675325e-06
1329 0.000000e+00
1330 0.000000e+00
1331 0.000000e+00
1332 0.000000e+00
1333 0.000000e+00
1334 0.000000e+00
1335 1.469436e-05
1336 1.510915e-05
1337 1.381960e-05
1338 1.098539e-05
1339 8.146951e-06
1340 6.322677e-06
1341 4.171439e-06
1342 2.636106e-06
1343 1.556119e-06
1344 9.411489e-07
1345 0.000000e+00
1346 0.000000e+00
1347 0.000000e+00
1348 0.000000e+00
1349 0.000000e+00
1350 1.001292e-05
1351 1.078030e-05
1352 1.053824e-05
1353 8.998718e-06
1354 6.799325e-06
1355 5.125878e-06
1356 3.880343e-06
1357 2.272610e-06
1358 1.456987e-06
1359 8.628799e-07
1360 5.082520e-07
1361 0.000000e+00
1362 0.000000e+00
1363 0.000000e+00
1364 0.000000e+00
1365 7.094408e-06
1366 7.881125e-06
1367 8.064855e-06
1368 7.316681e-06
1369 5.764938e-06
1370 4.272919e-06
1371 3.327603e-06
1372 2.132887e-06
1373 1.365388e-06
1374 7.891467e-07
1375 4.638319e-07
1376 0.000000e+00
1377 0.000000e+00
1378 0.000000e+00
1379 0.000000e+00
1380 5.188898e-06
1381 5.899103e-06
1382 6.240108e-06
1383 5.936729e-06
1384 4.903842e-06
1385 3.652640e-06
1386 2.797672e-06
1387 2.013171e-06
1388 1.186813e-06
1389 7.118568e-07
1390 4.184059e-07
1391 0.000000e+00
1392 0.000000e+00
1393 0.000000e+00
1394 0.000000e+00
1395 3.886006e-06
1396 4.497841e-06
1397 4.879104e-06
1398 4.816424e-06
1399 4.158814e-06
1400 3.158551e-06
1401 2.371010e-06
1402 1.817460e-06
1403 1.058343e-06
1404 6.829041e-07
1405 3.945103e-07
1406 2.210155e-07
1407 0.000000e+00
1408 0.000000e+00
1409 0.000000e+00
1410 2.701118e-06
1411 3.173467e-06
1412 3.513854e-06
1413 3.574547e-06
1414 3.213053e-06
1415 2.509919e-06
1416 1.862182e-06
1417 1.453024e-06
1418 9.040054e-07
1419 5.848640e-07
1420 3.326153e-07
1421 1.878397e-07
1422 0.000000e+00
1423 0.000000e+00
1424 0.000000e+00
1425 1.550964e-06
1426 1.849250e-06
1427 2.088812e-06
1428 2.186938e-06
1429 2.047884e-06
1430 1.661915e-06
1431 1.232617e-06
1432 9.526437e-07
1433 6.578066e-07
1434 3.967982e-07
1435 2.282661e-07
1436 1.316354e-07
1437 0.000000e+00
1438 0.000000e+00
1439 0.000000e+00
1440 6.870351e-07
1441 8.306712e-07
1442 9.558732e-07
1443 1.027425e-06
1444 9.998144e-07
1445 8.475749e-07
1446 6.375281e-07
1447 4.826294e-07
1448 3.621482e-07
1449 2.083743e-07
1450 1.294065e-07
1451 7.361753e-08
1452 4.047633e-08
1453 0.000000e+00
1454 0.000000e+00
1455 1.227271e-06
1456 9.974435e-07
1457 7.536668e-07
1458 5.715826e-07
1459 3.964281e-07
1460 2.471602e-07
1461 1.561554e-07
1462 9.666999e-08
1463 0.000000e+00
1464 0.000000e+00
1465 0.000000e+00
1466 0.000000e+00
1467 0.000000e+00
1468 0.000000e+00
1469 0.000000e+00
1470 8.625132e-07
1471 8.187039e-07
1472 6.783146e-07
1473 5.085191e-07
1474 3.882202e-07
1475 2.792055e-07
1476 1.693907e-07
1477 1.060011e-07
1478 6.460632e-08
1479 0.000000e+00
1480 0.000000e+00
1481 0.000000e+00
1482 0.000000e+00
1483 0.000000e+00
1484 0.000000e+00
1485 6.321015e-07
1486 6.497754e-07
1487 5.943136e-07
1488 4.728398e-07
1489 3.510335e-07
1490 2.719764e-07
1491 1.798150e-07
1492 1.132233e-07
1493 6.711981e-08
1494 4.052493e-08
1495 0.000000e+00
1496 0.000000e+00
1497 0.000000e+00
1498 0.000000e+00
1499 0.000000e+00
1500 4.807358e-07
1501 5.175319e-07
1502 5.058027e-07
1503 4.319633e-07
1504 3.266213e-07
1505 2.462909e-07
1506 1.860625e-07
1507 1.095020e-07
1508 7.005195e-08
1509 4.148042e-08
1510 2.445618e-08
1511 0.000000e+00
1512 0.000000e+00
1513 0.000000e+00
1514 0.000000e+00
1515 3.729197e-07
1516 4.142496e-07
1517 4.238139e-07
1518 3.844293e-07
1519 3.029885e-07
1520 2.246879e-07
1521 1.748125e-07
1522 1.121840e-07
1523 7.162789e-08
1524 4.146598e-08
1525 2.435709e-08
1526 0.000000e+00
1527 0.000000e+00
1528 0.000000e+00
1529 0.000000e+00
1530 2.934153e-07
1531 3.335739e-07
1532 3.527988e-07
1533 3.355533e-07
1534 2.771617e-07
1535 2.065215e-07
1536 1.581725e-07
1537 1.136960e-07
1538 6.714606e-08
1539 4.032911e-08
1540 2.369831e-08
1541 0.000000e+00
1542 0.000000e+00
1543 0.000000e+00
1544 0.000000e+00
1545 2.334349e-07
1546 2.701994e-07
1547 2.930705e-07
1548 2.892382e-07
1549 2.497056e-07
1550 1.896843e-07
1551 1.424200e-07
1552 1.090565e-07
1553 6.362809e-08
1554 4.098584e-08
1555 2.367491e-08
1556 1.328699e-08
1557 0.000000e+00
1558 0.000000e+00
1559 0.000000e+00
1560 1.850494e-07
1561 2.174437e-07
1562 2.407790e-07
1563 2.449364e-07
1564 2.201764e-07
1565 1.720382e-07
1566 1.276675e-07
1567 9.956262e-08
1568 6.201491e-08
1569 4.004813e-08
1570 2.278288e-08
1571 1.287211e-08
1572 0.000000e+00
1573 0.000000e+00
1574 0.000000e+00
1575 1.390493e-07
1576 1.658220e-07
1577 1.873151e-07
1578 1.961192e-07
1579 1.836567e-07
1580 1.490725e-07
1581 1.105938e-07
1582 8.545350e-08
1583 5.901187e-08
1584 3.559514e-08
1585 2.050911e-08
1586 1.181764e-08
1587 0.000000e+00
1588 0.000000e+00
1589 0.000000e+00
1590 9.485628e-08
1591 1.148682e-07
1592 1.324366e-07
1593 1.427253e-07
1594 1.394350e-07
1595 1.188188e-07
1596 8.965717e-08
1597 6.773153e-08
1598 5.105846e-08
1599 2.952429e-08
1600 1.846174e-08
1601 1.048953e-08
1602 5.744535e-09
1603 0.000000e+00
1604 0.000000e+00
1605 7.065041e-09
1606 5.001823e-09
1607 3.406218e-09
1608 2.214792e-09
1609 1.431437e-09
1610 9.388170e-10
1611 6.296013e-10
1612 4.311578e-10
1613 2.975397e-10
1614 2.028024e-10
1615 1.338618e-10
1616 8.421100e-11
1617 4.992938e-11
1618 2.774248e-11
1619 1.449934e-11
1620 1.969239e-08
1621 1.463923e-08
1622 1.047360e-08
1623 7.212607e-09
1624 4.682370e-09
1625 2.993759e-09
1626 1.932391e-09
1627 1.273934e-09
1628 8.608095e-10
1629 5.908385e-10
1630 4.040718e-10
1631 2.695150e-10
1632 1.722644e-10
1633 1.040519e-10
1634 5.894777e-11
1635 3.117383e-08
1636 2.417197e-08
1637 1.773579e-08
1638 1.257181e-08
1639 8.523236e-09
1640 5.439099e-09
1641 3.479752e-09
1642 2.231412e-09
1643 1.469613e-09
1644 9.912288e-10
1645 6.766522e-10
1646 4.584053e-10
1647 3.019994e-10
1648 1.902443e-10
1649 1.132236e-10
1650 4.196430e-08
1651 3.375318e-08
1652 2.541251e-08
1653 1.830208e-08
1654 1.273657e-08
1655 8.354564e-09
1656 5.272276e-09
1657 3.363666e-09
1658 2.168939e-09
1659 1.433668e-09
1660 9.676398e-10
1661 6.560370e-10
1662 4.378438e-10
1663 2.823354e-10
1664 1.733373e-10
1665 5.239009e-08
1666 4.346897e-08
1667 3.358909e-08
1668 2.456961e-08
1669 1.735823e-08
1670 1.169836e-08
1671 7.409191e-09
1672 4.703560e-09
1673 2.981968e-09
1674 1.938624e-09
1675 1.290289e-09
1676 8.696216e-10
1677 5.827007e-10
1678 3.808265e-10
1679 2.388385e-10
1680 6.275549e-08
1681 5.348906e-08
1682 4.238684e-08
1683 3.154391e-08
1684 2.253950e-08
1685 1.549736e-08
1686 9.992050e-09
1687 6.280249e-09
1688 3.958864e-09
1689 2.534966e-09
1690 1.660413e-09
1691 1.108111e-09
1692 7.413882e-10
1693 4.879164e-10
1694 3.104471e-10
1695 7.331694e-08
1696 6.400129e-08
1697 5.195650e-08
1698 3.940426e-08
1699 2.847044e-08
1700 1.986017e-08
1701 1.308456e-08
1702 8.192154e-09
1703 5.160487e-09
1704 3.254768e-09
1705 2.098940e-09
1706 1.382795e-09
1707 9.198207e-10
1708 6.066157e-10
1709 3.896840e-10
1710 8.389895e-08
1711 7.480791e-08
1712 6.211112e-08
1713 4.803231e-08
1714 3.513651e-08
1715 2.477802e-08
1716 1.664764e-08
1717 1.049521e-08
1718 6.580569e-09
1719 4.104288e-09
1720 2.611706e-09
1721 1.697611e-09
1722 1.118912e-09
1723 7.364073e-10
1724 4.755114e-10
1725 9.494629e-08
1726 8.632943e-08
1727 7.323861e-08
1728 5.779504e-08
1729 4.287958e-08
1730 3.053125e-08
1731 2.085491e-08
1732 1.334513e-08
1733 8.311747e-09
1734 5.162639e-09
1735 3.241477e-09
1736 2.074863e-09
1737 1.351773e-09
1738 8.844989e-10
1739 5.717462e-10
1740 1.120019e-07
1741 1.045258e-07
1742 9.134692e-08
1743 7.429648e-08
1744 5.646890e-08
1745 4.082701e-08
1746 2.841691e-08
1747 1.868603e-08
1748 1.163204e-08
1749 7.210501e-09
1750 4.445545e-09
1751 2.784286e-09
1752 1.775573e-09
1753 1.144919e-09
1754 7.359546e-10
1755 2.106975e-07
1756 2.158118e-07
1757 2.101452e-07
1758 1.926508e-07
1759 1.648777e-07
1760 1.311627e-07
1761 9.772173e-08
1762 6.955133e-08
1763 4.748397e-08
1764 3.015170e-08
1765 1.821934e-08
1766 1.082492e-08
1767 6.347842e-09
1768 3.716436e-09
1769 2.192071e-09
