0 2.4574340e-09
1 1.6696440e-09
2 1.0986260e-09
3 7.1887920e-10
4 4.7720680e-10
5 3.2311540e-10
6 2.2250580e-10
7 1.5364210e-10
8 1.0444610e-10
9 6.8710850e-11
10 4.3182860e-11
11 2.5740320e-11
12 1.4536580e-11
13 7.8115510e-12
14 4.0274330e-12
15 3.9407770e-09
16 2.7313750e-09
17 1.8199540e-09
18 1.1842660e-09
19 7.7651690e-10
20 5.1793280e-10
21 3.5304960e-10
22 2.4368790e-10
23 1.6748160e-10
24 1.1247300e-10
25 7.2626980e-11
26 4.4613760e-11
27 2.5949430e-11
28 1.4309800e-11
29 7.5307100e-12
30 4.4578860e-09
31 3.1067790e-09
32 2.0806280e-09
33 1.3544440e-09
34 8.8524570e-10
35 5.8808360e-10
36 3.9935780e-10
37 2.7527840e-10
38 1.8951370e-10
39 1.2784570e-10
40 8.3119110e-11
41 5.1471520e-11
42 3.0189880e-11
43 1.6778260e-11
44 8.8868400e-12
45 4.7615660e-09
46 3.3272440e-09
47 2.2339050e-09
48 1.4545400e-09
49 9.4915190e-10
50 6.2932890e-10
51 4.2657190e-10
52 2.9383330e-10
53 2.0244530e-10
54 1.3687040e-10
55 8.9279310e-11
56 5.5501790e-11
57 3.2683450e-11
58 1.8230280e-11
59 9.6848890e-12
60 4.9834580e-09
61 3.4883150e-09
62 2.3457830e-09
63 1.5275370e-09
64 9.9576240e-10
65 6.5941980e-10
66 4.4643270e-10
67 3.0736420e-10
68 2.1187950e-10
69 1.4345880e-10
70 9.3771870e-11
71 5.8442330e-11
72 3.4502880e-11
73 1.9290310e-11
74 1.0267430e-11
75 5.1543520e-09
76 3.6123660e-09
77 2.4319970e-09
78 1.5838470e-09
79 1.0317510e-09
80 6.8263880e-10
81 4.6176070e-10
82 3.1780720e-10
83 2.1915610e-10
84 1.4854010e-10
85 9.7240800e-11
86 6.0710670e-11
87 3.5905940e-11
88 2.0106400e-11
89 1.0715360e-11
90 5.2971360e-09
91 3.7161750e-09
92 2.5040330e-09
93 1.6310220e-09
94 1.0617780e-09
95 7.0192320e-10
96 4.7448870e-10
97 3.2648110e-10
98 2.2523070e-10
99 1.5278470e-10
100 1.0013350e-10
101 6.2604300e-11
102 3.7077930e-11
103 2.0789350e-11
104 1.1089030e-11
105 5.4243830e-09
106 3.8084880e-09
107 2.5682380e-09
108 1.6727300e-09
109 1.0885290e-09
110 7.1927740e-10
111 4.8595160e-10
112 3.3430180e-10
113 2.3066000e-10
114 1.5656820e-10
115 1.0272090e-10
116 6.4294510e-11
117 3.8121910e-11
118 2.1396640e-11
119 1.1424000e-11
120 5.5509770e-09
121 3.9002190e-09
122 2.6318330e-09
123 1.7143320e-09
124 1.1150660e-09
125 7.3641870e-10
126 4.9727510e-10
127 3.4201230e-10
128 2.3603650e-10
129 1.6032180e-10
130 1.0528340e-10
131 6.5970540e-11
132 3.9159690e-11
133 2.2000160e-11
134 1.1755270e-11
135 5.7049810e-09
136 4.0124180e-09
137 2.7097540e-09
138 1.7651920e-09
139 1.1475510e-09
140 7.5735790e-10
141 5.1107990e-10
142 3.5142820e-10
143 2.4260810e-10
144 1.6491150e-10
145 1.0840860e-10
146 6.8016670e-11
147 4.0424820e-11
148 2.2736680e-11
149 1.2160450e-11
150 7.6029800e-09
151 5.4227970e-09
152 3.7225130e-09
153 2.4449120e-09
154 1.5804310e-09
155 1.0336310e-09
156 6.8925620e-10
157 4.7013070e-10
158 3.2436280e-10
159 2.2215360e-10
160 1.4820980e-10
161 9.4823860e-11
162 5.7606720e-11
163 3.3107320e-11
164 1.8044180e-11
165 9.3545490e-09
166 6.7375070e-09
167 4.6780270e-09
168 3.1052810e-09
169 2.0027860e-09
170 1.3029020e-09
171 8.6097220e-10
172 5.8295920e-10
173 4.0095070e-10
174 2.7542600e-10
175 1.8533710e-10
176 1.2012000e-10
177 7.4112230e-11
178 4.3283850e-11
179 2.3943210e-11
180 1.0425960e-08
181 7.5457370e-09
182 5.2648450e-09
183 3.5127400e-09
184 2.2653490e-09
185 1.4698410e-09
186 9.6746150e-10
187 6.5253990e-10
188 4.4814710e-10
189 3.0819360e-10
190 2.0815830e-10
191 1.3569550e-10
192 8.4310730e-11
193 4.9605910e-11
194 2.7629300e-11
195 1.1208760e-08
196 8.1360370e-09
197 5.6953000e-09
198 3.8113760e-09
199 2.4580430e-09
200 1.5922050e-09
201 1.0454160e-09
202 7.0354950e-10
203 4.8257820e-10
204 3.3207520e-10
205 2.2481300e-10
206 1.4706240e-10
207 9.1754530e-11
208 5.4218380e-11
209 3.0322460e-11
210 1.1812080e-08
211 8.5907100e-09
212 6.0261140e-09
213 4.0413880e-09
214 2.6061120e-09
215 1.6863500e-09
216 1.1054570e-09
217 7.4297480e-10
218 5.0916890e-10
219 3.5057040e-10
220 2.3767770e-10
221 1.5584300e-10
222 9.7505730e-11
223 5.7779600e-11
224 3.2399890e-11
225 1.2315210e-08
226 8.9698630e-09
227 6.3020350e-09
228 4.2327010e-09
229 2.7292240e-09
230 1.7644570e-09
231 1.1552980e-09
232 7.7549460e-10
233 5.3119680e-10
234 3.6583640e-10
235 2.4834620e-10
236 1.6311220e-10
237 1.0226400e-10
238 6.0731650e-11
239 3.4119640e-11
240 1.2765090e-08
241 9.3089440e-09
242 6.5490280e-09
243 4.4035070e-09
244 2.8393690e-09
245 1.8343970e-09
246 1.1999040e-09
247 8.0478790e-10
248 5.5110870e-10
249 3.7964620e-10
250 2.5796370e-10
251 1.6969020e-10
252 1.0656520e-10
253 6.3398320e-11
254 3.5669570e-11
255 1.3209560e-08
256 9.6446450e-09
257 6.7927960e-09
258 4.5733500e-09
259 2.9489260e-09
260 1.9038810e-09
261 1.2443110e-09
262 8.3378920e-10
263 5.7067490e-10
264 3.9324900e-10
265 2.6743500e-10
266 1.7614900e-10
267 1.1080350e-10
268 6.6022470e-11
269 3.7197050e-11
270 1.3754580e-08
271 1.0056160e-08
272 7.0916120e-09
273 4.7808440e-09
274 3.0824450e-09
275 1.9890460e-09
276 1.2985070e-09
277 8.6933370e-10
278 5.9467140e-10
279 4.0989230e-10
280 2.7903480e-10
281 1.8406410e-10
282 1.1599230e-10
283 6.9238200e-11
284 3.9072910e-11
285 1.2260960e-08
286 8.9673670e-09
287 6.3183580e-09
288 4.2717850e-09
289 2.7668680e-09
290 1.7862300e-09
291 1.1673750e-09
292 7.8036130e-10
293 5.3248870e-10
294 3.6588160e-10
295 2.4841690e-10
296 1.6361460e-10
297 1.0309430e-10
298 6.1634070e-11
299 3.4881890e-11
300 1.4231610e-08
301 1.0504230e-08
302 7.4555290e-09
303 5.0885480e-09
304 3.3141730e-09
305 2.1311790e-09
306 1.3861100e-09
307 9.2017560e-10
308 6.2446910e-10
309 4.2859480e-10
310 2.9196570e-10
311 1.9370900e-10
312 1.2331170e-10
313 7.4601370e-11
314 4.2734560e-11
315 1.5692210e-08
316 1.1645840e-08
317 8.3015810e-09
318 5.6962830e-09
319 3.7229890e-09
320 2.3891480e-09
321 1.5499730e-09
322 1.0244820e-09
323 6.9321850e-10
324 4.7527330e-10
325 3.2433390e-10
326 2.1607670e-10
327 1.3835230e-10
328 8.4264250e-11
329 4.8598830e-11
330 1.6821940e-08
331 1.2528960e-08
332 8.9565940e-09
333 6.1662620e-09
334 4.0389620e-09
335 2.5881920e-09
336 1.6763880e-09
337 1.1052120e-09
338 7.4630120e-10
339 5.1141040e-10
340 3.4940480e-10
341 2.3339700e-10
342 1.5000100e-10
343 9.1747330e-11
344 5.3140200e-11
345 1.7760460e-08
346 1.3263240e-08
347 9.5002130e-09
348 6.5565090e-09
349 4.3019990e-09
350 2.7538770e-09
351 1.7818810e-09
352 1.1721530e-09
353 7.9038330e-10
354 5.4139810e-10
355 3.7018050e-10
356 2.4776050e-10
357 1.5965970e-10
358 9.7954920e-11
359 5.6907820e-11
360 1.8603810e-08
361 1.3920730e-08
362 9.9875360e-09
363 6.9070600e-09
364 4.5379220e-09
365 2.9027570e-09
366 1.8762910e-09
367 1.2323450e-09
368 8.2989860e-10
369 5.6832640e-10
370 3.8885930e-10
371 2.6067590e-10
372 1.6834520e-10
373 1.0352730e-10
374 6.0289990e-11
375 1.9438340e-08
376 1.4573120e-08
377 1.0470510e-08
378 7.2541720e-09
379 4.7706280e-09
380 3.0494780e-09
381 1.9696790e-09
382 1.2918040e-09
383 8.6905900e-10
384 5.9485270e-10
385 4.0731330e-10
386 2.7343990e-10
387 1.7690490e-10
388 1.0903410e-10
389 6.3642780e-11
390 2.0453960e-08
391 1.5369160e-08
392 1.1060400e-08
393 7.6774740e-09
394 5.0553950e-09
395 3.2288650e-09
396 2.0834170e-09
397 1.3645880e-09
398 9.1683560e-10
399 6.2745020e-10
400 4.2987370e-10
401 2.8900650e-10
402 1.8739360e-10
403 1.1577160e-10
404 6.7721890e-11
405 1.7120060e-08
406 1.2817160e-08
407 9.1897320e-09
408 6.3494030e-09
409 4.1851070e-09
410 2.6822780e-09
411 1.7361810e-09
412 1.1403450e-09
413 7.6713260e-10
414 5.2430060e-10
415 3.5790400e-10
416 2.3938750e-10
417 1.5436280e-10
418 9.4891940e-11
419 5.5302780e-11
420 1.9390050e-08
421 1.4657020e-08
422 1.0578410e-08
423 7.3622100e-09
424 4.8929530e-09
425 3.1352180e-09
426 2.0218580e-09
427 1.3199620e-09
428 8.8302790e-10
429 6.0138170e-10
430 4.1069880e-10
431 2.7589510e-10
432 1.7923550e-10
433 1.1124030e-10
434 6.5516140e-11
435 2.1160050e-08
436 1.6093590e-08
437 1.1665040e-08
438 8.1541220e-09
439 5.4449060e-09
440 3.4894010e-09
441 2.2453980e-09
442 1.4604360e-09
443 9.7338690e-10
444 6.6161460e-10
445 4.5196330e-10
446 3.0441490e-10
447 1.9867100e-10
448 1.2402130e-10
449 7.3508230e-11
450 2.2626600e-08
451 1.7285860e-08
452 1.2565950e-08
453 8.8104640e-09
454 5.9048340e-09
455 3.7838510e-09
456 2.4313440e-09
457 1.5772510e-09
458 1.0487700e-09
459 7.1163510e-10
460 4.8618830e-10
461 3.2807680e-10
462 2.1479410e-10
463 1.3462710e-10
464 8.0140710e-11
465 2.3945090e-08
466 1.8354740e-08
467 1.3373920e-08
468 9.4011750e-09
469 6.3174580e-09
470 4.0482460e-09
471 2.5979700e-09
472 1.6820370e-09
473 1.1160090e-09
474 7.5651890e-10
475 5.1689160e-10
476 3.4933060e-10
477 2.2927850e-10
478 1.4415300e-10
479 8.6096980e-11
480 2.5251290e-08
481 1.9414350e-08
482 1.4174840e-08
483 9.9832470e-09
484 6.7239430e-09
485 4.3094310e-09
486 2.7627780e-09
487 1.7853650e-09
488 1.1827060e-09
489 8.0089470e-10
490 5.4725060e-10
491 3.7031500e-10
492 2.4357630e-10
493 1.5355540e-10
494 9.1977890e-11
495 2.6840810e-08
496 2.0705660e-08
497 1.5151200e-08
498 1.0695590e-08
499 7.2221750e-09
500 4.6287820e-09
501 2.9638590e-09
502 1.9122480e-09
503 1.2641730e-09
504 8.5504770e-10
505 5.8440910e-10
506 3.9597180e-10
507 2.6106220e-10
508 1.6505530e-10
509 9.9166110e-11
510 2.2532130e-08
511 1.7278440e-08
512 1.2593530e-08
513 8.8435020e-09
514 5.9486280e-09
515 3.8265020e-09
516 2.4553530e-09
517 1.5914760e-09
518 1.0555220e-09
519 7.1433700e-10
520 4.8715580e-10
521 3.2857110e-10
522 2.1532410e-10
523 1.3527800e-10
524 8.0817010e-11
525 2.5084600e-08
526 1.9425270e-08
527 1.4259700e-08
528 1.0069750e-08
529 6.8255090e-09
530 4.4077700e-09
531 2.8187200e-09
532 1.8199630e-09
533 1.1997900e-09
534 8.0835900e-10
535 5.5047650e-10
536 3.7204900e-10
537 2.4510430e-10
538 1.5516470e-10
539 9.3539600e-11
540 2.7207950e-08
541 2.1218030e-08
542 1.5647330e-08
543 1.1093530e-08
544 7.5576290e-09
545 4.8930770e-09
546 3.1222190e-09
547 2.0106960e-09
548 1.3205490e-09
549 8.8682200e-10
550 6.0323980e-10
551 4.0827900e-10
552 2.6991800e-10
553 1.7174180e-10
554 1.0414930e-10
555 2.9120360e-08
556 2.2826440e-08
557 1.6893680e-08
558 1.2012640e-08
559 8.2145340e-09
560 5.3288620e-09
561 3.3942360e-09
562 2.1820480e-09
563 1.4285290e-09
564 9.5719910e-10
565 6.5063280e-10
566 4.4081960e-10
567 2.9220710e-10
568 1.8662920e-10
569 1.1367660e-10
570 3.1006420e-08
571 2.4413190e-08
572 1.8124030e-08
573 1.2920220e-08
574 8.8622080e-09
575 5.7590340e-09
576 3.6628780e-09
577 2.3510340e-09
578 1.5352070e-09
579 1.0265870e-09
580 6.9731870e-10
581 4.7292640e-10
582 3.1419530e-10
583 2.0131530e-10
584 1.2307730e-10
585 3.3303670e-08
586 2.6352950e-08
587 1.9627390e-08
588 1.4028060e-08
589 9.6548340e-09
590 6.2850840e-09
591 3.9923550e-09
592 2.5578020e-09
593 1.6658210e-09
594 1.1116270e-09
595 7.5454210e-10
596 5.1217490e-10
597 3.4108700e-10
598 2.1928030e-10
599 1.3457020e-10
600 2.8479540e-08
601 2.2366630e-08
602 1.6589990e-08
603 1.1804670e-08
604 8.0809130e-09
605 5.2635300e-09
606 3.3537690e-09
607 2.1569610e-09
608 1.4098710e-09
609 9.4296630e-10
610 6.3973230e-10
611 4.3282150e-10
612 2.8673770e-10
613 1.8320670e-10
614 1.1175160e-10
615 3.1396110e-08
616 2.4914200e-08
617 1.8620210e-08
618 1.3323430e-08
619 9.1809350e-09
620 6.0177360e-09
621 3.8279750e-09
622 2.4551650e-09
623 1.5955050e-09
624 1.0613900e-09
625 7.1791290e-10
626 4.8585810e-10
627 3.2301030e-10
628 2.0765760e-10
629 1.2767640e-10
630 3.4021350e-08
631 2.7198980e-08
632 2.0443930e-08
633 1.4686310e-08
634 1.0168210e-08
635 6.6957910e-09
636 4.2535310e-09
637 2.7232800e-09
638 1.7619720e-09
639 1.1677560e-09
640 7.8813890e-10
641 5.3349720e-10
642 3.5559550e-10
643 2.2962060e-10
644 1.4197950e-10
645 3.6611460e-08
646 2.9457980e-08
647 2.2243830e-08
648 1.6030530e-08
649 1.1142120e-08
650 7.3643620e-09
651 4.6734760e-09
652 2.9872070e-09
653 1.9262490e-09
654 1.2727490e-09
655 8.5736690e-10
656 5.8051890e-10
657 3.8775320e-10
658 2.5129620e-10
659 1.5609110e-10
660 3.9768350e-08
661 3.2217960e-08
662 2.4446790e-08
663 1.7677610e-08
664 1.2334220e-08
665 8.1829240e-09
666 5.1887450e-09
667 3.3108850e-09
668 2.1272840e-09
669 1.4010820e-09
670 9.4219890e-10
671 6.3801160e-10
672 4.2708570e-10
673 2.7780570e-10
674 1.7336250e-10
675 3.5206280e-08
676 2.8331770e-08
677 2.1415910e-08
678 1.5443150e-08
679 1.0729010e-08
680 7.1055170e-09
681 4.5227640e-09
682 2.8899390e-09
683 1.8638710e-09
684 1.2304520e-09
685 8.2766150e-10
686 5.5935610e-10
687 3.7303690e-10
688 2.4150990e-10
689 1.4997820e-10
690 3.8713930e-08
691 3.1489090e-08
692 2.4017310e-08
693 1.7424260e-08
694 1.2178130e-08
695 8.1264030e-09
696 5.1800390e-09
697 3.2999360e-09
698 2.1173410e-09
699 1.3896660e-09
700 9.3062720e-10
701 6.2804790e-10
702 4.1967720e-10
703 2.7304990e-10
704 1.7078070e-10
705 4.2175060e-08
706 3.4610160e-08
707 2.6584760e-08
708 1.9379720e-08
709 1.3607100e-08
710 9.1333270e-09
711 5.8283940e-09
712 3.7043340e-09
713 2.3671730e-09
714 1.5467660e-09
715 1.0321460e-09
716 6.9582110e-10
717 4.6569020e-10
718 3.0416830e-10
719 1.9131180e-10
720 4.6405020e-08
721 3.8424670e-08
722 2.9724070e-08
723 2.1769630e-08
724 1.5354060e-08
725 1.0365010e-08
726 6.6212570e-09
727 4.1986000e-09
728 2.6731860e-09
729 1.7387380e-09
730 1.1563220e-09
731 7.7864950e-10
732 5.2194590e-10
733 3.4221320e-10
734 2.1640330e-10
735 4.3270540e-08
736 3.5721010e-08
737 2.7599110e-08
738 2.0208020e-08
739 1.4231630e-08
740 9.5980350e-09
741 6.1558280e-09
742 3.9035340e-09
743 2.4918860e-09
744 1.6214360e-09
745 1.0776360e-09
746 7.2444890e-10
747 4.8445710e-10
748 3.1680900e-10
749 1.9986630e-10
750 4.7878880e-08
751 4.0006110e-08
752 3.1252420e-08
753 2.3062070e-08
754 1.6339250e-08
755 1.1110500e-08
756 7.1651310e-09
757 4.5293170e-09
758 2.8807370e-09
759 1.8614930e-09
760 1.2290950e-09
761 8.2344270e-10
762 5.5074830e-10
763 3.6150840e-10
764 2.2958330e-10
765 5.3508410e-08
766 4.5251570e-08
767 3.5719130e-08
768 2.6547490e-08
769 1.8915740e-08
770 1.2959140e-08
771 8.3994200e-09
772 5.2936340e-09
773 3.3557440e-09
774 2.1545490e-09
775 1.4145370e-09
776 9.4443710e-10
777 6.3179710e-10
778 4.1615960e-10
779 2.6590640e-10
780 5.4007840e-08
781 4.5891280e-08
782 3.6431210e-08
783 2.7224870e-08
784 1.9459340e-08
785 1.3375340e-08
786 8.7269420e-09
787 5.5052560e-09
788 3.4880370e-09
789 2.2308770e-09
790 1.4583510e-09
791 9.6970070e-10
792 6.4696210e-10
793 4.2584180e-10
794 2.7244130e-10
795 6.1693300e-08
796 5.3309310e-08
797 4.3002370e-08
798 3.2537420e-08
799 2.3458680e-08
800 1.6282760e-08
801 1.0741850e-08
802 6.7751870e-09
803 4.2758740e-09
804 2.7100320e-09
805 1.7546490e-09
806 1.1578750e-09
807 7.7007320e-10
808 5.0783990e-10
809 3.2696420e-10
810 7.2987710e-08
811 6.4654270e-08
812 5.3520220e-08
813 4.1434370e-08
814 3.0362590e-08
815 2.1370910e-08
816 1.4379960e-08
817 9.1679970e-09
818 5.7462730e-09
819 3.6064170e-09
820 2.2963540e-09
821 1.4907120e-09
822 9.8056380e-10
823 6.4453230e-10
824 4.1686840e-10
825 0.0000000e+00
826 0.0000000e+00
827 0.0000000e+00
828 0.0000000e+00
829 0.0000000e+00
830 0.0000000e+00
831 0.0000000e+00
832 0.0000000e+00
833 0.0000000e+00
834 0.0000000e+00
835 0.0000000e+00
836 0.0000000e+00
837 0.0000000e+00
838 0.0000000e+00
839 0.0000000e+00
840 0.0000000e+00
841 0.0000000e+00
842 0.0000000e+00
843 0.0000000e+00
844 0.0000000e+00
845 0.0000000e+00
846 0.0000000e+00
847 0.0000000e+00
848 0.0000000e+00
849 0.0000000e+00
850 0.0000000e+00
851 0.0000000e+00
852 0.0000000e+00
853 0.0000000e+00
854 0.0000000e+00
855 0.0000000e+00
856 0.0000000e+00
857 0.0000000e+00
858 0.0000000e+00
859 0.0000000e+00
860 0.0000000e+00
861 0.0000000e+00
862 0.0000000e+00
863 0.0000000e+00
864 0.0000000e+00
865 0.0000000e+00
866 0.0000000e+00
867 0.0000000e+00
868 0.0000000e+00
869 0.0000000e+00
870 0.0000000e+00
871 0.0000000e+00
872 0.0000000e+00
873 0.0000000e+00
874 0.0000000e+00
875 0.0000000e+00
876 0.0000000e+00
877 0.0000000e+00
878 0.0000000e+00
879 0.0000000e+00
880 0.0000000e+00
881 0.0000000e+00
882 0.0000000e+00
883 0.0000000e+00
884 0.0000000e+00
885 0.0000000e+00
886 0.0000000e+00
887 0.0000000e+00
888 0.0000000e+00
889 0.0000000e+00
890 0.0000000e+00
891 0.0000000e+00
892 0.0000000e+00
893 0.0000000e+00
894 0.0000000e+00
895 0.0000000e+00
896 0.0000000e+00
897 0.0000000e+00
898 0.0000000e+00
899 0.0000000e+00
900 0.0000000e+00
901 0.0000000e+00
902 0.0000000e+00
903 0.0000000e+00
904 0.0000000e+00
905 0.0000000e+00
906 0.0000000e+00
907 0.0000000e+00
908 0.0000000e+00
909 0.0000000e+00
910 0.0000000e+00
911 0.0000000e+00
912 0.0000000e+00
913 0.0000000e+00
914 0.0000000e+00
915 0.0000000e+00
916 0.0000000e+00
917 0.0000000e+00
918 0.0000000e+00
919 0.0000000e+00
920 0.0000000e+00
921 0.0000000e+00
922 0.0000000e+00
923 0.0000000e+00
924 0.0000000e+00
925 0.0000000e+00
926 0.0000000e+00
927 0.0000000e+00
928 0.0000000e+00
929 0.0000000e+00
930 0.0000000e+00
931 0.0000000e+00
932 0.0000000e+00
933 0.0000000e+00
934 0.0000000e+00
935 0.0000000e+00
936 0.0000000e+00
937 0.0000000e+00
938 0.0000000e+00
939 0.0000000e+00
940 0.0000000e+00
941 0.0000000e+00
942 0.0000000e+00
943 0.0000000e+00
944 0.0000000e+00
945 0.0000000e+00
946 0.0000000e+00
947 0.0000000e+00
948 0.0000000e+00
949 0.0000000e+00
950 0.0000000e+00
951 0.0000000e+00
952 0.0000000e+00
953 0.0000000e+00
954 0.0000000e+00
955 0.0000000e+00
956 0.0000000e+00
957 0.0000000e+00
958 0.0000000e+00
959 0.0000000e+00
960 2.8402530e-07
961 2.2759520e-07
962 1.7121540e-07
963 1.2977640e-07
964 8.8272870e-08
965 5.5279480e-08
966 3.4519420e-08
967 2.1519170e-08
968 0.0000000e+00
969 0.0000000e+00
970 0.0000000e+00
971 0.0000000e+00
972 0.0000000e+00
973 0.0000000e+00
974 0.0000000e+00
975 4.3862060e-07
976 3.5656230e-07
977 2.6909450e-07
978 2.0390600e-07
979 1.4170020e-07
980 8.8534680e-08
981 5.5610800e-08
982 3.4491560e-08
983 0.0000000e+00
984 0.0000000e+00
985 0.0000000e+00
986 0.0000000e+00
987 0.0000000e+00
988 0.0000000e+00
989 0.0000000e+00
990 5.5954680e-07
991 4.5818870e-07
992 3.4657190e-07
993 2.6250230e-07
994 1.8417140e-07
995 1.1517360e-07
996 7.2482650e-08
997 4.4856240e-08
998 0.0000000e+00
999 0.0000000e+00
1000 0.0000000e+00
1001 0.0000000e+00
1002 0.0000000e+00
1003 0.0000000e+00
1004 0.0000000e+00
1005 6.5326890e-07
1006 5.3699790e-07
1007 4.0668920e-07
1008 3.0796250e-07
1009 2.1713290e-07
1010 1.3587000e-07
1011 8.5583820e-08
1012 5.2907180e-08
1013 0.0000000e+00
1014 0.0000000e+00
1015 0.0000000e+00
1016 0.0000000e+00
1017 0.0000000e+00
1018 0.0000000e+00
1019 0.0000000e+00
1020 7.3112630e-07
1021 6.0246070e-07
1022 4.5663400e-07
1023 3.4572550e-07
1024 2.4450660e-07
1025 1.5305860e-07
1026 9.6464180e-08
1027 5.9595340e-08
1028 0.0000000e+00
1029 0.0000000e+00
1030 0.0000000e+00
1031 0.0000000e+00
1032 0.0000000e+00
1033 0.0000000e+00
1034 0.0000000e+00
1035 8.0105310e-07
1036 6.6126940e-07
1037 5.0148450e-07
1038 3.7965210e-07
1039 2.6909350e-07
1040 1.6849820e-07
1041 1.0623690e-07
1042 6.5601240e-08
1043 0.0000000e+00
1044 0.0000000e+00
1045 0.0000000e+00
1046 0.0000000e+00
1047 0.0000000e+00
1048 0.0000000e+00
1049 0.0000000e+00
1050 8.7017920e-07
1051 7.1939340e-07
1052 5.4581990e-07
1053 4.1318600e-07
1054 2.9340210e-07
1055 1.8376090e-07
1056 1.1589900e-07
1057 7.1538340e-08
1058 0.0000000e+00
1059 0.0000000e+00
1060 0.0000000e+00
1061 0.0000000e+00
1062 0.0000000e+00
1063 0.0000000e+00
1064 0.0000000e+00
1065 9.5475670e-07
1066 7.9052150e-07
1067 6.0006840e-07
1068 4.5420910e-07
1069 3.2314210e-07
1070 2.0243580e-07
1071 1.2772040e-07
1072 7.8803130e-08
1073 0.0000000e+00
1074 0.0000000e+00
1075 0.0000000e+00
1076 0.0000000e+00
1077 0.0000000e+00
1078 0.0000000e+00
1079 0.0000000e+00
1080 1.9583220e-07
1081 1.7283080e-07
1082 1.3456200e-07
1083 1.0080690e-07
1084 7.6775140e-08
1085 4.9066490e-08
1086 3.1306970e-08
1087 1.9009870e-08
1088 1.1762600e-08
1089 0.0000000e+00
1090 0.0000000e+00
1091 0.0000000e+00
1092 0.0000000e+00
1093 0.0000000e+00
1094 0.0000000e+00
1095 3.2099350e-07
1096 2.8705810e-07
1097 2.2590780e-07
1098 1.6907730e-07
1099 1.2909480e-07
1100 8.4309400e-08
1101 5.3309030e-08
1102 3.2475650e-08
1103 2.0042990e-08
1104 0.0000000e+00
1105 0.0000000e+00
1106 0.0000000e+00
1107 0.0000000e+00
1108 0.0000000e+00
1109 0.0000000e+00
1110 4.2475810e-07
1111 3.8229580e-07
1112 3.0254020e-07
1113 2.2644460e-07
1114 1.7298380e-07
1115 1.1419800e-07
1116 7.1899170e-08
1117 4.3916300e-08
1118 2.7061150e-08
1119 0.0000000e+00
1120 0.0000000e+00
1121 0.0000000e+00
1122 0.0000000e+00
1123 0.0000000e+00
1124 0.0000000e+00
1125 5.1112370e-07
1126 4.6159710e-07
1127 3.6638690e-07
1128 2.7425470e-07
1129 2.0955630e-07
1130 1.3911380e-07
1131 8.7402910e-08
1132 5.3459200e-08
1133 3.2914330e-08
1134 0.0000000e+00
1135 0.0000000e+00
1136 0.0000000e+00
1137 0.0000000e+00
1138 0.0000000e+00
1139 0.0000000e+00
1140 5.8864840e-07
1141 5.3278080e-07
1142 4.2368730e-07
1143 3.1715670e-07
1144 2.4236590e-07
1145 1.6146060e-07
1146 1.0131220e-07
1147 6.2018810e-08
1148 3.8163930e-08
1149 0.0000000e+00
1150 0.0000000e+00
1151 0.0000000e+00
1152 0.0000000e+00
1153 0.0000000e+00
1154 0.0000000e+00
1155 6.6529580e-07
1156 6.0314800e-07
1157 4.8031890e-07
1158 3.5956190e-07
1159 2.7479630e-07
1160 1.8356200e-07
1161 1.1506440e-07
1162 7.0482720e-08
1163 4.3355690e-08
1164 0.0000000e+00
1165 0.0000000e+00
1166 0.0000000e+00
1167 0.0000000e+00
1168 0.0000000e+00
1169 0.0000000e+00
1170 7.5907120e-07
1171 6.8921760e-07
1172 5.4959420e-07
1173 4.1145120e-07
1174 3.1448920e-07
1175 2.1060430e-07
1176 1.3189010e-07
1177 8.0839720e-08
1178 4.9707580e-08
1179 0.0000000e+00
1180 0.0000000e+00
1181 0.0000000e+00
1182 0.0000000e+00
1183 0.0000000e+00
1184 0.0000000e+00
1185 1.5093930e-07
1186 1.4327840e-07
1187 1.1885240e-07
1188 8.9228590e-08
1189 6.8029570e-08
1190 4.8984110e-08
1191 2.9739540e-08
1192 1.8639100e-08
1193 1.1349690e-08
1194 7.0081390e-09
1195 0.0000000e+00
1196 0.0000000e+00
1197 0.0000000e+00
1198 0.0000000e+00
1199 0.0000000e+00
1200 2.5293180e-07
1201 2.4258000e-07
1202 2.0367840e-07
1203 1.5373060e-07
1204 1.1670590e-07
1205 8.5348980e-08
1206 5.1881940e-08
1207 3.2783920e-08
1208 1.9863980e-08
1209 1.2199490e-08
1210 0.0000000e+00
1211 0.0000000e+00
1212 0.0000000e+00
1213 0.0000000e+00
1214 0.0000000e+00
1215 3.4305090e-07
1216 3.3066050e-07
1217 2.7929840e-07
1218 2.1145480e-07
1219 1.6020680e-07
1220 1.1794350e-07
1221 7.1878590e-08
1222 4.5535440e-08
1223 2.7530600e-08
1224 1.6870550e-08
1225 0.0000000e+00
1226 0.0000000e+00
1227 0.0000000e+00
1228 0.0000000e+00
1229 0.0000000e+00
1230 4.2386080e-07
1231 4.0964910e-07
1232 3.4712830e-07
1233 2.6323730e-07
1234 1.9923250e-07
1235 1.4717860e-07
1236 8.9824500e-08
1237 5.6978750e-08
1238 3.4410890e-08
1239 2.1062530e-08
1240 0.0000000e+00
1241 0.0000000e+00
1242 0.0000000e+00
1243 0.0000000e+00
1244 0.0000000e+00
1245 5.0369150e-07
1246 4.8767810e-07
1247 4.1414070e-07
1248 3.1439690e-07
1249 2.3778570e-07
1250 1.7605950e-07
1251 1.0755270e-07
1252 6.8279410e-08
1253 4.1206050e-08
1254 2.5202390e-08
1255 0.0000000e+00
1256 0.0000000e+00
1257 0.0000000e+00
1258 0.0000000e+00
1259 0.0000000e+00
1260 6.0137930e-07
1261 5.8316140e-07
1262 4.9613120e-07
1263 3.7698880e-07
1264 2.8496720e-07
1265 2.1139610e-07
1266 1.2924440e-07
1267 8.2109300e-08
1268 4.9521090e-08
1269 3.0269310e-08
1270 0.0000000e+00
1271 0.0000000e+00
1272 0.0000000e+00
1273 0.0000000e+00
1274 0.0000000e+00
1275 1.1837600e-07
1276 1.1872250e-07
1277 1.0513470e-07
1278 8.1624100e-08
1279 6.0928610e-08
1280 4.6862500e-08
1281 2.9358680e-08
1282 1.8874800e-08
1283 1.1226860e-08
1284 6.7827100e-09
1285 0.0000000e+00
1286 0.0000000e+00
1287 0.0000000e+00
1288 0.0000000e+00
1289 0.0000000e+00
1290 2.0602770e-07
1291 2.0829860e-07
1292 1.8650150e-07
1293 1.4611860e-07
1294 1.0893180e-07
1295 8.3900170e-08
1296 5.3684460e-08
1297 3.4178600e-08
1298 2.0350240e-08
1299 1.2290580e-08
1300 0.0000000e+00
1301 0.0000000e+00
1302 0.0000000e+00
1303 0.0000000e+00
1304 0.0000000e+00
1305 2.8834270e-07
1306 2.9261280e-07
1307 2.6336260e-07
1308 2.0727780e-07
1309 1.5448070e-07
1310 1.1900380e-07
1311 7.6930880e-08
1312 4.8718530e-08
1313 2.9059970e-08
1314 1.7543610e-08
1315 0.0000000e+00
1316 0.0000000e+00
1317 0.0000000e+00
1318 0.0000000e+00
1319 0.0000000e+00
1320 3.6942590e-07
1321 3.7566510e-07
1322 3.3906940e-07
1323 2.6751090e-07
1324 1.9934010e-07
1325 1.5357550e-07
1326 9.9822400e-08
1327 6.3069860e-08
1328 3.7638890e-08
1329 2.2718050e-08
1330 0.0000000e+00
1331 0.0000000e+00
1332 0.0000000e+00
1333 0.0000000e+00
1334 0.0000000e+00
1335 4.6863130e-07
1336 4.7727300e-07
1337 4.3169440e-07
1338 3.4120480e-07
1339 2.5422740e-07
1340 1.9587590e-07
1341 1.2782340e-07
1342 8.0608550e-08
1343 4.8133280e-08
1344 2.9047630e-08
1345 0.0000000e+00
1346 0.0000000e+00
1347 0.0000000e+00
1348 0.0000000e+00
1349 0.0000000e+00
1350 9.7729630e-08
1351 1.0221230e-07
1352 9.5860450e-08
1353 7.8233670e-08
1354 5.8294100e-08
1355 4.4777590e-08
1356 3.1343560e-08
1357 1.9037580e-08
1358 1.1540460e-08
1359 6.9458740e-09
1360 0.0000000e+00
1361 0.0000000e+00
1362 0.0000000e+00
1363 0.0000000e+00
1364 0.0000000e+00
1365 1.7807910e-07
1366 1.8741330e-07
1367 1.7736840e-07
1368 1.4623420e-07
1369 1.0930830e-07
1370 8.3621810e-08
1371 5.9608640e-08
1372 3.5921570e-08
1373 2.2039120e-08
1374 1.3216340e-08
1375 0.0000000e+00
1376 0.0000000e+00
1377 0.0000000e+00
1378 0.0000000e+00
1379 0.0000000e+00
1380 2.5952680e-07
1381 2.7388380e-07
1382 2.6025660e-07
1383 2.1556070e-07
1384 1.6138970e-07
1385 1.2324000e-07
1386 8.8513300e-08
1387 5.3211800e-08
1388 3.2815000e-08
1389 1.9644430e-08
1390 0.0000000e+00
1391 0.0000000e+00
1392 0.0000000e+00
1393 0.0000000e+00
1394 0.0000000e+00
1395 3.5891260e-07
1396 3.7939630e-07
1397 3.6139290e-07
1398 3.0013640e-07
1399 2.2492340e-07
1400 1.7157270e-07
1401 1.2377150e-07
1402 7.4303420e-08
1403 4.5957220e-08
1404 2.7484560e-08
1405 0.0000000e+00
1406 0.0000000e+00
1407 0.0000000e+00
1408 0.0000000e+00
1409 0.0000000e+00
1410 8.6214430e-08
1411 9.3272070e-08
1412 9.1855230e-08
1413 7.9271470e-08
1414 6.0367840e-08
1415 4.5358440e-08
1416 3.4491870e-08
1417 2.0587400e-08
1418 1.3233030e-08
1419 7.7964130e-09
1420 4.5800210e-09
1421 0.0000000e+00
1422 0.0000000e+00
1423 0.0000000e+00
1424 0.0000000e+00
1425 1.6631860e-07
1426 1.8080460e-07
1427 1.7932910e-07
1428 1.5621950e-07
1429 1.1971180e-07
1430 8.9691260e-08
1431 6.8600470e-08
1432 4.1445710e-08
1433 2.6669920e-08
1434 1.5655330e-08
1435 9.1834260e-09
1436 0.0000000e+00
1437 0.0000000e+00
1438 0.0000000e+00
1439 0.0000000e+00
1440 2.6516580e-07
1441 2.8887290e-07
1442 2.8741930e-07
1443 2.5140880e-07
1444 1.9319330e-07
1445 1.4458020e-07
1446 1.1082600e-07
1447 6.7334730e-08
1448 4.3324610e-08
1449 2.5396110e-08
1450 1.4890940e-08
1451 0.0000000e+00
1452 0.0000000e+00
1453 0.0000000e+00
1454 0.0000000e+00
1455 8.3255990e-08
1456 9.2789600e-08
1457 9.5413040e-08
1458 8.7219590e-08
1459 6.9312410e-08
1460 5.1451170e-08
1461 3.9889770e-08
1462 2.6178590e-08
1463 1.6428000e-08
1464 9.5699460e-09
1465 5.6290970e-09
1466 0.0000000e+00
1467 0.0000000e+00
1468 0.0000000e+00
1469 0.0000000e+00
1470 1.8062440e-07
1471 2.0204430e-07
1472 2.0886100e-07
1473 1.9237540e-07
1474 1.5400700e-07
1475 1.1437390e-07
1476 8.8500120e-08
1477 5.9141620e-08
1478 3.6686430e-08
1479 2.1476420e-08
1480 1.2638200e-08
1481 0.0000000e+00
1482 0.0000000e+00
1483 0.0000000e+00
1484 0.0000000e+00
1485 9.9470090e-08
1486 1.1408220e-07
1487 1.2219070e-07
1488 1.1843720e-07
1489 1.0012510e-07
1490 7.5390290e-08
1491 5.7137240e-08
1492 4.2474730e-08
1493 2.4946230e-08
1494 1.5554670e-08
1495 9.0505670e-09
1496 5.1798790e-09
1497 0.0000000e+00
1498 0.0000000e+00
1499 0.0000000e+00
1500 4.6339050e-05
1501 3.4477640e-05
1502 2.5032930e-05
1503 1.6796100e-05
1504 1.0663050e-05
1505 6.7866720e-06
1506 0.0000000e+00
1507 0.0000000e+00
1508 0.0000000e+00
1509 0.0000000e+00
1510 0.0000000e+00
1511 0.0000000e+00
1512 0.0000000e+00
1513 0.0000000e+00
1514 0.0000000e+00
1515 3.3260410e-05
1516 2.7467060e-05
1517 2.0680360e-05
1518 1.5769850e-05
1519 1.1255610e-05
1520 6.9475510e-06
1521 4.3847240e-06
1522 2.7084030e-06
1523 0.0000000e+00
1524 0.0000000e+00
1525 0.0000000e+00
1526 0.0000000e+00
1527 0.0000000e+00
1528 0.0000000e+00
1529 0.0000000e+00
1530 2.4523930e-05
1531 2.2337950e-05
1532 1.7770980e-05
1533 1.3237120e-05
1534 1.0213770e-05
1535 6.7880980e-06
1536 4.2807720e-06
1537 2.5945180e-06
1538 1.5975890e-06
1539 0.0000000e+00
1540 0.0000000e+00
1541 0.0000000e+00
1542 0.0000000e+00
1543 0.0000000e+00
1544 0.0000000e+00
1545 1.8144030e-05
1546 1.7657790e-05
1547 1.5044400e-05
1548 1.1395040e-05
1549 8.6047970e-06
1550 6.4527110e-06
1551 3.8744670e-06
1552 2.4833160e-06
1553 1.4980570e-06
1554 9.1299790e-07
1555 0.0000000e+00
1556 0.0000000e+00
1557 0.0000000e+00
1558 0.0000000e+00
1559 0.0000000e+00
1560 1.3937250e-05
1561 1.4244340e-05
1562 1.2928340e-05
1563 1.0219200e-05
1564 7.5910970e-06
1565 5.8829950e-06
1566 3.8290240e-06
1567 2.4324560e-06
1568 1.4408100e-06
1569 8.6984800e-07
1570 0.0000000e+00
1571 0.0000000e+00
1572 0.0000000e+00
1573 0.0000000e+00
1574 0.0000000e+00
1575 1.0931980e-05
1576 1.1590410e-05
1577 1.1081810e-05
1578 9.2251780e-06
1579 6.9030280e-06
1580 5.2633370e-06
1581 3.8316930e-06
1582 2.2750730e-06
1583 1.4076250e-06
1584 8.4294530e-07
1585 0.0000000e+00
1586 0.0000000e+00
1587 0.0000000e+00
1588 0.0000000e+00
1589 0.0000000e+00
1590 8.5845010e-06
1591 9.3763590e-06
1592 9.3622310e-06
1593 8.2192150e-06
1594 6.3200850e-06
1595 4.7194710e-06
1596 3.6423880e-06
1597 2.2006130e-06
1598 1.4305530e-06
1599 8.3684880e-07
1600 4.8784610e-07
1601 0.0000000e+00
1602 0.0000000e+00
1603 0.0000000e+00
1604 0.0000000e+00
1605 6.5707690e-06
1606 7.3692930e-06
1607 7.6460070e-06
1608 7.0759270e-06
1609 5.6830760e-06
1610 4.2152980e-06
1611 3.2643820e-06
1612 2.2006400e-06
1613 1.3596790e-06
1614 7.9273340e-07
1615 4.6804230e-07
1616 0.0000000e+00
1617 0.0000000e+00
1618 0.0000000e+00
1619 0.0000000e+00
1620 4.5466100e-06
1621 5.2316390e-06
1622 5.6290720e-06
1623 5.4916540e-06
1624 4.6758220e-06
1625 3.5287750e-06
1626 2.6655980e-06
1627 2.0062290e-06
1628 1.1702940e-06
1629 7.3829360e-07
1630 4.2849900e-07
1631 2.4392300e-07
1632 0.0000000e+00
1633 0.0000000e+00
1634 0.0000000e+00
1635 2.7128000e-06
1636 3.2104420e-06
1637 3.5902920e-06
1638 3.7059020e-06
1639 3.4027400e-06
1640 2.7141900e-06
1641 2.0154100e-06
1642 1.5633880e-06
1643 1.0294390e-06
1644 6.4170780e-07
1645 3.6903080e-07
1646 2.1052550e-07
1647 0.0000000e+00
1648 0.0000000e+00
1649 0.0000000e+00
1650 0.0000000e+00
1651 0.0000000e+00
1652 0.0000000e+00
1653 0.0000000e+00
1654 0.0000000e+00
1655 0.0000000e+00
1656 0.0000000e+00
1657 0.0000000e+00
1658 0.0000000e+00
1659 0.0000000e+00
1660 0.0000000e+00
1661 0.0000000e+00
1662 0.0000000e+00
1663 0.0000000e+00
1664 0.0000000e+00
1665 1.1804380e-06
1666 9.8049200e-07
1667 7.4506010e-07
1668 5.6389000e-07
1669 4.0265880e-07
1670 2.5237060e-07
1671 1.5932930e-07
1672 9.8229020e-08
1673 0.0000000e+00
1674 0.0000000e+00
1675 0.0000000e+00
1676 0.0000000e+00
1677 0.0000000e+00
1678 0.0000000e+00
1679 0.0000000e+00
1680 1.0092320e-06
1681 9.1911410e-07
1682 7.3478990e-07
1683 5.5012500e-07
1684 4.2059000e-07
1685 2.8290210e-07
1686 1.7688150e-07
1687 1.0852980e-07
1688 6.6690390e-08
1689 0.0000000e+00
1690 0.0000000e+00
1691 0.0000000e+00
1692 0.0000000e+00
1693 0.0000000e+00
1694 0.0000000e+00
1695 8.6221430e-07
1696 8.3826750e-07
1697 7.1527660e-07
1698 5.4431160e-07
1699 4.1108770e-07
1700 3.0586390e-07
1701 1.8723480e-07
1702 1.1907770e-07
1703 7.1751260e-08
1704 4.3814080e-08
1705 0.0000000e+00
1706 0.0000000e+00
1707 0.0000000e+00
1708 0.0000000e+00
1709 0.0000000e+00
1710 7.3357260e-07
1711 7.4880150e-07
1712 6.7923860e-07
1713 5.3817780e-07
1714 4.0094440e-07
1715 3.0895090e-07
1716 2.0268320e-07
1717 1.2749050e-07
1718 7.6188940e-08
1719 4.5968060e-08
1720 0.0000000e+00
1721 0.0000000e+00
1722 0.0000000e+00
1723 0.0000000e+00
1724 0.0000000e+00
1725 6.2447660e-07
1726 6.6144210e-07
1727 6.3176220e-07
1728 5.2625860e-07
1729 3.9480090e-07
1730 3.0080640e-07
1731 2.1803660e-07
1732 1.3069660e-07
1733 8.1095160e-08
1734 4.8446840e-08
1735 0.0000000e+00
1736 0.0000000e+00
1737 0.0000000e+00
1738 0.0000000e+00
1739 0.0000000e+00
1740 5.2928560e-07
1741 5.7771620e-07
1742 5.7629800e-07
1743 5.0578930e-07
1744 3.8955860e-07
1745 2.9127160e-07
1746 2.2366120e-07
1747 1.3651600e-07
1748 8.7826670e-08
1749 5.1425770e-08
1750 3.0142310e-08
1751 0.0000000e+00
1752 0.0000000e+00
1753 0.0000000e+00
1754 0.0000000e+00
1755 4.4166610e-07
1756 4.9505070e-07
1757 5.1316410e-07
1758 4.7447840e-07
1759 3.8127440e-07
1760 2.8324860e-07
1761 2.1893290e-07
1762 1.4762600e-07
1763 9.1046230e-08
1764 5.3444880e-08
1765 3.1455370e-08
1766 0.0000000e+00
1767 0.0000000e+00
1768 0.0000000e+00
1769 0.0000000e+00
1770 3.5701260e-07
1771 4.1067890e-07
1772 4.4163290e-07
1773 4.3056480e-07
1774 3.6660970e-07
1775 2.7704940e-07
1776 2.0934770e-07
1777 1.5695410e-07
1778 9.2341620e-08
1779 5.8090730e-08
1780 3.3704420e-08
1781 1.9201040e-08
1782 0.0000000e+00
1783 0.0000000e+00
1784 0.0000000e+00
1785 2.9138910e-07
1786 3.4551040e-07
1787 3.8735600e-07
1788 4.0128660e-07
1789 3.7061560e-07
1790 2.9782670e-07
1791 2.2172730e-07
1792 1.7125420e-07
1793 1.1468760e-07
1794 7.0643270e-08
1795 4.1162280e-08
1796 2.3449760e-08
1797 0.0000000e+00
1798 0.0000000e+00
1799 0.0000000e+00
1800 6.1188260e-09
1801 4.3127970e-09
1802 2.9183220e-09
1803 1.9013270e-09
1804 1.2344730e-09
1805 8.1349100e-10
1806 5.4811540e-10
1807 3.7667300e-10
1808 2.6020860e-10
1809 1.7719950e-10
1810 1.1679680e-10
1811 7.3500350e-11
1812 4.3818000e-11
1813 2.4712490e-11
1814 1.3245700e-11
1815 1.5213920e-08
1816 1.1155140e-08
1817 7.8920280e-09
1818 5.3367580e-09
1819 3.4403110e-09
1820 2.2164890e-09
1821 1.4436030e-09
1822 9.6427060e-10
1823 6.5891270e-10
1824 4.5459980e-10
1825 3.1017160e-10
1826 2.0531590e-10
1827 1.2990190e-10
1828 7.7829610e-11
1829 4.4088290e-11
1830 2.3180860e-08
1831 1.7499970e-08
1832 1.2638610e-08
1833 8.8108110e-09
1834 5.8181070e-09
1835 3.7100850e-09
1836 2.3890610e-09
1837 1.5591200e-09
1838 1.0449410e-09
1839 7.1453160e-10
1840 4.9028030e-10
1841 3.3075400e-10
1842 2.1546700e-10
1843 1.3380480e-10
1844 7.8663860e-11
1845 3.1109470e-08
1846 2.4170660e-08
1847 1.7772010e-08
1848 1.2606160e-08
1849 8.5534180e-09
1850 5.4827300e-09
1851 3.5038840e-09
1852 2.2509720e-09
1853 1.4821610e-09
1854 1.0001940e-09
1855 6.8382160e-10
1856 4.6471120e-10
1857 3.0790010e-10
1858 1.9585720e-10
1859 1.1842730e-10
1860 3.9478820e-08
1861 3.1549990e-08
1862 2.3652910e-08
1863 1.6997610e-08
1864 1.1777770e-08
1865 7.6929650e-09
1866 4.8718280e-09
1867 3.1110590e-09
1868 2.0153520e-09
1869 1.3390850e-09
1870 9.0768960e-10
1871 6.1734140e-10
1872 4.1311520e-10
1873 2.6738810e-10
1874 1.6535860e-10
1875 4.8240910e-08
1876 3.9600740e-08
1877 3.0335460e-08
1878 2.2078540e-08
1879 1.5522140e-08
1880 1.0369610e-08
1881 6.5620530e-09
1882 4.1754350e-09
1883 2.6647210e-09
1884 1.7443750e-09
1885 1.1689370e-09
1886 7.9185630e-10
1887 5.3231780e-10
1888 3.4873700e-10
1889 2.1955640e-10
1890 5.7721360e-08
1891 4.8620020e-08
1892 3.8114290e-08
1893 2.8158110e-08
1894 2.0026400e-08
1895 1.3655540e-08
1896 8.7411160e-09
1897 5.5193170e-09
1898 3.4902050e-09
1899 2.2520330e-09
1900 1.4882550e-09
1901 1.0001890e-09
1902 6.7239490e-10
1903 4.4396800e-10
1904 2.8351850e-10
1905 6.8562380e-08
1906 5.9270020e-08
1907 4.7649390e-08
1908 3.5866420e-08
1909 2.5806150e-08
1910 1.7900450e-08
1911 1.1696530e-08
1912 7.3368880e-09
1913 4.6258320e-09
1914 2.9384440e-09
1915 1.9094350e-09
1916 1.2678120e-09
1917 8.4840580e-10
1918 5.6222840e-10
1919 3.6299360e-10
1920 8.2263320e-08
1921 7.3157510e-08
1922 6.0591470e-08
1923 4.6763610e-08
1924 3.4174880e-08
1925 2.4071160e-08
1926 1.6140840e-08
1927 1.0180730e-08
1928 6.3874750e-09
1929 3.9954470e-09
1930 2.5491820e-09
1931 1.6622570e-09
1932 1.0999900e-09
1933 7.2750200e-10
1934 4.7301180e-10
1935 1.0481100e-07
1936 9.6856530e-08
1937 8.3724380e-08
1938 6.7360830e-08
1939 5.0761830e-08
1940 3.6506490e-08
1941 2.5245010e-08
1942 1.6450760e-08
1943 1.0247140e-08
1944 6.3602240e-09
1945 3.9502920e-09
1946 2.4970270e-09
1947 1.6086460e-09
1948 1.0470310e-09
1949 6.7890160e-10
1950 2.1070890e-07
1951 2.1582470e-07
1952 2.1015880e-07
1953 1.9266440e-07
1954 1.6489070e-07
1955 1.3117480e-07
1956 9.7733030e-08
1957 6.9561830e-08
1958 4.7494870e-08
1959 3.0163110e-08
1960 1.8231730e-08
1961 1.0838480e-08
1962 6.3622900e-09
1963 3.7323050e-09
1964 2.2090400e-09
