0 1.854260e-09
1 1.242414e-09
2 8.137833e-10
3 5.355592e-10
4 3.584246e-10
5 2.446930e-10
6 1.688967e-10
7 1.159586e-10
8 7.767260e-11
9 4.994467e-11
10 3.045765e-11
11 1.749977e-11
12 9.467935e-12
13 4.860205e-12
14 2.409390e-12
15 2.960904e-09
16 2.021393e-09
17 1.331143e-09
18 8.678026e-10
19 5.732325e-10
20 3.860360e-10
21 2.648697e-10
22 1.826985e-10
23 1.243380e-10
24 8.195493e-11
25 5.154415e-11
26 3.061514e-11
27 1.709546e-11
28 9.002330e-12
29 4.528746e-12
30 3.378326e-09
31 2.320216e-09
32 1.533973e-09
33 9.982553e-10
34 6.571570e-10
35 4.405767e-10
36 3.014133e-10
37 2.078609e-10
38 1.419375e-10
39 9.414340e-11
40 5.971309e-11
41 3.581616e-11
42 2.020203e-11
43 1.072927e-11
44 5.429337e-12
45 3.621657e-09
46 2.494637e-09
47 1.652476e-09
48 1.074633e-09
49 7.062469e-10
50 4.724875e-10
51 3.227477e-10
52 2.225949e-10
53 1.522272e-10
54 1.012672e-10
55 6.448737e-11
56 3.885743e-11
57 2.202039e-11
58 1.174187e-11
59 5.958005e-12
60 3.791805e-09
61 2.616464e-09
62 1.735458e-09
63 1.127946e-09
64 7.404314e-10
65 4.947088e-10
66 3.376006e-10
67 2.328181e-10
68 1.593827e-10
69 1.062316e-10
70 6.781426e-11
71 4.097508e-11
72 2.328710e-11
73 1.244948e-11
74 6.326837e-12
75 3.924293e-09
76 2.711577e-09
77 1.799916e-09
78 1.169487e-09
79 7.670655e-10
80 5.120608e-10
81 3.492354e-10
82 2.408491e-10
83 1.649816e-10
84 1.101201e-10
85 7.042118e-11
86 4.263168e-11
87 2.427572e-11
88 1.299937e-11
89 6.614360e-12
90 4.036432e-09
91 2.791405e-09
92 1.854190e-09
93 1.204490e-09
94 7.895069e-10
95 5.266350e-10
96 3.589726e-10
97 2.475650e-10
98 1.696798e-10
99 1.133553e-10
100 7.259908e-11
101 4.402211e-11
102 2.510537e-11
103 1.345934e-11
104 6.854005e-12
105 4.135005e-09
106 2.862131e-09
107 1.902381e-09
108 1.235580e-09
109 8.094742e-10
110 5.396093e-10
111 3.676851e-10
112 2.535280e-10
113 1.738603e-10
114 1.162433e-10
115 7.453747e-11
116 4.525959e-11
117 2.584446e-11
118 1.387442e-11
119 7.069097e-12
120 4.232436e-09
121 2.931859e-09
122 1.949460e-09
123 1.265950e-09
124 8.289808e-10
125 5.523161e-10
126 3.761702e-10
127 2.593952e-10
128 1.779454e-10
129 1.190858e-10
130 7.644268e-11
131 4.646945e-11
132 2.656660e-11
133 1.427545e-11
134 7.279874e-12
135 4.355965e-09
136 3.020436e-09
137 2.009530e-09
138 1.304543e-09
139 8.537430e-10
140 5.683841e-10
141 3.869555e-10
142 2.668478e-10
143 1.831563e-10
144 1.227256e-10
145 7.887817e-11
146 4.800770e-11
147 2.748682e-11
148 1.478639e-11
149 7.545437e-12
150 5.650392e-09
151 3.971339e-09
152 2.677907e-09
153 1.740592e-09
154 1.131781e-09
155 7.461842e-10
156 5.033139e-10
157 3.456239e-10
158 2.379918e-10
159 1.611331e-10
160 1.052580e-10
161 6.540716e-11
162 3.829214e-11
163 2.103090e-11
164 1.090567e-11
165 7.026732e-09
166 4.989907e-09
167 3.406726e-09
168 2.227567e-09
169 1.441171e-09
170 9.440547e-10
171 6.314160e-10
172 4.310705e-10
173 2.968085e-10
174 2.022068e-10
175 1.336805e-10
176 8.437427e-11
177 5.029762e-11
178 2.814738e-11
179 1.482734e-11
180 7.871969e-09
181 5.617187e-09
182 3.856573e-09
183 2.531400e-09
184 1.634481e-09
185 1.067672e-09
186 7.106746e-10
187 4.838697e-10
188 3.330928e-10
189 2.274918e-10
190 1.511837e-10
191 9.611094e-11
192 5.777646e-11
193 3.260239e-11
194 1.730335e-11
195 8.466416e-09
196 6.058580e-09
197 4.173243e-09
198 2.745280e-09
199 1.770699e-09
200 1.154588e-09
201 7.667235e-10
202 5.211018e-10
203 3.585992e-10
204 2.452849e-10
205 1.634632e-10
206 1.043816e-10
207 6.303554e-11
208 3.574084e-11
209 1.905309e-11
210 8.930409e-09
211 6.402159e-09
212 4.420102e-09
213 2.911601e-09
214 1.876799e-09
215 1.222279e-09
216 8.103032e-10
217 5.500711e-10
218 3.784275e-10
219 2.591344e-10
220 1.730463e-10
221 1.107914e-10
222 6.711560e-11
223 3.818200e-11
224 2.040723e-11
225 9.318223e-09
226 6.690370e-09
227 4.626401e-09
228 3.050706e-09
229 1.965384e-09
230 1.279050e-09
231 8.468766e-10
232 5.743163e-10
233 3.950666e-10
234 2.707157e-10
235 1.810775e-10
236 1.161768e-10
237 7.054729e-11
238 4.023097e-11
239 2.154202e-11
240 9.662930e-09
241 6.946481e-09
242 4.810602e-09
243 3.175040e-09
244 2.044191e-09
245 1.329292e-09
246 8.791451e-10
247 5.958736e-10
248 4.098877e-10
249 2.810276e-10
250 1.882208e-10
251 1.209486e-10
252 7.359269e-11
253 4.204889e-11
254 2.256025e-11
255 1.000236e-08
256 7.197813e-09
257 4.991348e-09
258 3.296666e-09
259 2.121523e-09
260 1.378954e-09
261 9.109936e-10
262 6.170905e-10
263 4.244411e-10
264 2.912027e-10
265 1.952326e-10
266 1.256596e-10
267 7.659770e-11
268 4.384096e-11
269 2.354440e-11
270 1.043372e-08
271 7.518224e-09
272 5.221260e-09
273 3.452161e-09
274 2.220435e-09
275 1.441972e-09
276 9.520497e-10
277 6.440942e-10
278 4.429362e-10
279 3.041174e-10
280 2.042079e-10
281 1.316770e-10
282 8.042033e-11
283 4.612001e-11
284 2.481245e-11
285 9.344345e-09
286 6.730830e-09
287 4.674349e-09
288 3.103810e-09
289 2.000510e-09
290 1.300563e-09
291 8.584294e-10
292 5.798152e-10
293 3.977056e-10
294 2.722778e-10
295 1.824678e-10
296 1.175286e-10
297 7.182958e-11
298 4.129051e-11
299 2.230137e-11
300 1.093857e-08
301 7.943479e-09
302 5.561861e-09
303 3.728818e-09
304 2.406078e-09
305 1.557674e-09
306 1.021491e-09
307 6.856726e-10
308 4.686767e-10
309 3.212131e-10
310 2.164504e-10
311 1.407822e-10
312 8.711807e-11
313 5.077443e-11
314 2.780720e-11
315 1.208561e-08
316 8.818811e-09
317 6.203011e-09
318 4.180969e-09
319 2.701249e-09
320 1.744535e-09
321 1.140085e-09
322 7.624687e-10
323 5.199263e-10
324 3.564900e-10
325 2.409706e-10
326 1.575776e-10
327 9.817717e-11
328 5.767518e-11
329 3.181720e-11
330 1.298090e-08
331 9.502522e-09
332 6.704943e-09
333 4.534891e-09
334 2.932346e-09
335 1.890781e-09
336 1.232836e-09
337 8.225162e-10
338 5.600888e-10
339 3.841346e-10
340 2.601659e-10
341 1.706930e-10
342 1.068320e-10
343 6.306574e-11
344 3.496287e-11
345 1.373190e-08
346 1.007535e-08
347 7.124418e-09
348 4.830563e-09
349 3.125218e-09
350 2.012808e-09
351 1.310337e-09
352 8.727405e-10
353 5.936895e-10
354 4.072534e-10
355 2.762228e-10
356 1.816905e-10
357 1.140736e-10
358 6.758258e-11
359 3.758889e-11
360 1.439891e-08
361 1.058532e-08
362 7.497811e-09
363 5.093389e-09
364 3.297432e-09
365 2.121668e-09
366 1.379461e-09
367 9.173720e-10
368 6.235794e-10
369 4.278258e-10
370 2.905071e-10
371 1.914937e-10
372 1.205081e-10
373 7.159211e-11
374 3.992487e-11
375 1.505490e-08
376 1.108451e-08
377 7.863902e-09
378 5.352417e-09
379 3.465956e-09
380 2.228203e-09
381 1.447233e-09
382 9.613179e-10
383 6.528567e-10
384 4.479900e-10
385 3.045251e-10
386 2.010686e-10
387 1.268400e-10
388 7.553644e-11
389 4.221790e-11
390 1.588657e-08
391 1.171905e-08
392 8.329166e-09
393 5.680299e-09
394 3.680513e-09
395 2.363736e-09
396 1.533696e-09
397 1.017073e-09
398 6.901606e-10
399 4.736410e-10
400 3.223530e-10
401 2.132704e-10
402 1.348666e-10
403 8.053184e-11
404 4.512760e-11
405 1.330116e-08
406 9.777716e-09
407 6.916938e-09
408 4.701946e-09
409 3.053895e-09
410 1.965914e-09
411 1.280276e-09
412 8.509463e-10
413 5.777494e-10
414 3.955317e-10
415 2.680093e-10
416 1.763189e-10
417 1.108523e-10
418 6.584198e-11
419 3.676452e-11
420 1.511546e-08
421 1.120407e-08
422 7.977379e-09
423 5.465870e-09
424 3.571162e-09
425 2.291799e-09
426 1.487156e-09
427 9.823053e-10
428 6.636301e-10
429 4.537054e-10
430 3.082210e-10
431 2.040143e-10
432 1.294464e-10
433 7.776129e-11
434 4.393703e-11
435 1.654966e-08
436 1.233376e-08
437 8.817137e-09
438 6.071871e-09
439 3.982696e-09
440 2.551570e-09
441 1.651852e-09
442 1.086950e-09
443 7.320275e-10
444 4.999149e-10
445 3.401085e-10
446 2.259918e-10
447 1.442176e-10
448 8.723169e-11
449 4.964014e-11
450 1.775321e-08
451 1.328266e-08
452 9.523211e-09
453 6.580719e-09
454 4.328077e-09
455 2.769622e-09
456 1.790240e-09
457 1.174812e-09
458 7.893889e-10
459 5.387031e-10
460 3.668675e-10
461 2.445149e-10
462 1.565972e-10
463 9.518073e-11
464 5.443926e-11
465 1.882321e-08
466 1.412618e-08
467 1.015017e-08
468 7.032367e-09
469 4.635035e-09
470 2.963236e-09
471 1.913260e-09
472 1.252601e-09
473 8.404086e-10
474 5.731342e-10
475 3.906484e-10
476 2.608563e-10
477 1.676150e-10
478 1.022413e-10
479 5.869185e-11
480 1.987487e-08
481 1.495283e-08
482 1.076516e-08
483 7.476210e-09
484 4.936595e-09
485 3.153764e-09
486 2.033837e-09
487 1.329130e-09
488 8.903575e-10
489 6.069174e-10
490 4.139815e-10
491 2.769194e-10
492 1.784110e-10
493 1.091647e-10
494 6.286622e-11
495 2.120635e-08
496 1.600229e-08
497 1.154602e-08
498 8.040604e-09
499 5.319410e-09
500 3.395481e-09
501 2.187339e-09
502 1.426404e-09
503 9.539255e-10
504 6.498787e-10
505 4.436902e-10
506 2.973846e-10
507 1.921575e-10
508 1.179632e-10
509 6.818162e-11
510 1.762937e-08
511 1.322852e-08
512 9.499066e-09
513 6.574185e-09
514 4.341204e-09
515 2.780619e-09
516 1.796731e-09
517 1.176782e-09
518 7.891855e-10
519 5.375426e-10
520 3.657314e-10
521 2.437153e-10
522 1.563536e-10
523 9.528832e-11
524 5.470261e-11
525 1.971006e-08
526 1.492068e-08
527 1.077899e-08
528 7.508468e-09
529 4.995853e-09
530 3.200519e-09
531 2.061583e-09
532 1.343116e-09
533 8.960986e-10
534 6.084398e-10
535 4.141241e-10
536 2.770569e-10
537 1.789841e-10
538 1.100839e-10
539 6.386668e-11
540 2.146762e-08
541 1.635232e-08
542 1.186345e-08
543 8.299198e-09
544 5.549269e-09
545 3.556146e-09
546 2.285667e-09
547 1.483947e-09
548 9.864084e-10
549 6.683914e-10
550 4.550164e-10
551 3.053191e-10
552 1.981324e-10
553 1.226116e-10
554 7.162151e-11
555 2.302665e-08
556 1.762354e-08
557 1.282707e-08
558 9.001350e-09
559 6.042181e-09
560 3.872134e-09
561 2.485283e-09
562 1.609172e-09
563 1.066957e-09
564 7.217257e-10
565 4.914138e-10
566 3.303516e-10
567 2.151655e-10
568 1.337640e-10
569 7.854297e-11
570 2.456472e-08
571 1.887403e-08
572 1.377060e-08
573 9.691539e-09
574 6.524603e-09
575 4.183108e-09
576 2.680875e-09
577 1.731997e-09
578 1.145760e-09
579 7.740316e-10
580 5.271174e-10
581 3.549358e-10
582 2.318696e-10
583 1.446550e-10
584 8.530147e-11
585 2.650587e-08
586 2.045550e-08
587 1.497111e-08
588 1.056704e-08
589 7.137743e-09
590 4.577040e-09
591 2.929381e-09
592 1.887731e-09
593 1.245849e-09
594 8.404471e-10
595 5.724477e-10
596 3.861547e-10
597 2.530634e-10
598 1.585610e-10
599 9.389473e-11
600 2.249477e-08
601 1.724610e-08
602 1.256779e-08
603 8.823583e-09
604 5.933452e-09
605 3.815563e-09
606 2.446582e-09
607 1.584311e-09
608 1.049165e-09
609 7.085090e-10
610 4.816891e-10
611 3.234674e-10
612 2.106521e-10
613 1.310555e-10
614 7.708772e-11
615 2.493070e-08
616 1.929394e-08
617 1.415641e-08
618 9.992584e-09
619 6.769119e-09
620 4.369095e-09
621 2.792801e-09
622 1.801866e-09
623 1.186536e-09
624 7.978964e-10
625 5.417608e-10
626 3.646955e-10
627 2.387367e-10
628 1.496932e-10
629 8.889782e-11
630 2.709845e-08
631 2.112342e-08
632 1.557209e-08
633 1.103654e-08
634 7.515732e-09
635 4.863239e-09
636 3.101976e-09
637 1.996162e-09
638 1.309323e-09
639 8.776501e-10
640 5.953679e-10
641 4.013615e-10
642 2.637866e-10
643 1.663138e-10
644 9.941331e-11
645 2.923406e-08
646 2.291812e-08
647 1.696228e-08
648 1.206056e-08
649 8.246800e-09
650 5.349149e-09
651 3.405124e-09
652 2.187100e-09
653 1.429650e-09
654 9.559688e-10
655 6.479708e-10
656 4.373706e-10
657 2.883635e-10
658 1.826488e-10
659 1.097584e-10
660 3.193020e-08
661 2.519057e-08
662 1.872318e-08
663 1.335981e-08
664 9.175820e-09
665 5.964773e-09
666 3.790326e-09
667 2.428720e-09
668 1.582388e-09
669 1.055251e-09
670 7.146859e-10
671 4.830658e-10
672 3.195559e-10
673 2.033316e-10
674 1.228662e-10
675 2.812900e-08
676 2.206375e-08
677 1.634801e-08
678 1.162319e-08
679 7.948410e-09
680 5.171882e-09
681 3.294258e-09
682 2.117747e-09
683 1.383485e-09
684 9.240469e-10
685 6.253599e-10
686 4.215001e-10
687 2.775131e-10
688 1.756589e-10
689 1.056009e-10
690 3.107168e-08
691 2.462602e-08
692 1.838530e-08
693 1.314545e-08
694 9.050316e-09
695 5.926295e-09
696 3.768066e-09
697 2.415780e-09
698 1.568947e-09
699 1.042422e-09
700 7.034576e-10
701 4.743518e-10
702 3.135769e-10
703 1.998168e-10
704 1.211689e-10
705 3.396106e-08
706 2.713502e-08
707 2.038624e-08
708 1.463918e-08
709 1.013087e-08
710 6.667062e-09
711 4.232736e-09
712 2.708456e-09
713 1.750769e-09
714 1.158645e-09
715 7.801339e-10
716 5.262688e-10
717 3.489810e-10
718 2.235614e-10
719 1.365022e-10
720 3.762143e-08
721 3.032500e-08
722 2.292196e-08
723 1.653350e-08
724 1.150304e-08
725 7.607064e-09
726 4.822701e-09
727 3.079442e-09
728 1.981552e-09
729 1.305939e-09
730 8.773947e-10
731 5.921439e-10
732 3.939080e-10
733 2.536469e-10
734 1.559227e-10
735 3.492875e-08
736 2.808165e-08
737 2.121150e-08
738 1.528525e-08
739 1.061250e-08
740 7.022763e-09
741 4.467735e-09
742 2.853668e-09
743 1.839163e-09
744 1.212585e-09
745 8.138794e-10
746 5.481993e-10
747 3.637355e-10
748 2.335632e-10
749 1.432161e-10
750 3.881795e-08
751 3.157848e-08
752 2.408510e-08
753 1.747409e-08
754 1.221172e-08
755 8.149099e-09
756 5.192392e-09
757 3.305784e-09
758 2.118457e-09
759 1.388005e-09
760 9.272710e-10
761 6.237187e-10
762 4.148394e-10
763 2.679984e-10
764 1.657631e-10
765 4.374345e-08
766 3.601601e-08
767 2.773461e-08
768 2.025033e-08
769 1.424087e-08
770 9.577559e-09
771 6.111912e-09
772 3.878456e-09
773 2.472607e-09
774 1.610423e-09
775 1.070994e-09
776 7.194839e-10
777 4.797045e-10
778 3.116362e-10
779 1.943252e-10
780 4.403060e-08
781 3.642757e-08
782 2.820235e-08
783 2.067884e-08
784 1.457716e-08
785 9.845601e-09
786 6.319514e-09
787 4.003216e-09
788 2.551195e-09
789 1.655560e-09
790 1.096392e-09
791 7.342697e-10
792 4.888480e-10
793 3.177599e-10
794 1.986232e-10
795 5.082986e-08
796 4.277981e-08
797 3.363085e-08
798 2.493001e-08
799 1.772379e-08
800 1.210577e-08
801 7.834172e-09
802 4.941417e-09
803 3.134518e-09
804 2.014549e-09
805 1.322617e-09
806 8.813844e-10
807 5.869453e-10
808 3.835545e-10
809 2.420638e-10
810 6.115444e-08
811 5.286931e-08
812 4.268455e-08
813 3.233800e-08
814 2.333733e-08
815 1.620342e-08
816 1.070387e-08
817 6.762056e-09
818 4.263073e-09
819 2.699002e-09
820 1.742644e-09
821 1.145470e-09
822 7.580383e-10
823 4.965411e-10
824 3.167169e-10
825 0.000000e+00
826 0.000000e+00
827 0.000000e+00
828 0.000000e+00
829 0.000000e+00
830 0.000000e+00
831 0.000000e+00
832 0.000000e+00
833 0.000000e+00
834 0.000000e+00
835 0.000000e+00
836 0.000000e+00
837 0.000000e+00
838 0.000000e+00
839 0.000000e+00
840 0.000000e+00
841 0.000000e+00
842 0.000000e+00
843 0.000000e+00
844 0.000000e+00
845 0.000000e+00
846 0.000000e+00
847 0.000000e+00
848 0.000000e+00
849 0.000000e+00
850 0.000000e+00
851 0.000000e+00
852 0.000000e+00
853 0.000000e+00
854 0.000000e+00
855 0.000000e+00
856 0.000000e+00
857 0.000000e+00
858 0.000000e+00
859 0.000000e+00
860 0.000000e+00
861 0.000000e+00
862 0.000000e+00
863 0.000000e+00
864 0.000000e+00
865 0.000000e+00
866 0.000000e+00
867 0.000000e+00
868 0.000000e+00
869 0.000000e+00
870 0.000000e+00
871 0.000000e+00
872 0.000000e+00
873 0.000000e+00
874 0.000000e+00
875 0.000000e+00
876 0.000000e+00
877 0.000000e+00
878 0.000000e+00
879 0.000000e+00
880 0.000000e+00
881 0.000000e+00
882 0.000000e+00
883 0.000000e+00
884 0.000000e+00
885 0.000000e+00
886 0.000000e+00
887 0.000000e+00
888 0.000000e+00
889 0.000000e+00
890 0.000000e+00
891 0.000000e+00
892 0.000000e+00
893 0.000000e+00
894 0.000000e+00
895 0.000000e+00
896 0.000000e+00
897 0.000000e+00
898 0.000000e+00
899 0.000000e+00
900 0.000000e+00
901 0.000000e+00
902 0.000000e+00
903 0.000000e+00
904 0.000000e+00
905 0.000000e+00
906 0.000000e+00
907 0.000000e+00
908 0.000000e+00
909 0.000000e+00
910 0.000000e+00
911 0.000000e+00
912 0.000000e+00
913 0.000000e+00
914 0.000000e+00
915 0.000000e+00
916 0.000000e+00
917 0.000000e+00
918 0.000000e+00
919 0.000000e+00
920 0.000000e+00
921 0.000000e+00
922 0.000000e+00
923 0.000000e+00
924 0.000000e+00
925 0.000000e+00
926 0.000000e+00
927 0.000000e+00
928 0.000000e+00
929 0.000000e+00
930 0.000000e+00
931 0.000000e+00
932 0.000000e+00
933 0.000000e+00
934 0.000000e+00
935 0.000000e+00
936 0.000000e+00
937 0.000000e+00
938 0.000000e+00
939 0.000000e+00
940 0.000000e+00
941 0.000000e+00
942 0.000000e+00
943 0.000000e+00
944 0.000000e+00
945 0.000000e+00
946 0.000000e+00
947 0.000000e+00
948 0.000000e+00
949 0.000000e+00
950 0.000000e+00
951 0.000000e+00
952 0.000000e+00
953 0.000000e+00
954 0.000000e+00
955 0.000000e+00
956 0.000000e+00
957 0.000000e+00
958 0.000000e+00
959 0.000000e+00
960 3.018146e-07
961 2.326929e-07
962 1.755110e-07
963 1.290695e-07
964 8.263042e-08
965 5.255201e-08
966 3.260388e-08
967 2.067754e-08
968 0.000000e+00
969 0.000000e+00
970 0.000000e+00
971 0.000000e+00
972 0.000000e+00
973 0.000000e+00
974 0.000000e+00
975 4.634866e-07
976 3.612572e-07
977 2.722039e-07
978 2.021128e-07
979 1.317293e-07
980 8.338858e-08
981 5.181408e-08
982 3.268981e-08
983 0.000000e+00
984 0.000000e+00
985 0.000000e+00
986 0.000000e+00
987 0.000000e+00
988 0.000000e+00
989 0.000000e+00
990 5.880160e-07
991 4.611725e-07
992 3.475216e-07
993 2.589658e-07
994 1.704822e-07
995 1.076837e-07
996 6.701546e-08
997 4.216270e-08
998 0.000000e+00
999 0.000000e+00
1000 0.000000e+00
1001 0.000000e+00
1002 0.000000e+00
1003 0.000000e+00
1004 0.000000e+00
1005 6.859888e-07
1006 5.398991e-07
1007 4.069117e-07
1008 3.037900e-07
1009 2.010834e-07
1010 1.268907e-07
1011 7.903444e-08
1012 4.964900e-08
1013 0.000000e+00
1014 0.000000e+00
1015 0.000000e+00
1016 0.000000e+00
1017 0.000000e+00
1018 0.000000e+00
1019 0.000000e+00
1020 7.680767e-07
1021 6.058574e-07
1022 4.566777e-07
1023 3.413514e-07
1024 2.267227e-07
1025 1.429864e-07
1026 8.910542e-08
1027 5.592174e-08
1028 0.000000e+00
1029 0.000000e+00
1030 0.000000e+00
1031 0.000000e+00
1032 0.000000e+00
1033 0.000000e+00
1034 0.000000e+00
1035 8.411183e-07
1036 6.645500e-07
1037 5.009591e-07
1038 3.747674e-07
1039 2.495329e-07
1040 1.573043e-07
1041 9.806569e-08
1042 6.150303e-08
1043 0.000000e+00
1044 0.000000e+00
1045 0.000000e+00
1046 0.000000e+00
1047 0.000000e+00
1048 0.000000e+00
1049 0.000000e+00
1050 9.128876e-07
1051 7.222193e-07
1052 5.444656e-07
1053 4.075952e-07
1054 2.719436e-07
1055 1.713736e-07
1056 1.068681e-07
1057 6.698773e-08
1058 0.000000e+00
1059 0.000000e+00
1060 0.000000e+00
1061 0.000000e+00
1062 0.000000e+00
1063 0.000000e+00
1064 0.000000e+00
1065 1.004032e-06
1066 7.954508e-07
1067 5.997135e-07
1068 4.492904e-07
1069 3.004031e-07
1070 1.892400e-07
1071 1.180458e-07
1072 7.394991e-08
1073 0.000000e+00
1074 0.000000e+00
1075 0.000000e+00
1076 0.000000e+00
1077 0.000000e+00
1078 0.000000e+00
1079 0.000000e+00
1080 2.181241e-07
1081 1.812943e-07
1082 1.369811e-07
1083 1.041063e-07
1084 7.491610e-08
1085 4.629363e-08
1086 2.934848e-08
1087 1.807754e-08
1088 1.138534e-08
1089 0.000000e+00
1090 0.000000e+00
1091 0.000000e+00
1092 0.000000e+00
1093 0.000000e+00
1094 0.000000e+00
1095 3.481560e-07
1096 2.935323e-07
1097 2.232721e-07
1098 1.690811e-07
1099 1.235942e-07
1100 7.684053e-08
1101 4.887521e-08
1102 2.997776e-08
1103 1.878772e-08
1104 0.000000e+00
1105 0.000000e+00
1106 0.000000e+00
1107 0.000000e+00
1108 0.000000e+00
1109 0.000000e+00
1110 4.599495e-07
1111 3.908554e-07
1112 2.985713e-07
1113 2.257168e-07
1114 1.661389e-07
1115 1.039018e-07
1116 6.607899e-08
1117 4.047526e-08
1118 2.530620e-08
1119 0.000000e+00
1120 0.000000e+00
1121 0.000000e+00
1122 0.000000e+00
1123 0.000000e+00
1124 0.000000e+00
1125 5.544272e-07
1126 4.731867e-07
1127 3.623894e-07
1128 2.737144e-07
1129 2.021988e-07
1130 1.268938e-07
1131 8.068197e-08
1132 4.939199e-08
1133 3.084218e-08
1134 0.000000e+00
1135 0.000000e+00
1136 0.000000e+00
1137 0.000000e+00
1138 0.000000e+00
1139 0.000000e+00
1140 6.384134e-07
1141 5.463852e-07
1142 4.190852e-07
1143 3.163732e-07
1144 2.342389e-07
1145 1.473292e-07
1146 9.365910e-08
1147 5.731688e-08
1148 3.576119e-08
1149 0.000000e+00
1150 0.000000e+00
1151 0.000000e+00
1152 0.000000e+00
1153 0.000000e+00
1154 0.000000e+00
1155 7.209267e-07
1156 6.183117e-07
1157 4.747949e-07
1158 3.582761e-07
1159 2.657239e-07
1160 1.674023e-07
1161 1.064088e-07
1162 6.510117e-08
1163 4.059328e-08
1164 0.000000e+00
1165 0.000000e+00
1166 0.000000e+00
1167 0.000000e+00
1168 0.000000e+00
1169 0.000000e+00
1170 8.257099e-07
1171 7.096349e-07
1172 5.455702e-07
1173 4.115108e-07
1174 3.057043e-07
1175 1.928929e-07
1176 1.225991e-07
1177 7.498923e-08
1178 4.673005e-08
1179 0.000000e+00
1180 0.000000e+00
1181 0.000000e+00
1182 0.000000e+00
1183 0.000000e+00
1184 0.000000e+00
1185 1.678683e-07
1186 1.506397e-07
1187 1.186308e-07
1188 8.861284e-08
1189 6.797919e-08
1190 4.435651e-08
1191 2.811347e-08
1192 1.706460e-08
1193 1.052856e-08
1194 0.000000e+00
1195 0.000000e+00
1196 0.000000e+00
1197 0.000000e+00
1198 0.000000e+00
1199 0.000000e+00
1200 2.772296e-07
1201 2.519345e-07
1202 2.006748e-07
1203 1.499434e-07
1204 1.149855e-07
1205 7.679721e-08
1206 4.814771e-08
1207 2.940576e-08
1208 1.809445e-08
1209 0.000000e+00
1210 0.000000e+00
1211 0.000000e+00
1212 0.000000e+00
1213 0.000000e+00
1214 0.000000e+00
1215 3.774896e-07
1216 3.453871e-07
1217 2.769091e-07
1218 2.070729e-07
1219 1.586664e-07
1220 1.072935e-07
1221 6.693287e-08
1222 4.105058e-08
1223 2.521303e-08
1224 0.000000e+00
1225 0.000000e+00
1226 0.000000e+00
1227 0.000000e+00
1228 0.000000e+00
1229 0.000000e+00
1230 4.670984e-07
1231 4.289674e-07
1232 3.451585e-07
1233 2.582456e-07
1234 1.977815e-07
1235 1.346246e-07
1236 8.378297e-08
1237 5.149953e-08
1238 3.159787e-08
1239 0.000000e+00
1240 0.000000e+00
1241 0.000000e+00
1242 0.000000e+00
1243 0.000000e+00
1244 0.000000e+00
1245 5.550227e-07
1246 5.109730e-07
1247 4.121081e-07
1248 3.084435e-07
1249 2.361528e-07
1250 1.614317e-07
1251 1.003112e-07
1252 6.174709e-08
1253 3.785950e-08
1254 0.000000e+00
1255 0.000000e+00
1256 0.000000e+00
1257 0.000000e+00
1258 0.000000e+00
1259 0.000000e+00
1260 6.667018e-07
1261 6.151230e-07
1262 4.971502e-07
1263 3.721966e-07
1264 2.848910e-07
1265 1.954794e-07
1266 1.213038e-07
1267 7.476339e-08
1268 4.581233e-08
1269 0.000000e+00
1270 0.000000e+00
1271 0.000000e+00
1272 0.000000e+00
1273 0.000000e+00
1274 0.000000e+00
1275 1.354881e-07
1276 1.293636e-07
1277 1.079486e-07
1278 8.116281e-08
1279 6.175616e-08
1280 4.492014e-08
1281 2.716265e-08
1282 1.711297e-08
1283 1.040062e-08
1284 6.402566e-09
1285 0.000000e+00
1286 0.000000e+00
1287 0.000000e+00
1288 0.000000e+00
1289 0.000000e+00
1290 2.321147e-07
1291 2.239021e-07
1292 1.891458e-07
1293 1.430614e-07
1294 1.083757e-07
1295 7.998367e-08
1296 4.851652e-08
1297 3.080367e-08
1298 1.862562e-08
1299 1.140555e-08
1300 0.000000e+00
1301 0.000000e+00
1302 0.000000e+00
1303 0.000000e+00
1304 0.000000e+00
1305 3.246051e-07
1306 3.147794e-07
1307 2.676405e-07
1308 2.031394e-07
1309 1.535685e-07
1310 1.140602e-07
1311 6.945965e-08
1312 4.419880e-08
1313 2.666197e-08
1314 1.629133e-08
1315 0.000000e+00
1316 0.000000e+00
1317 0.000000e+00
1318 0.000000e+00
1319 0.000000e+00
1320 4.153600e-07
1321 4.039602e-07
1322 3.447058e-07
1323 2.621469e-07
1324 1.979498e-07
1325 1.475300e-07
1326 9.004463e-08
1327 5.735832e-08
1328 3.455894e-08
1329 2.109227e-08
1330 0.000000e+00
1331 0.000000e+00
1332 0.000000e+00
1333 0.000000e+00
1334 0.000000e+00
1335 5.305446e-07
1336 5.171428e-07
1337 4.425004e-07
1338 3.370249e-07
1339 2.542727e-07
1340 1.899957e-07
1341 1.161658e-07
1342 7.405555e-08
1343 4.457897e-08
1344 2.718394e-08
1345 0.000000e+00
1346 0.000000e+00
1347 0.000000e+00
1348 0.000000e+00
1349 0.000000e+00
1350 1.139580e-07
1351 1.142761e-07
1352 1.011656e-07
1353 7.850698e-08
1354 5.859673e-08
1355 4.508869e-08
1356 2.820152e-08
1357 1.815263e-08
1358 1.079545e-08
1359 6.520248e-09
1360 0.000000e+00
1361 0.000000e+00
1362 0.000000e+00
1363 0.000000e+00
1364 0.000000e+00
1365 2.035925e-07
1366 2.058476e-07
1367 1.843038e-07
1368 1.443718e-07
1369 1.076120e-07
1370 8.292385e-08
1371 5.301332e-08
1372 3.378091e-08
1373 2.010568e-08
1374 1.214084e-08
1375 0.000000e+00
1376 0.000000e+00
1377 0.000000e+00
1378 0.000000e+00
1379 0.000000e+00
1380 2.959241e-07
1381 3.004147e-07
1382 2.704842e-07
1383 2.129081e-07
1384 1.586483e-07
1385 1.222681e-07
1386 7.903623e-08
1387 5.009005e-08
1388 2.985836e-08
1389 1.802330e-08
1390 0.000000e+00
1391 0.000000e+00
1392 0.000000e+00
1393 0.000000e+00
1394 0.000000e+00
1395 4.128013e-07
1396 4.201067e-07
1397 3.795498e-07
1398 2.996394e-07
1399 2.232374e-07
1400 1.720621e-07
1401 1.119654e-07
1402 7.072963e-08
1403 4.220181e-08
1404 2.546838e-08
1405 0.000000e+00
1406 0.000000e+00
1407 0.000000e+00
1408 0.000000e+00
1409 0.000000e+00
1410 1.001515e-07
1411 1.045764e-07
1412 9.785024e-08
1413 7.966825e-08
1414 5.933491e-08
1415 4.561559e-08
1416 3.177590e-08
1417 1.935378e-08
1418 1.170383e-08
1419 7.048106e-09
1420 0.000000e+00
1421 0.000000e+00
1422 0.000000e+00
1423 0.000000e+00
1424 0.000000e+00
1425 1.907183e-07
1426 2.004559e-07
1427 1.893746e-07
1428 1.558293e-07
1429 1.164228e-07
1430 8.912901e-08
1431 6.330523e-08
1432 3.821757e-08
1433 2.339910e-08
1434 1.403981e-08
1435 0.000000e+00
1436 0.000000e+00
1437 0.000000e+00
1438 0.000000e+00
1439 0.000000e+00
1440 3.081564e-07
1441 3.249264e-07
1442 3.083799e-07
1443 2.550783e-07
1444 1.909039e-07
1445 1.458511e-07
1446 1.045085e-07
1447 6.289316e-08
1448 3.872955e-08
1449 2.319441e-08
1450 0.000000e+00
1451 0.000000e+00
1452 0.000000e+00
1453 0.000000e+00
1454 0.000000e+00
1455 9.640306e-08
1456 1.042503e-07
1457 1.026062e-07
1458 8.849457e-08
1459 6.737936e-08
1460 5.064310e-08
1461 3.846909e-08
1462 2.297818e-08
1463 1.475091e-08
1464 8.693092e-09
1465 5.110479e-09
1466 0.000000e+00
1467 0.000000e+00
1468 0.000000e+00
1469 0.000000e+00
1470 2.128360e-07
1471 2.313797e-07
1472 2.295126e-07
1473 1.999762e-07
1474 1.532919e-07
1475 1.148568e-07
1476 8.781169e-08
1477 5.312411e-08
1478 3.415347e-08
1479 2.004845e-08
1480 1.176513e-08
1481 0.000000e+00
1482 0.000000e+00
1483 0.000000e+00
1484 0.000000e+00
1485 1.197877e-07
1486 1.339854e-07
1487 1.384984e-07
1488 1.275636e-07
1489 1.021318e-07
1490 7.586570e-08
1491 5.868909e-08
1492 3.922527e-08
1493 2.432934e-08
1494 1.425384e-08
1495 8.384953e-09
1496 0.000000e+00
1497 0.000000e+00
1498 0.000000e+00
1499 0.000000e+00
1500 5.901314e-05
1501 4.362679e-05
1502 3.086664e-05
1503 2.004984e-05
1504 1.276870e-05
1505 0.000000e+00
1506 0.000000e+00
1507 0.000000e+00
1508 0.000000e+00
1509 0.000000e+00
1510 0.000000e+00
1511 0.000000e+00
1512 0.000000e+00
1513 0.000000e+00
1514 0.000000e+00
1515 4.173767e-05
1516 3.280213e-05
1517 2.461703e-05
1518 1.873795e-05
1519 1.227172e-05
1520 7.798049e-06
1521 4.813250e-06
1522 3.016920e-06
1523 0.000000e+00
1524 0.000000e+00
1525 0.000000e+00
1526 0.000000e+00
1527 0.000000e+00
1528 0.000000e+00
1529 0.000000e+00
1530 3.055366e-05
1531 2.629295e-05
1532 2.009921e-05
1533 1.514295e-05
1534 1.140804e-05
1535 7.031778e-06
1536 4.531286e-06
1537 2.761104e-06
1538 1.715387e-06
1539 0.000000e+00
1540 0.000000e+00
1541 0.000000e+00
1542 0.000000e+00
1543 0.000000e+00
1544 0.000000e+00
1545 2.319300e-05
1546 2.148740e-05
1547 1.735786e-05
1548 1.293406e-05
1549 9.959252e-06
1550 6.840721e-06
1551 4.237471e-06
1552 2.588226e-06
1553 1.590547e-06
1554 0.000000e+00
1555 0.000000e+00
1556 0.000000e+00
1557 0.000000e+00
1558 0.000000e+00
1559 0.000000e+00
1560 1.808483e-05
1561 1.770527e-05
1562 1.519140e-05
1563 1.154487e-05
1564 8.693883e-06
1565 6.572990e-06
1566 3.950996e-06
1567 2.547139e-06
1568 1.531773e-06
1569 9.301283e-07
1570 0.000000e+00
1571 0.000000e+00
1572 0.000000e+00
1573 0.000000e+00
1574 0.000000e+00
1575 1.422722e-05
1576 1.453787e-05
1577 1.319044e-05
1578 1.042241e-05
1579 7.741598e-06
1580 6.000870e-06
1581 3.901641e-06
1582 2.480720e-06
1583 1.468899e-06
1584 8.867541e-07
1585 0.000000e+00
1586 0.000000e+00
1587 0.000000e+00
1588 0.000000e+00
1589 0.000000e+00
1590 1.122387e-05
1591 1.187855e-05
1592 1.132752e-05
1593 9.401800e-06
1594 7.027968e-06
1595 5.365590e-06
1596 3.886695e-06
1597 2.312776e-06
1598 1.425147e-06
1599 8.545013e-07
1600 0.000000e+00
1601 0.000000e+00
1602 0.000000e+00
1603 0.000000e+00
1604 0.000000e+00
1605 8.667657e-06
1606 9.457447e-06
1607 9.429043e-06
1608 8.261597e-06
1609 6.344546e-06
1610 4.740649e-06
1611 3.654507e-06
1612 2.202557e-06
1613 1.431201e-06
1614 8.379000e-07
1615 4.886449e-07
1616 0.000000e+00
1617 0.000000e+00
1618 0.000000e+00
1619 0.000000e+00
1620 6.189952e-06
1621 6.955034e-06
1622 7.235455e-06
1623 6.722017e-06
1624 5.420538e-06
1625 4.022999e-06
1626 3.110609e-06
1627 2.117331e-06
1628 1.299244e-06
1629 7.606378e-07
1630 4.488498e-07
1631 0.000000e+00
1632 0.000000e+00
1633 0.000000e+00
1634 0.000000e+00
1635 4.701344e-06
1636 5.452172e-06
1637 5.930673e-06
1638 5.880156e-06
1639 5.113486e-06
1640 3.911083e-06
1641 2.933221e-06
1642 2.243941e-06
1643 1.338948e-06
1644 8.548034e-07
1645 4.927644e-07
1646 2.785719e-07
1647 0.000000e+00
1648 0.000000e+00
1649 0.000000e+00
1650 0.000000e+00
1651 0.000000e+00
1652 0.000000e+00
1653 0.000000e+00
1654 0.000000e+00
1655 0.000000e+00
1656 0.000000e+00
1657 0.000000e+00
1658 0.000000e+00
1659 0.000000e+00
1660 0.000000e+00
1661 0.000000e+00
1662 0.000000e+00
1663 0.000000e+00
1664 0.000000e+00
1665 1.255197e-06
1666 9.974620e-07
1667 7.521737e-07
1668 5.643946e-07
1669 3.789867e-07
1670 2.385726e-07
1671 1.489153e-07
1672 9.317782e-08
1673 0.000000e+00
1674 0.000000e+00
1675 0.000000e+00
1676 0.000000e+00
1677 0.000000e+00
1678 0.000000e+00
1679 0.000000e+00
1680 1.114577e-06
1681 9.615825e-07
1682 7.408682e-07
1683 5.584615e-07
1684 4.161052e-07
1685 2.632918e-07
1686 1.673031e-07
1687 1.022926e-07
1688 6.367872e-08
1689 0.000000e+00
1690 0.000000e+00
1691 0.000000e+00
1692 0.000000e+00
1693 0.000000e+00
1694 0.000000e+00
1695 9.746011e-07
1696 9.024676e-07
1697 7.318082e-07
1698 5.481660e-07
1699 4.194105e-07
1700 2.894659e-07
1701 1.792477e-07
1702 1.106921e-07
1703 6.776622e-08
1704 0.000000e+00
1705 0.000000e+00
1706 0.000000e+00
1707 0.000000e+00
1708 0.000000e+00
1709 0.000000e+00
1710 8.482221e-07
1711 8.294869e-07
1712 7.124303e-07
1713 5.437317e-07
1714 4.097653e-07
1715 3.072377e-07
1716 1.882730e-07
1717 1.201531e-07
1718 7.224089e-08
1719 4.400100e-08
1720 0.000000e+00
1721 0.000000e+00
1722 0.000000e+00
1723 0.000000e+00
1724 0.000000e+00
1725 7.351708e-07
1726 7.503913e-07
1727 6.805702e-07
1728 5.390572e-07
1729 4.015276e-07
1730 3.095159e-07
1731 2.028577e-07
1732 1.277069e-07
1733 7.627311e-08
1734 4.601919e-08
1735 0.000000e+00
1736 0.000000e+00
1737 0.000000e+00
1738 0.000000e+00
1739 0.000000e+00
1740 6.317451e-07
1741 6.679884e-07
1742 6.364164e-07
1743 5.286466e-07
1744 3.962087e-07
1745 3.022103e-07
1746 2.180644e-07
1747 1.309003e-07
1748 8.097613e-08
1749 4.842452e-08
1750 0.000000e+00
1751 0.000000e+00
1752 0.000000e+00
1753 0.000000e+00
1754 0.000000e+00
1755 5.354668e-07
1756 5.838256e-07
1757 5.814842e-07
1758 5.093279e-07
1759 3.918062e-07
1760 2.931314e-07
1761 2.247861e-07
1762 1.369192e-07
1763 8.804649e-08
1764 5.159059e-08
1765 3.025368e-08
1766 0.000000e+00
1767 0.000000e+00
1768 0.000000e+00
1769 0.000000e+00
1770 4.403990e-07
1771 4.945674e-07
1772 5.140720e-07
1773 4.772225e-07
1774 3.850879e-07
1775 2.862979e-07
1776 2.209488e-07
1777 1.504016e-07
1778 9.220851e-08
1779 5.438121e-08
1780 3.198566e-08
1781 0.000000e+00
1782 0.000000e+00
1783 0.000000e+00
1784 0.000000e+00
1785 4.192069e-07
1786 4.873893e-07
1787 5.319922e-07
1788 5.302693e-07
1789 4.650943e-07
1790 3.589041e-07
1791 2.691201e-07
1792 2.053211e-07
1793 1.259101e-07
1794 7.929586e-08
1795 4.584473e-08
1796 2.604400e-08
1797 0.000000e+00
1798 0.000000e+00
1799 0.000000e+00
1800 4.699021e-09
1801 3.266419e-09
1802 2.177307e-09
1803 1.413081e-09
1804 9.241476e-10
1805 6.149266e-10
1806 4.188509e-10
1807 2.895436e-10
1808 1.996720e-10
1809 1.346821e-10
1810 8.738184e-11
1811 5.390378e-11
1812 3.145209e-11
1813 1.737896e-11
1814 9.154846e-12
1815 1.162625e-08
1816 8.404798e-09
1817 5.857426e-09
1818 3.882354e-09
1819 2.494998e-09
1820 1.618490e-09
1821 1.066673e-09
1822 7.217840e-10
1823 4.975157e-10
1824 3.432092e-10
1825 2.321639e-10
1826 1.512554e-10
1827 9.371964e-11
1828 5.488486e-11
1829 3.039663e-11
1830 1.819129e-08
1831 1.347874e-08
1832 9.618136e-09
1833 6.590528e-09
1834 4.274584e-09
1835 2.741535e-09
1836 1.774934e-09
1837 1.174844e-09
1838 7.972577e-10
1839 5.488951e-10
1840 3.759500e-10
1841 2.510921e-10
1842 1.608836e-10
1843 9.783570e-11
1844 5.623614e-11
1845 2.489616e-08
1846 1.891181e-08
1847 1.370938e-08
1848 9.601302e-09
1849 6.379230e-09
1850 4.065610e-09
1851 2.614522e-09
1852 1.699114e-09
1853 1.134117e-09
1854 7.736058e-10
1855 5.307020e-10
1856 3.588596e-10
1857 2.348195e-10
1858 1.466887e-10
1859 8.681192e-11
1860 3.188919e-08
1861 2.483820e-08
1862 1.829173e-08
1863 1.299010e-08
1864 8.835646e-09
1865 5.669223e-09
1866 3.619567e-09
1867 2.323371e-09
1868 1.527598e-09
1869 1.029530e-09
1870 7.035216e-10
1871 4.782805e-10
1872 3.172774e-10
1873 2.021957e-10
1874 1.225328e-10
1875 3.940872e-08
1876 3.148453e-08
1877 2.359831e-08
1878 1.695487e-08
1879 1.174627e-08
1880 7.670346e-09
1881 4.857068e-09
1882 3.101826e-09
1883 2.009796e-09
1884 1.335638e-09
1885 9.054833e-10
1886 6.158817e-10
1887 4.121213e-10
1888 2.667075e-10
1889 1.649015e-10
1890 4.773953e-08
1891 3.913107e-08
1892 2.993585e-08
1893 2.177174e-08
1894 1.529579e-08
1895 1.020581e-08
1896 6.456894e-09
1897 4.109360e-09
1898 2.624378e-09
1899 1.719473e-09
1900 1.152917e-09
1901 7.813134e-10
1902 5.251718e-10
1903 3.438636e-10
1904 2.162921e-10
1905 5.735172e-08
1906 4.826684e-08
1907 3.780490e-08
1908 2.791231e-08
1909 1.984370e-08
1910 1.352124e-08
1911 8.651027e-09
1912 5.464333e-09
1913 3.456085e-09
1914 2.231199e-09
1915 1.475081e-09
1916 9.916807e-10
1917 6.667204e-10
1918 4.401229e-10
1919 2.809323e-10
1920 6.961209e-08
1921 6.031961e-08
1922 4.862339e-08
1923 3.667255e-08
1924 2.641626e-08
1925 1.835011e-08
1926 1.201815e-08
1927 7.538956e-09
1928 4.752243e-09
1929 3.014058e-09
1930 1.955664e-09
1931 1.296421e-09
1932 8.668401e-10
1933 5.744502e-10
1934 3.711764e-10
1935 9.149218e-08
1936 8.280781e-08
1937 6.994717e-08
1938 5.503045e-08
1939 4.078128e-08
1940 2.900651e-08
1941 1.975061e-08
1942 1.264265e-08
1943 7.898104e-09
1944 4.918777e-09
1945 3.097506e-09
1946 1.990368e-09
1947 1.301284e-09
1948 8.548835e-10
1949 5.555866e-10
1950 2.107089e-07
1951 2.158247e-07
1952 2.101588e-07
1953 1.926644e-07
1954 1.648907e-07
1955 1.311748e-07
1956 9.773303e-08
1957 6.956183e-08
1958 4.749487e-08
1959 3.016311e-08
1960 1.823173e-08
1961 1.083848e-08
1962 6.362290e-09
1963 3.732305e-09
1964 2.209040e-09
