0 1.839910e-09
1 1.227356e-09
2 7.973160e-10
3 5.176042e-10
4 3.390093e-10
5 2.246475e-10
6 1.494595e-10
7 9.837097e-11
8 6.308293e-11
9 3.894897e-11
10 2.300616e-11
11 1.300406e-11
12 7.077920e-12
13 3.757303e-12
14 1.972291e-12
15 2.942609e-09
16 2.002479e-09
17 1.311482e-09
18 8.463204e-10
19 5.498622e-10
20 3.612855e-10
21 2.399148e-10
22 1.591077e-10
23 1.037001e-10
24 6.546447e-11
25 3.964933e-11
26 2.295668e-11
27 1.274457e-11
28 6.847361e-12
29 3.612906e-12
30 3.358301e-09
31 2.300291e-09
32 1.512942e-09
33 9.756729e-10
34 6.325107e-10
35 4.143652e-10
36 2.747500e-10
37 1.823938e-10
38 1.193292e-10
39 7.576776e-11
40 4.621905e-11
41 2.696654e-11
42 1.507087e-11
43 8.134126e-12
44 4.301218e-12
45 3.600954e-09
46 2.473921e-09
47 1.630907e-09
48 1.051430e-09
49 6.809527e-10
50 4.454298e-10
51 2.951052e-10
52 1.960049e-10
53 1.284500e-10
54 8.179653e-11
55 5.006243e-11
56 2.931200e-11
57 1.643435e-11
58 8.889279e-12
59 4.706775e-12
60 3.770557e-09
61 2.595336e-09
62 1.713405e-09
63 1.104289e-09
64 7.146227e-10
65 4.670938e-10
66 3.092705e-10
67 2.054685e-10
68 1.348022e-10
69 8.599030e-11
70 5.274602e-11
71 3.094812e-11
72 1.738354e-11
73 9.416061e-12
74 4.988736e-12
75 3.902792e-09
76 2.689940e-09
77 1.777495e-09
78 1.145500e-09
79 7.409460e-10
80 4.840072e-10
81 3.203771e-10
82 2.128779e-10
83 1.397779e-10
84 8.927087e-11
85 5.483866e-11
86 3.222261e-11
87 1.812433e-11
88 9.825919e-12
89 5.207698e-12
90 4.014276e-09
91 2.769354e-09
92 1.831456e-09
93 1.180170e-09
94 7.630110e-10
95 4.981752e-10
96 3.296743e-10
97 2.190884e-10
98 1.439499e-10
99 9.203073e-11
100 5.659322e-11
101 3.329365e-11
102 1.874515e-11
103 1.016904e-11
104 5.391241e-12
105 4.112594e-09
106 2.839763e-09
107 1.879349e-09
108 1.210961e-09
109 7.826917e-10
110 5.108509e-10
111 3.379724e-10
112 2.246281e-10
113 1.476423e-10
114 9.447314e-11
115 5.815556e-11
116 3.425214e-11
117 1.930168e-11
118 1.047753e-11
119 5.556369e-12
120 4.209778e-09
121 2.909208e-09
122 1.926227e-09
123 1.241058e-09
124 8.019823e-10
125 5.231891e-10
126 3.460619e-10
127 2.300551e-10
128 1.512873e-10
129 9.687025e-11
130 5.968539e-11
131 3.518081e-11
132 1.984138e-11
133 1.077630e-11
134 5.716976e-12
135 4.332780e-09
136 2.997470e-09
137 1.985956e-09
138 1.279364e-09
139 8.263610e-10
140 5.388831e-10
141 3.563438e-10
142 2.369076e-10
143 1.559440e-10
144 9.994396e-11
145 6.163482e-11
146 3.636900e-11
147 2.052576e-11
148 1.115754e-11
149 5.920664e-12
150 5.623810e-09
151 3.945304e-09
152 2.651719e-09
153 1.713101e-09
154 1.102126e-09
155 7.139860e-10
156 4.693109e-10
157 3.116256e-10
158 2.061072e-10
159 1.335591e-10
160 8.359033e-11
161 5.013743e-11
162 2.876233e-11
163 1.582579e-11
164 8.460417e-12
165 6.996565e-09
166 4.960767e-09
167 3.377484e-09
168 2.197487e-09
169 1.409084e-09
170 9.092141e-10
171 5.940265e-10
172 3.932811e-10
173 2.605705e-10
174 1.700670e-10
175 1.076554e-10
176 6.544984e-11
177 3.805829e-11
178 2.119451e-11
179 1.141584e-11
180 7.839945e-09
181 5.586131e-09
182 3.825919e-09
183 2.500006e-09
184 1.601010e-09
185 1.031254e-09
186 6.717032e-10
187 4.437715e-10
188 2.943421e-10
189 1.926996e-10
190 1.225648e-10
191 7.497799e-11
192 4.387457e-11
193 2.456619e-11
194 1.328790e-11
195 8.433070e-09
196 6.026672e-09
197 4.141407e-09
198 2.713124e-09
199 1.736397e-09
200 1.117132e-09
201 7.264545e-10
202 4.795459e-10
203 3.180866e-10
204 2.086192e-10
205 1.330900e-10
206 8.167723e-11
207 4.797270e-11
208 2.695181e-11
209 1.460927e-11
210 8.895892e-09
211 6.368930e-09
212 4.387060e-09
213 2.878247e-09
214 1.841661e-09
215 1.184035e-09
216 7.689818e-10
217 5.072776e-10
218 3.365585e-10
219 2.209700e-10
220 1.412308e-10
221 8.688117e-11
222 5.114754e-11
223 2.879875e-11
224 1.563299e-11
225 9.282883e-09
226 6.655959e-09
227 4.592941e-09
228 3.016682e-09
229 1.929522e-09
230 1.240077e-09
231 8.047029e-10
232 5.304718e-10
233 3.520562e-10
234 2.313475e-10
235 1.480575e-10
236 9.124827e-11
237 5.381504e-11
238 3.034548e-11
239 1.648990e-11
240 9.626656e-09
241 6.911524e-09
242 4.776350e-09
243 3.140453e-09
244 2.007617e-09
245 1.289680e-09
246 8.362783e-10
247 5.511636e-10
248 3.658719e-10
249 2.405478e-10
250 1.541805e-10
251 9.513940e-11
252 5.620494e-11
253 3.173394e-11
254 1.725937e-11
255 9.965338e-09
256 7.161646e-09
257 4.955882e-09
258 3.261443e-09
259 2.084540e-09
260 1.338687e-09
261 8.675112e-10
262 5.714259e-10
263 3.793507e-10
264 2.496086e-10
265 1.601534e-10
266 9.895736e-11
267 5.853739e-11
268 3.308256e-11
269 1.800447e-11
270 1.039584e-08
271 7.481769e-09
272 5.185657e-09
273 3.416344e-09
274 2.182732e-09
275 1.400655e-09
276 9.072000e-10
277 5.973332e-10
278 3.964571e-10
279 2.612087e-10
280 1.677768e-10
281 1.038152e-10
282 6.150493e-11
283 3.480911e-11
284 1.896041e-11
285 9.309648e-09
286 6.697215e-09
287 4.641305e-09
288 3.070240e-09
289 1.965317e-09
290 1.262436e-09
291 8.169829e-10
292 5.371810e-10
293 3.558042e-10
294 2.338334e-10
295 1.500614e-10
296 9.290941e-11
297 5.509874e-11
298 3.126111e-11
299 1.707583e-11
300 1.090072e-08
301 7.906990e-09
302 5.525896e-09
303 3.692922e-09
304 2.368569e-09
305 1.517470e-09
306 9.777448e-10
307 6.398684e-10
308 4.232258e-10
309 2.788570e-10
310 1.800659e-10
311 1.124586e-10
312 6.738739e-11
313 3.862246e-11
314 2.126764e-11
315 1.204563e-08
316 8.780292e-09
317 6.165468e-09
318 4.143438e-09
319 2.662461e-09
320 1.702744e-09
321 1.094724e-09
322 7.146372e-10
323 4.720622e-10
324 3.114216e-10
325 2.017548e-10
326 1.266267e-10
327 7.629971e-11
328 4.398140e-11
329 2.432798e-11
330 1.293958e-08
331 9.462300e-09
332 6.665775e-09
333 4.495805e-09
334 2.892453e-09
335 1.847872e-09
336 1.186307e-09
337 7.731119e-10
338 5.102726e-10
339 3.368565e-10
340 2.187516e-10
341 1.377305e-10
342 8.329350e-11
343 4.818230e-11
344 2.672955e-11
345 1.368902e-08
346 1.003397e-08
347 7.084459e-09
348 4.791312e-09
349 3.084305e-09
350 1.968984e-09
351 1.262724e-09
352 8.219151e-10
353 5.422669e-10
354 3.581708e-10
355 2.329584e-10
356 1.470088e-10
357 8.913099e-11
358 5.168842e-11
359 2.873558e-11
360 1.435463e-08
361 1.054299e-08
362 7.456268e-09
363 5.052725e-09
364 3.255404e-09
365 2.076900e-09
366 1.330786e-09
367 8.653697e-10
368 5.706844e-10
369 3.771366e-10
370 2.455986e-10
371 1.552454e-10
372 9.431922e-11
373 5.480887e-11
374 3.051693e-11
375 1.500961e-08
376 1.104126e-08
377 7.821477e-09
378 5.310741e-09
379 3.422905e-09
380 2.182753e-09
381 1.397709e-09
382 9.081334e-10
383 5.985672e-10
384 3.957105e-10
385 2.579957e-10
386 1.633553e-10
387 9.943243e-11
388 5.787049e-11
389 3.226825e-11
390 1.583978e-08
391 1.167493e-08
392 8.285913e-09
393 5.637656e-09
394 3.636862e-09
395 2.317219e-09
396 1.482757e-09
397 9.622520e-10
398 6.339781e-10
399 4.193900e-10
400 2.737475e-10
401 1.736650e-10
402 1.058996e-10
403 6.175867e-11
404 3.449004e-11
405 1.325865e-08
406 9.737386e-09
407 6.877987e-09
408 4.663052e-09
409 3.014237e-09
410 1.923275e-09
411 1.233772e-09
412 8.017815e-10
413 5.280036e-10
414 3.482819e-10
415 2.264544e-10
416 1.430182e-10
417 8.686980e-11
418 5.050388e-11
419 2.816349e-11
420 1.507094e-08
421 1.116115e-08
422 7.935705e-09
423 5.424761e-09
424 3.529424e-09
425 2.247176e-09
426 1.438780e-09
427 9.306633e-10
428 6.108544e-10
429 4.029532e-10
430 2.628948e-10
431 1.670821e-10
432 1.023051e-10
433 6.000484e-11
434 3.372496e-11
435 1.650323e-08
436 1.228881e-08
437 8.773563e-09
438 6.029122e-09
439 3.939519e-09
440 2.505451e-09
441 1.601859e-09
442 1.033235e-09
443 6.768443e-10
444 4.464220e-10
445 2.918500e-10
446 1.861973e-10
447 1.145975e-10
448 6.757282e-11
449 3.816383e-11
450 1.770667e-08
451 1.323712e-08
452 9.478899e-09
453 6.536945e-09
454 4.283658e-09
455 2.722195e-09
456 1.738659e-09
457 1.119313e-09
458 7.322295e-10
459 4.828815e-10
460 3.161629e-10
461 2.022731e-10
462 1.248907e-10
463 7.391675e-11
464 4.189113e-11
465 1.877296e-08
466 1.407801e-08
467 1.010321e-08
468 6.986765e-09
469 4.589258e-09
470 2.914836e-09
471 1.860496e-09
472 1.195669e-09
473 7.813713e-10
474 5.152770e-10
475 3.377617e-10
476 2.165093e-10
477 1.340520e-10
478 7.955008e-11
479 4.519413e-11
480 1.982220e-08
481 1.490258e-08
482 1.071692e-08
483 7.430392e-09
484 4.889107e-09
485 3.103918e-09
486 1.979941e-09
487 1.270861e-09
488 8.296271e-10
489 5.470445e-10
490 3.589202e-10
491 2.305062e-10
492 1.430576e-10
493 8.509042e-11
494 4.844815e-11
495 2.115260e-08
496 1.595056e-08
497 1.149754e-08
498 7.992088e-09
499 5.270777e-09
500 3.344288e-09
501 2.131729e-09
502 1.366141e-09
503 8.910075e-10
504 5.875552e-10
505 3.858373e-10
506 2.483219e-10
507 1.544746e-10
508 9.212026e-11
509 5.257226e-11
510 1.758105e-08
511 1.318240e-08
512 9.454288e-09
513 6.530473e-09
514 4.296843e-09
515 2.733437e-09
516 1.745778e-09
517 1.122208e-09
518 7.328596e-10
519 4.826471e-10
520 3.158472e-10
521 2.022089e-10
522 1.250868e-10
523 7.422423e-11
524 4.219502e-11
525 1.965956e-08
526 1.487212e-08
527 1.073187e-08
528 7.462437e-09
529 4.949078e-09
530 3.151469e-09
531 2.008887e-09
532 1.286303e-09
533 8.368752e-10
534 5.502671e-10
535 3.606257e-10
536 2.319149e-10
537 1.444158e-10
538 8.634613e-11
539 4.946421e-11
540 2.141459e-08
541 1.630092e-08
542 1.181406e-08
543 8.250435e-09
544 5.500364e-09
545 3.505569e-09
546 2.231362e-09
547 1.425024e-09
548 9.249507e-10
549 6.074566e-10
550 3.985034e-10
551 2.570383e-10
552 1.607392e-10
553 9.659765e-11
554 5.562049e-11
555 2.297187e-08
556 1.757096e-08
557 1.277599e-08
558 8.951647e-09
559 5.992172e-09
560 3.820577e-09
561 2.429329e-09
562 1.548522e-09
563 1.003308e-09
564 6.583320e-10
565 4.321751e-10
566 2.793587e-10
567 1.752822e-10
568 1.057240e-10
569 6.109807e-11
570 2.450745e-08
571 1.881665e-08
572 1.371970e-08
573 9.640691e-09
574 6.473061e-09
575 4.129812e-09
576 2.623486e-09
577 1.669862e-09
578 1.080188e-09
579 7.082024e-10
580 4.652461e-10
581 3.012968e-10
582 1.895531e-10
583 1.146761e-10
584 6.647072e-11
585 2.644723e-08
586 2.039805e-08
587 1.491590e-08
588 1.051368e-08
589 7.084429e-09
590 4.522066e-09
591 2.870276e-09
592 1.823533e-09
593 1.177642e-09
594 7.716334e-10
595 5.071616e-10
596 3.291031e-10
597 2.076511e-10
598 1.260261e-10
599 7.329045e-11
600 2.244114e-08
601 1.719438e-08
602 1.251775e-08
603 8.774833e-09
604 5.884262e-09
605 3.763977e-09
606 2.391730e-09
607 1.525010e-09
608 9.868289e-10
609 6.465526e-10
610 4.239620e-10
611 2.739314e-10
612 1.719435e-10
613 1.038297e-10
614 6.011371e-11
615 2.487121e-08
616 1.923943e-08
617 1.410357e-08
618 9.941655e-09
619 6.717881e-09
620 4.316121e-09
621 2.735933e-09
622 1.740376e-09
623 1.121630e-09
624 7.327660e-10
625 4.804657e-10
626 3.113527e-10
627 1.964619e-10
628 1.194552e-10
629 6.967796e-11
630 2.704177e-08
631 2.106737e-08
632 1.551732e-08
633 1.098349e-08
634 7.462581e-09
635 4.808993e-09
636 3.043439e-09
637 1.932739e-09
638 1.242014e-09
639 8.097000e-10
640 5.308589e-10
641 3.447144e-10
642 2.183683e-10
643 1.334003e-10
644 7.820745e-11
645 2.917258e-08
646 2.285634e-08
647 1.690349e-08
648 1.200582e-08
649 8.192109e-09
650 5.292780e-09
651 3.345108e-09
652 2.121677e-09
653 1.360071e-09
654 8.851546e-10
655 5.803509e-10
656 3.774943e-10
657 2.398559e-10
658 1.471001e-10
659 8.659021e-11
660 3.186643e-08
661 2.512822e-08
662 1.866333e-08
663 1.330270e-08
664 9.118598e-09
665 5.906368e-09
666 3.728003e-09
667 2.360811e-09
668 1.509643e-09
669 9.809056e-10
670 6.431063e-10
671 4.190399e-10
672 2.670854e-10
673 1.644652e-10
674 9.721596e-11
675 2.806997e-08
676 2.200613e-08
677 1.629099e-08
678 1.156950e-08
679 7.895153e-09
680 5.116654e-09
681 3.235258e-09
682 2.053835e-09
683 1.315618e-09
684 8.553284e-10
685 5.599486e-10
686 3.637779e-10
687 2.309649e-10
688 1.416499e-10
689 8.345448e-11
690 3.100947e-08
691 2.456396e-08
692 1.832742e-08
693 1.308866e-08
694 8.994552e-09
695 5.869127e-09
696 3.707149e-09
697 2.349743e-09
698 1.498438e-09
699 9.704935e-10
700 6.343668e-10
701 4.127257e-10
702 2.631925e-10
703 1.624122e-10
704 9.636730e-11
705 3.389586e-08
706 2.707324e-08
707 2.032387e-08
708 1.458017e-08
709 1.007262e-08
710 6.607986e-09
711 4.170480e-09
712 2.640330e-09
713 1.677740e-09
714 1.083500e-09
715 7.074616e-10
716 4.608216e-10
717 2.948237e-10
718 1.828037e-10
719 1.090615e-10
720 3.755124e-08
721 3.025904e-08
722 2.286001e-08
723 1.647250e-08
724 1.144223e-08
725 7.545477e-09
726 4.758397e-09
727 3.008513e-09
728 1.904959e-09
729 1.226865e-09
730 8.000986e-10
731 5.217983e-10
732 3.349299e-10
733 2.086673e-10
734 1.251506e-10
735 3.486547e-08
736 2.801643e-08
737 2.114811e-08
738 1.522562e-08
739 1.055424e-08
740 6.963316e-09
741 4.404653e-09
742 2.785270e-09
743 1.765797e-09
744 1.137103e-09
745 7.406450e-10
746 4.820470e-10
747 3.087633e-10
748 1.919886e-10
749 1.150084e-10
750 3.874948e-08
751 3.151125e-08
752 2.402062e-08
753 1.741187e-08
754 1.215056e-08
755 8.087420e-09
756 5.127188e-09
757 3.235072e-09
758 2.042264e-09
759 1.309026e-09
760 8.499155e-10
761 5.531371e-10
762 3.554123e-10
763 2.222784e-10
764 1.341390e-10
765 4.366957e-08
766 3.594604e-08
767 2.766562e-08
768 2.018504e-08
769 1.417669e-08
770 9.512978e-09
771 6.042711e-09
772 3.804488e-09
773 2.392843e-09
774 1.527038e-09
775 9.885347e-10
776 6.432299e-10
777 4.145378e-10
778 2.606829e-10
779 1.583775e-10
780 4.396178e-08
781 3.635589e-08
782 2.813340e-08
783 2.061363e-08
784 1.451313e-08
785 9.781355e-09
786 6.251913e-09
787 3.929950e-09
788 2.471931e-09
789 1.572599e-09
790 1.014460e-09
791 6.585749e-10
792 4.241354e-10
793 2.670158e-10
794 1.626922e-10
795 5.075233e-08
796 4.270509e-08
797 3.355824e-08
798 2.486104e-08
799 1.765633e-08
800 1.203823e-08
801 7.763451e-09
802 4.864811e-09
803 3.051376e-09
804 1.926872e-09
805 1.234918e-09
806 7.991770e-10
807 5.154879e-10
808 3.264158e-10
809 2.006294e-10
810 6.107456e-08
811 5.278912e-08
812 4.260705e-08
813 3.226367e-08
814 2.326578e-08
815 1.613230e-08
816 1.062999e-08
817 6.682571e-09
818 4.175698e-09
819 2.605903e-09
820 1.648301e-09
821 1.055647e-09
822 6.784154e-10
823 4.313360e-10
824 2.680136e-10
825 5.217971e-07
826 3.944701e-07
827 2.934473e-07
828 2.000286e-07
829 1.264166e-07
830 7.977259e-08
831 5.012478e-08
832 0.000000e+00
833 0.000000e+00
834 0.000000e+00
835 0.000000e+00
836 0.000000e+00
837 0.000000e+00
838 0.000000e+00
839 0.000000e+00
840 6.673988e-07
841 5.059886e-07
842 3.773211e-07
843 2.600996e-07
844 1.647482e-07
845 1.040508e-07
846 6.522911e-08
847 0.000000e+00
848 0.000000e+00
849 0.000000e+00
850 0.000000e+00
851 0.000000e+00
852 0.000000e+00
853 0.000000e+00
854 0.000000e+00
855 7.709828e-07
856 5.854938e-07
857 4.371180e-07
858 3.029698e-07
859 1.922008e-07
860 1.214204e-07
861 7.604400e-08
862 0.000000e+00
863 0.000000e+00
864 0.000000e+00
865 0.000000e+00
866 0.000000e+00
867 0.000000e+00
868 0.000000e+00
869 0.000000e+00
870 8.517979e-07
871 6.475124e-07
872 4.837678e-07
873 3.364113e-07
874 2.136196e-07
875 1.349738e-07
876 8.448386e-08
877 0.000000e+00
878 0.000000e+00
879 0.000000e+00
880 0.000000e+00
881 0.000000e+00
882 0.000000e+00
883 0.000000e+00
884 0.000000e+00
885 9.195277e-07
886 6.994978e-07
887 5.228732e-07
888 3.644454e-07
889 2.315748e-07
890 1.463343e-07
891 9.155790e-08
892 0.000000e+00
893 0.000000e+00
894 0.000000e+00
895 0.000000e+00
896 0.000000e+00
897 0.000000e+00
898 0.000000e+00
899 0.000000e+00
900 9.798154e-07
901 7.457614e-07
902 5.576773e-07
903 3.893947e-07
904 2.475546e-07
905 1.564441e-07
906 9.785371e-08
907 0.000000e+00
908 0.000000e+00
909 0.000000e+00
910 0.000000e+00
911 0.000000e+00
912 0.000000e+00
913 0.000000e+00
914 0.000000e+00
915 1.039040e-06
916 7.912166e-07
917 5.918704e-07
918 4.139048e-07
919 2.632516e-07
920 1.663776e-07
921 1.040388e-07
922 0.000000e+00
923 0.000000e+00
924 0.000000e+00
925 0.000000e+00
926 0.000000e+00
927 0.000000e+00
928 0.000000e+00
929 0.000000e+00
930 1.114234e-06
931 8.489348e-07
932 6.352854e-07
933 4.450289e-07
934 2.831855e-07
935 1.789902e-07
936 1.118928e-07
937 0.000000e+00
938 0.000000e+00
939 0.000000e+00
940 0.000000e+00
941 0.000000e+00
942 0.000000e+00
943 0.000000e+00
944 0.000000e+00
945 2.662434e-07
946 2.064478e-07
947 1.554573e-07
948 1.159252e-07
949 7.464389e-08
950 4.746744e-08
951 2.932567e-08
952 1.838149e-08
953 0.000000e+00
954 0.000000e+00
955 0.000000e+00
956 0.000000e+00
957 0.000000e+00
958 0.000000e+00
959 0.000000e+00
960 4.281610e-07
961 3.360881e-07
962 2.528501e-07
963 1.898673e-07
964 1.248588e-07
965 7.889848e-08
966 4.890786e-08
967 3.053805e-08
968 0.000000e+00
969 0.000000e+00
970 0.000000e+00
971 0.000000e+00
972 0.000000e+00
973 0.000000e+00
974 0.000000e+00
975 5.550045e-07
976 4.386305e-07
977 3.300946e-07
978 2.484319e-07
979 1.652177e-07
980 1.041230e-07
981 6.470251e-08
982 4.031277e-08
983 0.000000e+00
984 0.000000e+00
985 0.000000e+00
986 0.000000e+00
987 0.000000e+00
988 0.000000e+00
989 0.000000e+00
990 6.549851e-07
991 5.196012e-07
992 3.911506e-07
993 2.947016e-07
994 1.971598e-07
995 1.241143e-07
996 7.722147e-08
997 4.805710e-08
998 0.000000e+00
999 0.000000e+00
1000 0.000000e+00
1001 0.000000e+00
1002 0.000000e+00
1003 0.000000e+00
1004 0.000000e+00
1005 7.387643e-07
1006 5.874534e-07
1007 4.423184e-07
1008 3.334717e-07
1009 2.239238e-07
1010 1.408678e-07
1011 8.771122e-08
1012 5.454599e-08
1013 0.000000e+00
1014 0.000000e+00
1015 0.000000e+00
1016 0.000000e+00
1017 0.000000e+00
1018 0.000000e+00
1019 0.000000e+00
1020 8.133037e-07
1021 6.478090e-07
1022 4.878306e-07
1023 3.679650e-07
1024 2.477349e-07
1025 1.557726e-07
1026 9.704352e-08
1027 6.031940e-08
1028 0.000000e+00
1029 0.000000e+00
1030 0.000000e+00
1031 0.000000e+00
1032 0.000000e+00
1033 0.000000e+00
1034 0.000000e+00
1035 8.865625e-07
1036 7.071192e-07
1037 5.325515e-07
1038 4.018560e-07
1039 2.711294e-07
1040 1.704169e-07
1041 1.062128e-07
1042 6.599159e-08
1043 0.000000e+00
1044 0.000000e+00
1045 0.000000e+00
1046 0.000000e+00
1047 0.000000e+00
1048 0.000000e+00
1049 0.000000e+00
1050 9.795500e-07
1051 7.824331e-07
1052 5.893445e-07
1053 4.448965e-07
1054 3.008426e-07
1055 1.890167e-07
1056 1.178576e-07
1057 7.319486e-08
1058 0.000000e+00
1059 0.000000e+00
1060 0.000000e+00
1061 0.000000e+00
1062 0.000000e+00
1063 0.000000e+00
1064 0.000000e+00
1065 2.424537e-07
1066 2.001651e-07
1067 1.508813e-07
1068 1.147970e-07
1069 8.183134e-08
1070 5.057954e-08
1071 3.194238e-08
1072 1.966732e-08
1073 1.232103e-08
1074 0.000000e+00
1075 0.000000e+00
1076 0.000000e+00
1077 0.000000e+00
1078 0.000000e+00
1079 0.000000e+00
1080 3.741654e-07
1081 3.128907e-07
1082 2.371304e-07
1083 1.798480e-07
1084 1.302054e-07
1085 8.074357e-08
1086 5.120957e-08
1087 3.141532e-08
1088 1.959831e-08
1089 0.000000e+00
1090 0.000000e+00
1091 0.000000e+00
1092 0.000000e+00
1093 0.000000e+00
1094 0.000000e+00
1095 4.846711e-07
1096 4.081069e-07
1097 3.103521e-07
1098 2.350156e-07
1099 1.713495e-07
1100 1.066651e-07
1101 6.770470e-08
1102 4.147635e-08
1103 2.582451e-08
1104 0.000000e+00
1105 0.000000e+00
1106 0.000000e+00
1107 0.000000e+00
1108 0.000000e+00
1109 0.000000e+00
1110 5.777029e-07
1111 4.883398e-07
1112 3.720983e-07
1113 2.815400e-07
1114 2.060415e-07
1115 1.285566e-07
1116 8.162586e-08
1117 4.997258e-08
1118 3.108115e-08
1119 0.000000e+00
1120 0.000000e+00
1121 0.000000e+00
1122 0.000000e+00
1123 0.000000e+00
1124 0.000000e+00
1125 6.604046e-07
1126 5.596481e-07
1127 4.269752e-07
1128 3.228906e-07
1129 2.368785e-07
1130 1.480175e-07
1131 9.399900e-08
1132 5.752437e-08
1133 3.575366e-08
1134 0.000000e+00
1135 0.000000e+00
1136 0.000000e+00
1137 0.000000e+00
1138 0.000000e+00
1139 0.000000e+00
1140 7.416682e-07
1141 6.297113e-07
1142 4.808963e-07
1143 3.635146e-07
1144 2.671705e-07
1145 1.671320e-07
1146 1.061545e-07
1147 6.494311e-08
1148 4.034433e-08
1149 0.000000e+00
1150 0.000000e+00
1151 0.000000e+00
1152 0.000000e+00
1153 0.000000e+00
1154 0.000000e+00
1155 8.448634e-07
1156 7.187003e-07
1157 5.493750e-07
1158 4.151173e-07
1159 3.056482e-07
1160 1.914116e-07
1161 1.215947e-07
1162 7.436660e-08
1163 4.617412e-08
1164 0.000000e+00
1165 0.000000e+00
1166 0.000000e+00
1167 0.000000e+00
1168 0.000000e+00
1169 0.000000e+00
1170 2.256354e-07
1171 1.985879e-07
1172 1.542463e-07
1173 1.155671e-07
1174 8.794772e-08
1175 5.592981e-08
1176 3.573736e-08
1177 2.168037e-08
1178 1.335001e-08
1179 0.000000e+00
1180 0.000000e+00
1181 0.000000e+00
1182 0.000000e+00
1183 0.000000e+00
1184 0.000000e+00
1185 3.384796e-07
1186 3.010166e-07
1187 2.357572e-07
1188 1.764581e-07
1189 1.346099e-07
1190 8.705007e-08
1191 5.524288e-08
1192 3.358458e-08
1193 2.065164e-08
1194 0.000000e+00
1195 0.000000e+00
1196 0.000000e+00
1197 0.000000e+00
1198 0.000000e+00
1199 0.000000e+00
1200 4.370333e-07
1201 3.907947e-07
1202 3.074833e-07
1203 2.300991e-07
1204 1.756699e-07
1205 1.146413e-07
1206 7.249033e-08
1207 4.414940e-08
1208 2.712317e-08
1209 0.000000e+00
1210 0.000000e+00
1211 0.000000e+00
1212 0.000000e+00
1213 0.000000e+00
1214 0.000000e+00
1215 5.246674e-07
1216 4.706530e-07
1217 3.713074e-07
1218 2.778258e-07
1219 2.122045e-07
1220 1.391924e-07
1221 8.783873e-08
1222 5.355185e-08
1223 3.288174e-08
1224 0.000000e+00
1225 0.000000e+00
1226 0.000000e+00
1227 0.000000e+00
1228 0.000000e+00
1229 0.000000e+00
1230 6.107254e-07
1231 5.490547e-07
1232 4.339462e-07
1233 3.246782e-07
1234 2.480626e-07
1235 1.632938e-07
1236 1.029083e-07
1237 6.278248e-08
1238 3.853544e-08
1239 0.000000e+00
1240 0.000000e+00
1241 0.000000e+00
1242 0.000000e+00
1243 0.000000e+00
1244 0.000000e+00
1245 7.200040e-07
1246 6.486187e-07
1247 5.135160e-07
1248 3.841826e-07
1249 2.936147e-07
1250 1.939092e-07
1251 1.220505e-07
1252 7.451009e-08
1253 4.571627e-08
1254 0.000000e+00
1255 0.000000e+00
1256 0.000000e+00
1257 0.000000e+00
1258 0.000000e+00
1259 0.000000e+00
1260 2.149453e-07
1261 1.998268e-07
1262 1.622999e-07
1263 1.212698e-07
1264 9.296763e-08
1265 6.449614e-08
1266 3.973172e-08
1267 2.448331e-08
1268 1.496561e-08
1269 0.000000e+00
1270 0.000000e+00
1271 0.000000e+00
1272 0.000000e+00
1273 0.000000e+00
1274 0.000000e+00
1275 3.153544e-07
1276 2.954283e-07
1277 2.419286e-07
1278 1.811916e-07
1279 1.385623e-07
1280 9.746418e-08
1281 5.978841e-08
1282 3.709132e-08
1283 2.261381e-08
1284 0.000000e+00
1285 0.000000e+00
1286 0.000000e+00
1287 0.000000e+00
1288 0.000000e+00
1289 0.000000e+00
1290 4.060896e-07
1291 3.819592e-07
1292 3.141653e-07
1293 2.356225e-07
1294 1.799415e-07
1295 1.274446e-07
1296 7.806805e-08
1297 4.858445e-08
1298 2.958015e-08
1299 0.000000e+00
1300 0.000000e+00
1301 0.000000e+00
1302 0.000000e+00
1303 0.000000e+00
1304 0.000000e+00
1305 4.950682e-07
1306 4.667853e-07
1307 3.849626e-07
1308 2.889674e-07
1309 2.205034e-07
1310 1.568238e-07
1311 9.598215e-08
1312 5.984742e-08
1313 3.640688e-08
1314 0.000000e+00
1315 0.000000e+00
1316 0.000000e+00
1317 0.000000e+00
1318 0.000000e+00
1319 0.000000e+00
1320 6.080475e-07
1321 5.745217e-07
1322 4.748733e-07
1323 3.567163e-07
1324 2.720102e-07
1325 1.941344e-07
1326 1.187266e-07
1327 7.414646e-08
1328 4.507468e-08
1329 0.000000e+00
1330 0.000000e+00
1331 0.000000e+00
1332 0.000000e+00
1333 0.000000e+00
1334 0.000000e+00
1335 2.103202e-07
1336 2.044954e-07
1337 1.742882e-07
1338 1.322743e-07
1339 9.986794e-08
1340 7.456434e-08
1341 4.519290e-08
1342 2.886605e-08
1343 1.738158e-08
1344 1.054999e-08
1345 0.000000e+00
1346 0.000000e+00
1347 0.000000e+00
1348 0.000000e+00
1349 0.000000e+00
1350 3.027169e-07
1351 2.959258e-07
1352 2.539296e-07
1353 1.935047e-07
1354 1.457917e-07
1355 1.094592e-07
1356 6.674157e-08
1357 4.268051e-08
1358 2.564231e-08
1359 1.553903e-08
1360 0.000000e+00
1361 0.000000e+00
1362 0.000000e+00
1363 0.000000e+00
1364 0.000000e+00
1365 3.934735e-07
1366 3.857510e-07
1367 3.322100e-07
1368 2.537169e-07
1369 1.909540e-07
1370 1.437725e-07
1371 8.795366e-08
1372 5.626838e-08
1373 3.376994e-08
1374 2.044778e-08
1375 0.000000e+00
1376 0.000000e+00
1377 0.000000e+00
1378 0.000000e+00
1379 0.000000e+00
1380 5.086310e-07
1381 4.997289e-07
1382 4.315226e-07
1383 3.300992e-07
1384 2.482457e-07
1385 1.872982e-07
1386 1.148616e-07
1387 7.350648e-08
1388 4.408181e-08
1389 2.667505e-08
1390 0.000000e+00
1391 0.000000e+00
1392 0.000000e+00
1393 0.000000e+00
1394 0.000000e+00
1395 1.211278e-07
1396 1.212818e-07
1397 1.071466e-07
1398 8.300896e-08
1399 6.196776e-08
1400 4.765671e-08
1401 2.969291e-08
1402 1.913798e-08
1403 1.138047e-08
1404 6.848643e-09
1405 0.000000e+00
1406 0.000000e+00
1407 0.000000e+00
1408 0.000000e+00
1409 0.000000e+00
1410 2.114469e-07
1411 2.133278e-07
1412 1.904353e-07
1413 1.487891e-07
1414 1.109175e-07
1415 8.544403e-08
1416 5.429544e-08
1417 3.469100e-08
1418 2.063431e-08
1419 1.242138e-08
1420 0.000000e+00
1421 0.000000e+00
1422 0.000000e+00
1423 0.000000e+00
1424 0.000000e+00
1425 3.033472e-07
1426 3.071707e-07
1427 2.755958e-07
1428 2.162501e-07
1429 1.611399e-07
1430 1.241792e-07
1431 7.968840e-08
1432 5.067871e-08
1433 3.017271e-08
1434 1.816252e-08
1435 0.000000e+00
1436 0.000000e+00
1437 0.000000e+00
1438 0.000000e+00
1439 0.000000e+00
1440 4.196702e-07
1441 4.259389e-07
1442 3.833643e-07
1443 3.016101e-07
1444 2.246870e-07
1445 1.731918e-07
1446 1.118129e-07
1447 7.090740e-08
1448 4.224168e-08
1449 2.542657e-08
1450 0.000000e+00
1451 0.000000e+00
1452 0.000000e+00
1453 0.000000e+00
1454 0.000000e+00
1455 1.299713e-07
1456 1.345739e-07
1457 1.244330e-07
1458 1.001394e-07
1459 7.446684e-08
1460 5.743410e-08
1461 3.901214e-08
1462 2.411732e-08
1463 1.444541e-08
1464 8.699473e-09
1465 0.000000e+00
1466 0.000000e+00
1467 0.000000e+00
1468 0.000000e+00
1469 0.000000e+00
1470 2.217621e-07
1471 2.308225e-07
1472 2.150469e-07
1473 1.744331e-07
1474 1.299170e-07
1475 9.993311e-08
1476 6.900000e-08
1477 4.227031e-08
1478 2.551888e-08
1479 1.534307e-08
1480 0.000000e+00
1481 0.000000e+00
1482 0.000000e+00
1483 0.000000e+00
1484 0.000000e+00
1485 3.385753e-07
1486 3.533583e-07
1487 3.304833e-07
1488 2.691525e-07
1489 2.006398e-07
1490 1.541200e-07
1491 1.072735e-07
1492 6.544304e-08
1493 3.966890e-08
1494 2.382899e-08
1495 0.000000e+00
1496 0.000000e+00
1497 0.000000e+00
1498 0.000000e+00
1499 0.000000e+00
1500 1.464790e-07
1501 1.561440e-07
1502 1.505109e-07
1503 1.265951e-07
1504 9.521780e-08
1505 7.226764e-08
1506 5.329405e-08
1507 3.167583e-08
1508 1.986352e-08
1509 1.182511e-08
1510 7.025938e-09
1511 0.000000e+00
1512 0.000000e+00
1513 0.000000e+00
1514 0.000000e+00
1515 2.633270e-07
1516 2.816992e-07
1517 2.729582e-07
1518 2.310459e-07
1519 1.743192e-07
1520 1.319704e-07
1521 9.807844e-08
1522 5.835861e-08
1523 3.682254e-08
1524 2.186154e-08
1525 1.294546e-08
1526 0.000000e+00
1527 0.000000e+00
1528 0.000000e+00
1529 0.000000e+00
1530 1.918902e-07
1531 2.100070e-07
1532 2.103313e-07
1533 1.855261e-07
1534 1.433168e-07
1535 1.069747e-07
1536 8.245701e-08
1537 5.055095e-08
1538 3.258934e-08
1539 1.904386e-08
1540 1.112597e-08
1541 0.000000e+00
1542 0.000000e+00
1543 0.000000e+00
1544 0.000000e+00
1545 5.559241e-05
1546 4.197740e-05
1547 3.183563e-05
1548 2.207323e-05
1549 1.387262e-05
1550 8.757688e-06
1551 5.471581e-06
1552 0.000000e+00
1553 0.000000e+00
1554 0.000000e+00
1555 0.000000e+00
1556 0.000000e+00
1557 0.000000e+00
1558 0.000000e+00
1559 0.000000e+00
1560 4.156041e-05
1561 3.298905e-05
1562 2.469189e-05
1563 1.890863e-05
1564 1.259466e-05
1565 7.956374e-06
1566 4.910266e-06
1567 3.053683e-06
1568 0.000000e+00
1569 0.000000e+00
1570 0.000000e+00
1571 0.000000e+00
1572 0.000000e+00
1573 0.000000e+00
1574 0.000000e+00
1575 3.253868e-05
1576 2.768997e-05
1577 2.103809e-05
1578 1.590018e-05
1579 1.185578e-05
1580 7.255492e-06
1581 4.659210e-06
1582 2.846433e-06
1583 1.762346e-06
1584 0.000000e+00
1585 0.000000e+00
1586 0.000000e+00
1587 0.000000e+00
1588 0.000000e+00
1589 0.000000e+00
1590 2.615217e-05
1591 2.363201e-05
1592 1.866872e-05
1593 1.390301e-05
1594 1.073160e-05
1595 7.022075e-06
1596 4.463173e-06
1597 2.696333e-06
1598 1.654896e-06
1599 0.000000e+00
1600 0.000000e+00
1601 0.000000e+00
1602 0.000000e+00
1603 0.000000e+00
1604 0.000000e+00
1605 2.140431e-05
1606 2.030633e-05
1607 1.680029e-05
1608 1.257216e-05
1609 9.602884e-06
1610 6.911057e-06
1611 4.174485e-06
1612 2.602051e-06
1613 1.586799e-06
1614 0.000000e+00
1615 0.000000e+00
1616 0.000000e+00
1617 0.000000e+00
1618 0.000000e+00
1619 0.000000e+00
1620 1.775878e-05
1621 1.751847e-05
1622 1.517062e-05
1623 1.158545e-05
1624 8.692736e-06
1625 6.629781e-06
1626 4.004080e-06
1627 2.595581e-06
1628 1.553734e-06
1629 9.354474e-07
1630 0.000000e+00
1631 0.000000e+00
1632 0.000000e+00
1633 0.000000e+00
1634 0.000000e+00
1635 1.484757e-05
1636 1.512624e-05
1637 1.366671e-05
1638 1.075795e-05
1639 7.991264e-06
1640 6.196098e-06
1641 3.990994e-06
1642 2.550917e-06
1643 1.509021e-06
1644 9.080797e-07
1645 0.000000e+00
1646 0.000000e+00
1647 0.000000e+00
1648 0.000000e+00
1649 0.000000e+00
1650 1.243578e-05
1651 1.302379e-05
1652 1.223281e-05
1653 9.987030e-06
1654 7.431203e-06
1655 5.712684e-06
1656 4.009618e-06
1657 2.428748e-06
1658 1.465749e-06
1659 8.830125e-07
1660 0.000000e+00
1661 0.000000e+00
1662 0.000000e+00
1663 0.000000e+00
1664 0.000000e+00
1665 1.037765e-05
1666 1.113832e-05
1667 1.084066e-05
1668 9.213079e-06
1669 6.950939e-06
1670 5.251871e-06
1671 3.943262e-06
1672 2.320978e-06
1673 1.475774e-06
1674 8.754733e-07
1675 5.168332e-07
1676 0.000000e+00
1677 0.000000e+00
1678 0.000000e+00
1679 0.000000e+00
1680 8.537934e-06
1681 9.374951e-06
1682 9.433224e-06
1683 8.365788e-06
1684 6.477750e-06
1685 4.823351e-06
1686 3.739982e-06
1687 2.294134e-06
1688 1.490756e-06
1689 8.685201e-07
1690 5.054134e-07
1691 0.000000e+00
1692 0.000000e+00
1693 0.000000e+00
1694 0.000000e+00
1695 1.321144e-06
1696 1.008086e-06
1697 7.549428e-07
1698 5.306074e-07
1699 3.382604e-07
1700 2.137915e-07
1701 1.335870e-07
1702 0.000000e+00
1703 0.000000e+00
1704 0.000000e+00
1705 0.000000e+00
1706 0.000000e+00
1707 0.000000e+00
1708 0.000000e+00
1709 0.000000e+00
1710 1.235481e-06
1711 9.901149e-07
1712 7.461427e-07
1713 5.633860e-07
1714 3.826744e-07
1715 2.403527e-07
1716 1.500202e-07
1717 9.308607e-08
1718 0.000000e+00
1719 0.000000e+00
1720 0.000000e+00
1721 0.000000e+00
1722 0.000000e+00
1723 0.000000e+00
1724 0.000000e+00
1725 1.128866e-06
1726 9.639725e-07
1727 7.382547e-07
1728 5.575189e-07
1729 4.113351e-07
1730 2.585910e-07
1731 1.641690e-07
1732 1.003827e-07
1733 6.227865e-08
1734 0.000000e+00
1735 0.000000e+00
1736 0.000000e+00
1737 0.000000e+00
1738 0.000000e+00
1739 0.000000e+00
1740 1.020979e-06
1741 9.231990e-07
1742 7.329809e-07
1743 5.486395e-07
1744 4.189964e-07
1745 2.783927e-07
1746 1.748296e-07
1747 1.068862e-07
1748 6.555314e-08
1749 0.000000e+00
1750 0.000000e+00
1751 0.000000e+00
1752 0.000000e+00
1753 0.000000e+00
1754 0.000000e+00
1755 9.193823e-07
1756 8.716499e-07
1757 7.227451e-07
1758 5.437976e-07
1759 4.141525e-07
1760 2.967865e-07
1761 1.815916e-07
1762 1.136351e-07
1763 6.900712e-08
1764 0.000000e+00
1765 0.000000e+00
1766 0.000000e+00
1767 0.000000e+00
1768 0.000000e+00
1769 0.000000e+00
1770 8.260634e-07
1771 8.141290e-07
1772 7.053058e-07
1773 5.409088e-07
1774 4.065337e-07
1775 3.070423e-07
1776 1.892690e-07
1777 1.210699e-07
1778 7.252018e-08
1779 4.386946e-08
1780 0.000000e+00
1781 0.000000e+00
1782 0.000000e+00
1783 0.000000e+00
1784 0.000000e+00
1785 7.403983e-07
1786 7.536175e-07
1787 6.804785e-07
1788 5.370857e-07
1789 4.002880e-07
1790 3.082263e-07
1791 2.005347e-07
1792 1.267399e-07
1793 7.558853e-08
1794 4.548740e-08
1795 0.000000e+00
1796 0.000000e+00
1797 0.000000e+00
1798 0.000000e+00
1799 0.000000e+00
1800 6.606127e-07
1801 6.913172e-07
1802 6.486143e-07
1803 5.301953e-07
1804 3.958623e-07
1805 3.035339e-07
1806 2.127194e-07
1807 1.293844e-07
1808 7.877433e-08
1809 4.726779e-08
1810 0.000000e+00
1811 0.000000e+00
1812 0.000000e+00
1813 0.000000e+00
1814 0.000000e+00
1815 5.850356e-07
1816 6.275064e-07
1817 6.099603e-07
1818 5.184261e-07
1819 3.922289e-07
1820 2.964932e-07
1821 2.212127e-07
1822 1.318925e-07
1823 8.349099e-08
1824 4.947742e-08
1825 2.926183e-08
1826 0.000000e+00
1827 0.000000e+00
1828 0.000000e+00
1829 0.000000e+00
1830 5.123687e-07
1831 5.622838e-07
1832 5.650701e-07
1833 5.007752e-07
1834 3.884718e-07
1835 2.898133e-07
1836 2.235015e-07
1837 1.383126e-07
1838 8.882275e-08
1839 5.186032e-08
1840 3.033972e-08
1841 0.000000e+00
1842 0.000000e+00
1843 0.000000e+00
1844 0.000000e+00
1845 4.672802e-09
1846 3.240796e-09
1847 2.151105e-09
1848 1.385577e-09
1849 8.941917e-10
1850 5.824529e-10
1851 3.848808e-10
1852 2.559860e-10
1853 1.686863e-10
1854 1.083445e-10
1855 6.700388e-11
1856 3.964548e-11
1857 2.243537e-11
1858 1.221299e-11
1859 6.485884e-12
1860 1.158215e-08
1861 8.362409e-09
1862 5.815976e-09
1863 3.840767e-09
1864 2.453255e-09
1865 1.572781e-09
1866 1.016658e-09
1867 6.687281e-10
1868 4.441078e-10
1869 2.929722e-10
1870 1.887485e-10
1871 1.172103e-10
1872 6.967310e-11
1873 3.956198e-11
1874 2.159561e-11
1875 1.813357e-08
1876 1.342567e-08
1877 9.566378e-09
1878 6.539666e-09
1879 4.224981e-09
1880 2.688619e-09
1881 1.717220e-09
1882 1.112126e-09
1883 7.319853e-10
1884 4.845918e-10
1885 3.172001e-10
1886 2.020243e-10
1887 1.237782e-10
1888 7.248921e-11
1889 4.062598e-11
1890 2.482966e-08
1891 1.884922e-08
1892 1.364960e-08
1893 9.541812e-09
1894 6.321507e-09
1895 4.007425e-09
1896 2.550833e-09
1897 1.629530e-09
1898 1.060327e-09
1899 6.990378e-10
1900 4.601513e-10
1901 2.973539e-10
1902 1.859657e-10
1903 1.115288e-10
1904 6.395227e-11
1905 3.181083e-08
1906 2.476760e-08
1907 1.822302e-08
1908 1.292397e-08
1909 8.770666e-09
1910 5.605870e-09
1911 3.550812e-09
1912 2.248468e-09
1913 1.447103e-09
1914 9.466294e-10
1915 6.230503e-10
1916 4.059285e-10
1917 2.576261e-10
1918 1.574215e-10
1919 9.211292e-11
1920 3.932149e-08
1921 3.140418e-08
1922 2.352251e-08
1923 1.688114e-08
1924 1.167395e-08
1925 7.599572e-09
1926 4.784300e-09
1927 3.022437e-09
1928 1.923438e-09
1929 1.245439e-09
1930 8.163600e-10
1931 5.337673e-10
1932 3.423612e-10
1933 2.124050e-10
1934 1.265652e-10
1935 4.764759e-08
1936 3.904736e-08
1937 2.985189e-08
1938 2.169244e-08
1939 1.521869e-08
1940 1.012948e-08
1941 6.380451e-09
1942 4.025529e-09
1943 2.533116e-09
1944 1.622783e-09
1945 1.055976e-09
1946 6.900825e-10
1947 4.456458e-10
1948 2.800114e-10
1949 1.695667e-10
1950 5.725493e-08
1951 4.817458e-08
1952 3.770935e-08
1953 2.782662e-08
1954 1.976128e-08
1955 1.343924e-08
1956 8.570178e-09
1957 5.375814e-09
1958 3.360320e-09
1959 2.128399e-09
1960 1.370805e-09
1961 8.917048e-10
1962 5.776365e-10
1963 3.665687e-10
1964 2.252272e-10
1965 6.950199e-08
1966 6.022133e-08
1967 4.851771e-08
1968 3.657656e-08
1969 2.632783e-08
1970 1.826339e-08
1971 1.193153e-08
1972 7.447281e-09
1973 4.651326e-09
1974 2.905029e-09
1975 1.843487e-09
1976 1.187416e-09
1977 7.676702e-10
1978 4.903717e-10
1979 3.053396e-10
1980 9.137838e-08
1981 8.270204e-08
1982 6.982610e-08
1983 5.491982e-08
1984 4.068260e-08
1985 2.891473e-08
1986 1.965556e-08
1987 1.254583e-08
1988 7.791340e-09
1989 4.802753e-09
1990 2.975737e-09
1991 1.869760e-09
1992 1.188867e-09
1993 7.566524e-10
1994 4.756196e-10
1995 2.105722e-07
1996 2.156942e-07
1997 2.099946e-07
1998 1.924983e-07
1999 1.647360e-07
2000 1.310407e-07
2001 9.765062e-08
2002 6.947204e-08
2003 4.737876e-08
2004 3.002664e-08
2005 1.809292e-08
2006 1.069233e-08
2007 6.217169e-09
2008 3.596020e-09
2009 2.090033e-09
