0 2.1299880e-09
1 1.4371470e-09
2 9.4274210e-10
3 6.1876390e-10
4 4.1261820e-10
5 2.8083640e-10
6 1.9394090e-10
7 1.3380250e-10
8 9.0529830e-11
9 5.9084300e-11
10 3.6760370e-11
11 2.1672930e-11
12 1.2108010e-11
13 6.4466740e-12
14 3.2998060e-12
15 3.3807830e-09
16 2.3246560e-09
17 1.5382030e-09
18 1.0015500e-09
19 6.5955270e-10
20 4.4255110e-10
21 3.0317550e-10
22 2.0962860e-10
23 1.4368620e-10
24 9.5834310e-11
25 6.1276050e-11
26 3.7204160e-11
27 2.1378340e-11
28 1.1659290e-11
29 6.0803610e-12
30 3.8285500e-09
31 2.6476150e-09
32 1.7598630e-09
33 1.1448800e-09
34 7.5141490e-10
35 5.0202490e-10
36 3.4277520e-10
37 2.3682420e-10
38 1.6271480e-10
39 1.0909170e-10
40 7.0261860e-11
41 4.3019280e-11
42 2.4929580e-11
43 1.3700140e-11
44 7.1887980e-12
45 4.0872600e-09
46 2.8341350e-09
47 1.8879980e-09
48 1.2278750e-09
49 8.0459960e-10
50 5.3648160e-10
51 3.6568880e-10
52 2.5253790e-10
53 1.7370330e-10
54 1.1675300e-10
55 7.5456020e-11
56 4.6382280e-11
57 2.6987130e-11
58 1.4883450e-11
59 7.8319900e-12
60 4.2791650e-09
61 2.9724390e-09
62 1.9829200e-09
63 1.2893080e-09
64 8.4393030e-10
65 5.6196630e-10
66 3.8265940e-10
67 2.6419480e-10
68 1.8185010e-10
69 1.2243420e-10
70 7.9311630e-11
71 4.8878820e-11
72 2.8510460e-11
73 1.5759680e-11
74 8.3078680e-12
75 4.4342080e-09
76 3.0844070e-09
77 2.0597510e-09
78 1.3390680e-09
79 8.7580640e-10
80 5.8260690e-10
81 3.9638120e-10
82 2.7361640e-10
83 1.8844450e-10
84 1.2702530e-10
85 8.2422850e-11
86 5.0892150e-11
87 2.9741470e-11
88 1.6467530e-11
89 8.6925290e-12
90 4.5637940e-09
91 3.1777080e-09
92 2.1238460e-09
93 1.3804590e-09
94 9.0234020e-10
95 5.9979030e-10
96 4.0781020e-10
97 2.8147930e-10
98 1.9394930e-10
99 1.3085740e-10
100 8.5017520e-11
101 5.2569380e-11
102 3.0768620e-11
103 1.7058070e-11
104 9.0135450e-12
105 4.6841960e-09
106 3.2646620e-09
107 2.1833800e-09
108 1.4191500e-09
109 9.2708320e-10
110 6.1584420e-10
111 4.1848030e-10
112 2.8878480e-10
113 1.9905930e-10
114 1.3442120e-10
115 8.7434610e-11
116 5.4137790e-11
117 3.1725270e-11
118 1.7608900e-11
119 9.3125920e-12
120 4.8095590e-09
121 3.3548180e-09
122 2.2453080e-09
123 1.4591450e-09
124 9.5268060e-10
125 6.3242680e-10
126 4.2954310e-10
127 2.9639460e-10
128 2.0438640e-10
129 1.3812870e-10
130 8.9948540e-11
131 5.5761490e-11
132 3.2717370e-11
133 1.8178600e-11
134 9.6221360e-12
135 4.9688030e-09
136 3.4697670e-09
137 2.3243280e-09
138 1.5102840e-09
139 9.8549430e-10
140 6.5364350e-10
141 4.4364240e-10
142 3.0606330e-10
143 2.1115480e-10
144 1.4284800e-10
145 9.3145770e-11
146 5.7834340e-11
147 3.3983800e-11
148 1.8906390e-11
149 1.0017780e-11
150 6.3742930e-09
151 4.5077080e-09
152 3.0615600e-09
153 1.9964530e-09
154 1.2952210e-09
155 8.5154090e-10
156 5.7228790e-10
157 3.9262870e-10
158 2.7120460e-10
159 1.8502040e-10
160 1.2238120e-10
161 7.7347310e-11
162 4.6330740e-11
163 2.6250100e-11
164 1.4125960e-11
165 7.8214510e-09
166 5.5835110e-09
167 3.8372480e-09
168 2.5219940e-09
169 1.6292900e-09
170 1.0649470e-09
171 7.0947370e-10
172 4.8378720e-10
173 3.3371590e-10
174 2.2870520e-10
175 1.5273920e-10
176 9.7852760e-11
177 5.9531220e-11
178 3.4258940e-11
179 1.8692970e-11
180 8.6967720e-09
181 6.2360470e-09
182 4.3083400e-09
183 2.8432420e-09
184 1.8345210e-09
185 1.1958920e-09
186 7.9346200e-10
187 5.3934870e-10
188 3.7166200e-10
189 2.5518170e-10
190 1.7113910e-10
191 1.1031590e-10
192 6.7593790e-11
193 3.9181800e-11
194 2.1518420e-11
195 9.3495680e-09
196 6.7232530e-09
197 4.6605890e-09
198 3.0842220e-09
199 1.9879170e-09
200 1.2939650e-09
201 8.5626240e-10
202 5.8069630e-10
203 3.9991560e-10
204 2.7490430e-10
205 1.8491830e-10
206 1.1964920e-10
207 7.3632280e-11
208 4.2868930e-11
209 2.3633350e-11
210 9.8758780e-09
211 7.1166190e-09
212 4.9443000e-09
213 3.2774470e-09
214 2.1113830e-09
215 1.3726090e-09
216 9.0674330e-10
217 6.1412980e-10
218 4.2283630e-10
219 2.9089680e-10
220 1.9597460e-10
221 1.2713910e-10
222 7.8492830e-11
223 4.5837230e-11
224 2.5337450e-11
225 1.0314820e-08
226 7.4449850e-09
227 5.1815200e-09
228 3.4392170e-09
229 2.2148070e-09
230 1.4386200e-09
231 9.4909860e-10
232 6.4198760e-10
233 4.4185820e-10
234 3.0414740e-10
235 2.0523170e-10
236 1.3340870e-10
237 8.2540190e-11
238 4.8305160e-11
239 2.6756800e-11
240 1.0723820e-08
241 7.7500180e-09
242 5.4011380e-09
243 3.5896200e-09
244 2.3106690e-09
245 1.4998400e-09
246 9.8826490e-10
247 6.6796440e-10
248 4.5954380e-10
249 3.1649600e-10
250 2.1381530e-10
251 1.3922080e-10
252 8.6298820e-11
253 5.0607000e-11
254 2.8076190e-11
255 1.1149550e-08
256 8.0672840e-09
257 5.6300230e-09
258 3.7459310e-09
259 2.4103590e-09
260 1.5633630e-09
261 1.0290480e-09
262 6.9500690e-10
263 4.7803710e-10
264 3.2933570e-10
265 2.2279250e-10
266 1.4529270e-10
267 9.0228110e-11
268 5.2999200e-11
269 2.9447600e-11
270 1.1688950e-08
271 8.4713140e-09
272 5.9217410e-09
273 3.9445220e-09
274 2.5375110e-09
275 1.6443300e-09
276 1.0810140e-09
277 7.2935600e-10
278 5.0153410e-10
279 3.4571950e-10
280 2.3417390e-10
281 1.5300880e-10
282 9.5209450e-11
283 5.6047520e-11
284 3.1200070e-11
285 1.0186110e-08
286 7.3702880e-09
287 5.1432320e-09
288 3.4348790e-09
289 2.2156580e-09
290 1.4380070e-09
291 9.4665670e-10
292 6.3829480e-10
293 4.3802280e-10
294 3.0108540e-10
295 2.0327570e-10
296 1.3248410e-10
297 8.2321360e-11
298 4.8449790e-11
299 2.6997930e-11
300 1.1766600e-08
301 8.5807290e-09
302 6.0321140e-09
303 4.0646650e-09
304 2.6276620e-09
305 1.6987320e-09
306 1.1117590e-09
307 7.4514280e-10
308 5.0935300e-10
309 3.5014930e-10
310 2.3748040e-10
311 1.5602660e-10
312 9.7969800e-11
313 5.8331330e-11
314 3.2874120e-11
315 1.2967600e-08
316 9.5033370e-09
317 6.7099230e-09
318 4.5457040e-09
319 2.9441760e-09
320 1.8987890e-09
321 1.2387190e-09
322 8.2705120e-10
323 5.6389770e-10
324 3.8764710e-10
325 2.6357420e-10
326 1.7399440e-10
327 1.0993090e-10
328 6.5900910e-11
329 3.7389110e-11
330 1.3940350e-08
331 1.0250270e-08
332 7.2594750e-09
333 4.9364560e-09
334 3.2016260e-09
335 2.0609610e-09
336 1.3420050e-09
337 8.9342320e-10
338 6.0805490e-10
339 4.1800990e-10
340 2.8471100e-10
341 1.8857100e-10
342 1.1962100e-10
343 7.2038540e-11
344 4.1051830e-11
345 1.4751450e-08
346 1.0874510e-08
347 7.7174290e-09
348 5.2605340e-09
349 3.4148710e-09
350 2.1959130e-09
351 1.4275680e-09
352 9.4881670e-10
353 6.4493130e-10
354 4.4331890e-10
355 3.0234250e-10
356 2.0069710e-10
357 1.2770260e-10
358 7.7150070e-11
359 4.4100440e-11
360 1.5505160e-08
361 1.1453960e-08
362 8.1426070e-09
363 5.5633260e-09
364 3.6141080e-09
365 2.3213960e-09
366 1.5073160e-09
367 9.9986290e-10
368 6.7915750e-10
369 4.6686410e-10
370 3.1872420e-10
371 2.1196940e-10
372 1.3521410e-10
373 8.1911240e-11
374 4.6936200e-11
375 1.6289310e-08
376 1.2054280e-08
377 8.5848020e-09
378 5.8769360e-09
379 3.8205390e-09
380 2.4519410e-09
381 1.5903030e-09
382 1.0532310e-09
383 7.1455690e-10
384 4.9117190e-10
385 3.3573300e-10
386 2.2369010e-10
387 1.4300440e-10
388 8.6843660e-11
389 4.9875550e-11
390 1.7288740e-08
391 1.2822710e-08
392 9.1494880e-09
393 6.2773960e-09
394 4.0843000e-09
395 2.6180750e-09
396 1.6957950e-09
397 1.1215450e-09
398 7.5999470e-10
399 5.2245340e-10
400 3.5742090e-10
401 2.3861470e-10
402 1.5296020e-10
403 9.3142540e-11
404 5.3639050e-11
405 1.4034420e-08
406 1.0353520e-08
407 7.3456650e-09
408 5.0112720e-09
409 3.2639230e-09
410 2.0990360e-09
411 1.3659160e-09
412 9.0692950e-10
413 6.1570040e-10
414 4.2248530e-10
415 2.8770700e-10
416 1.9079060e-10
417 1.2138670e-10
418 7.3396370e-11
419 4.2022750e-11
420 1.5859000e-08
421 1.1795940e-08
422 8.4197850e-09
423 5.7874770e-09
424 3.7930790e-09
425 2.4330480e-09
426 1.5779560e-09
427 1.0413180e-09
428 7.0336670e-10
429 4.8176640e-10
430 3.2870450e-10
431 2.1916210e-10
432 1.4056930e-10
433 8.5823690e-11
434 4.9641690e-11
435 1.7353890e-08
436 1.2980620e-08
437 9.3027940e-09
438 6.4261410e-09
439 4.2294530e-09
440 2.7086120e-09
441 1.7529880e-09
442 1.1519380e-09
443 7.7561480e-10
444 5.3050370e-10
445 3.6237000e-10
446 2.4245470e-10
447 1.5632450e-10
448 9.6044420e-11
449 5.5917720e-11
450 1.8597400e-08
451 1.3966290e-08
452 1.0037810e-08
453 6.9586290e-09
454 4.5927810e-09
455 2.9386930e-09
456 1.8987570e-09
457 1.2443520e-09
458 8.3590760e-10
459 5.7120250e-10
460 3.9047100e-10
461 2.6189660e-10
462 1.6947720e-10
463 1.0457430e-10
464 6.1155670e-11
465 1.9757970e-08
466 1.4885450e-08
467 1.0723080e-08
468 7.4530450e-09
469 4.9307650e-09
470 3.1522240e-09
471 2.0341630e-09
472 1.3300700e-09
473 8.9182830e-10
474 6.0890690e-10
475 4.1652990e-10
476 2.7992390e-10
477 1.8167410e-10
478 1.1248680e-10
479 6.6014020e-11
480 2.0961680e-08
481 1.5837600e-08
482 1.1436150e-08
483 7.9675650e-09
484 5.2814160e-09
485 3.3741420e-09
486 2.1748580e-09
487 1.4191770e-09
488 9.4994000e-10
489 6.4816020e-10
490 4.4366760e-10
491 2.9870970e-10
492 1.9437760e-10
493 1.2071890e-10
494 7.1067950e-11
495 2.2493960e-08
496 1.7054280e-08
497 1.2340810e-08
498 8.6218450e-09
499 5.7289720e-09
500 3.6565120e-09
501 2.3541600e-09
502 1.5323700e-09
503 1.0240240e-09
504 6.9806920e-10
505 4.7814820e-10
506 3.2256070e-10
507 2.1051680e-10
508 1.3121230e-10
509 7.7507720e-11
510 1.8360840e-08
511 1.3823300e-08
512 9.9499690e-09
513 6.9030940e-09
514 4.5727040e-09
515 2.9296610e-09
516 1.8925830e-09
517 1.2385580e-09
518 8.3046510e-10
519 5.6644410e-10
520 3.8677290e-10
521 2.5935630e-10
522 1.6797740e-10
523 1.0384730e-10
524 6.0901550e-11
525 2.0496600e-08
526 1.5570520e-08
527 1.1275790e-08
528 7.8724910e-09
529 5.2543670e-09
530 3.3689670e-09
531 2.1692720e-09
532 1.4120790e-09
533 9.4183590e-10
534 6.4017890e-10
535 4.3711520e-10
536 2.9413280e-10
537 1.9171570e-10
538 1.1951950e-10
539 7.0752530e-11
540 2.2287360e-08
541 1.7038060e-08
542 1.2390710e-08
543 8.6883920e-09
544 5.8265810e-09
545 3.7389010e-09
546 2.4021980e-09
547 1.5583440e-09
548 1.0355310e-09
549 7.0223550e-10
550 4.7944670e-10
551 3.2336760e-10
552 2.1167380e-10
553 1.3269920e-10
554 7.9042910e-11
555 2.3951370e-08
556 1.8400670e-08
557 1.3426180e-08
558 9.4448280e-09
559 6.3595970e-09
560 4.0826550e-09
561 2.6184640e-09
562 1.6942470e-09
563 1.1226350e-09
564 7.5991980e-10
565 5.1875980e-10
566 3.5051900e-10
567 2.3021180e-10
568 1.4494510e-10
569 8.6746690e-11
570 2.5681310e-08
571 1.9815920e-08
572 1.4501560e-08
573 1.0230820e-08
574 6.9137250e-09
575 4.4407720e-09
576 2.8431230e-09
577 1.8353390e-09
578 1.2130730e-09
579 8.1968380e-10
580 5.5962210e-10
581 3.7876070e-10
582 2.4949370e-10
583 1.5767780e-10
584 9.4754150e-11
585 2.7884620e-08
586 2.1619660e-08
587 1.5872710e-08
588 1.1233100e-08
589 7.6184010e-09
590 4.8944040e-09
591 3.1295450e-09
592 2.0149550e-09
593 1.3282680e-09
594 8.9599540e-10
595 6.1168190e-10
596 4.1466420e-10
597 2.7400810e-10
598 1.7387000e-10
599 1.0494270e-10
600 2.3342020e-08
601 1.7960350e-08
602 1.3120930e-08
603 9.2328180e-09
604 6.2273510e-09
605 4.0108060e-09
606 2.5706090e-09
607 1.6637250e-09
608 1.1011530e-09
609 7.4414990e-10
610 5.0723620e-10
611 3.4236370e-10
612 2.2477390e-10
613 1.4159080e-10
614 8.4855910e-11
615 2.5813650e-08
616 2.0050410e-08
617 1.4749100e-08
618 1.0434340e-08
619 7.0874130e-09
620 4.5835950e-09
621 2.9287580e-09
622 1.8893090e-09
623 1.2431330e-09
624 8.3633940e-10
625 5.6915130e-10
626 3.8482290e-10
627 2.5386000e-10
628 1.6104580e-10
629 9.7337800e-11
630 2.8117140e-08
631 2.2004500e-08
632 1.6267360e-08
633 1.1554600e-08
634 7.8897530e-09
635 5.1192310e-09
636 3.2631810e-09
637 2.0996770e-09
638 1.3756870e-09
639 9.2233440e-10
640 6.2686280e-10
641 4.2439690e-10
642 2.8097230e-10
643 1.7918770e-10
644 1.0898180e-10
645 3.0510800e-08
646 2.4027030e-08
647 1.7838080e-08
648 1.2716920e-08
649 8.7230660e-09
650 5.6748160e-09
651 3.6097140e-09
652 2.3176720e-09
653 1.5132100e-09
654 1.0115120e-09
655 6.8675670e-10
656 4.6548620e-10
657 3.0912300e-10
658 1.9801900e-10
659 1.2106370e-10
660 3.3549820e-08
661 2.6599950e-08
662 1.9844090e-08
663 1.4195540e-08
664 9.7831870e-09
665 6.3814770e-09
666 4.0515780e-09
667 2.5954500e-09
668 1.6881770e-09
669 1.1251150e-09
670 7.6302340e-10
671 5.1778190e-10
672 3.4495320e-10
673 2.2198390e-10
674 1.3644640e-10
675 2.9047740e-08
676 2.2863040e-08
677 1.6983250e-08
678 1.2101580e-08
679 8.2951160e-09
680 5.4101260e-09
681 3.4460600e-09
682 2.2148800e-09
683 1.4460180e-09
684 9.6602760e-10
685 6.5494350e-10
686 4.4314580e-10
687 2.9379880e-10
688 1.8796670e-10
689 1.1485200e-10
690 3.2153960e-08
691 2.5577530e-08
692 1.9155900e-08
693 1.3724860e-08
694 9.4724190e-09
695 6.2206730e-09
696 3.9561310e-09
697 2.5357590e-09
698 1.6451220e-09
699 1.0930740e-09
700 7.3862920e-10
701 4.9983710e-10
702 3.3255770e-10
703 2.1410780e-10
704 1.3190220e-10
705 3.5369170e-08
706 2.8392110e-08
707 2.1405300e-08
708 1.5408690e-08
709 1.0693890e-08
710 7.0614440e-09
711 4.4845790e-09
712 2.8682900e-09
713 1.8516300e-09
714 1.2244630e-09
715 8.2540450e-10
716 5.5863340e-10
717 3.7275970e-10
718 2.4121670e-10
719 1.4957830e-10
720 3.9468480e-08
721 3.1978650e-08
722 2.4274940e-08
723 1.7556400e-08
724 1.2250050e-08
725 8.1323510e-09
726 5.1591720e-09
727 3.2919080e-09
728 2.1147070e-09
729 1.3924800e-09
730 9.3603580e-10
731 6.3359530e-10
732 4.2401700e-10
733 2.7578500e-10
734 1.7212140e-10
735 3.6251950e-08
736 2.9274760e-08
737 2.2196200e-08
738 1.6036210e-08
739 1.1161760e-08
740 7.4116040e-09
741 4.7201500e-09
742 3.0130640e-09
743 1.9396740e-09
744 1.2781790e-09
745 8.5848530e-10
746 5.7989190e-10
747 3.8697290e-10
748 2.5093560e-10
749 1.5620210e-10
750 4.0620160e-08
751 3.3227440e-08
752 2.5465930e-08
753 1.8536180e-08
754 1.2993250e-08
755 8.7060260e-09
756 5.5578320e-09
757 3.5344700e-09
758 2.2624540e-09
759 1.4801160e-09
760 9.8869450e-10
761 6.6652940e-10
762 4.4570120e-10
763 2.9064560e-10
764 1.8243040e-10
765 4.6176460e-08
766 3.8266650e-08
767 2.9631540e-08
768 2.1720400e-08
769 1.5324260e-08
770 1.0353850e-08
771 6.6247290e-09
772 4.1982300e-09
773 2.6732970e-09
774 1.7375750e-09
775 1.1545150e-09
776 7.7685940e-10
777 5.2050040e-10
778 3.4123050e-10
779 2.1584490e-10
780 4.6632320e-08
781 3.8865760e-08
782 3.0293810e-08
783 2.2324320e-08
784 1.5798480e-08
785 1.0725500e-08
786 6.9129770e-09
787 4.3729020e-09
788 2.7838170e-09
789 1.8010590e-09
790 1.1906940e-09
791 7.9795250e-10
792 5.3353350e-10
793 3.4985800e-10
794 2.2185280e-10
795 5.4528110e-08
796 4.6321150e-08
797 3.6732380e-08
798 2.7411270e-08
799 1.9579750e-08
800 1.3452340e-08
801 8.7594950e-09
802 5.5207320e-09
803 3.4977210e-09
804 2.2388710e-09
805 1.4650040e-09
806 9.7536720e-10
807 6.5143170e-10
808 4.2908520e-10
809 2.7456960e-10
810 6.7014960e-08
811 5.8671280e-08
812 4.7981340e-08
813 3.6751860e-08
814 2.6729430e-08
815 1.8692730e-08
816 1.2467630e-08
817 7.9090460e-09
818 4.9726500e-09
819 3.1341210e-09
820 2.0108110e-09
821 1.3152050e-09
822 8.6962070e-10
823 5.7250180e-10
824 3.6952680e-10
825 5.4276660e-07
826 4.1080320e-07
827 3.1112210e-07
828 2.1656210e-07
829 1.3629020e-07
830 8.6329030e-08
831 5.4093540e-08
832 0.0000000e+00
833 0.0000000e+00
834 0.0000000e+00
835 0.0000000e+00
836 0.0000000e+00
837 0.0000000e+00
838 0.0000000e+00
839 0.0000000e+00
840 6.7835200e-07
841 5.1425710e-07
842 3.8940800e-07
843 2.7322610e-07
844 1.7202730e-07
845 1.0912720e-07
846 6.8250220e-08
847 0.0000000e+00
848 0.0000000e+00
849 0.0000000e+00
850 0.0000000e+00
851 0.0000000e+00
852 0.0000000e+00
853 0.0000000e+00
854 0.0000000e+00
855 7.7911650e-07
856 5.9116500e-07
857 4.4760290e-07
858 3.1535350e-07
859 1.9860990e-07
860 1.2607970e-07
861 7.8778750e-08
862 0.0000000e+00
863 0.0000000e+00
864 0.0000000e+00
865 0.0000000e+00
866 0.0000000e+00
867 0.0000000e+00
868 0.0000000e+00
869 0.0000000e+00
870 8.6062900e-07
871 6.5338280e-07
872 4.9468410e-07
873 3.4943040e-07
874 2.2011030e-07
875 1.3979070e-07
876 8.7294380e-08
877 0.0000000e+00
878 0.0000000e+00
879 0.0000000e+00
880 0.0000000e+00
881 0.0000000e+00
882 0.0000000e+00
883 0.0000000e+00
884 0.0000000e+00
885 9.2864170e-07
886 7.0528080e-07
887 5.3396010e-07
888 3.7785570e-07
889 2.3804880e-07
890 1.5122950e-07
891 9.4399000e-08
892 0.0000000e+00
893 0.0000000e+00
894 0.0000000e+00
895 0.0000000e+00
896 0.0000000e+00
897 0.0000000e+00
898 0.0000000e+00
899 0.0000000e+00
900 9.9194990e-07
901 7.5359820e-07
902 5.7051670e-07
903 4.0431990e-07
904 2.5474740e-07
905 1.6187920e-07
906 1.0101240e-07
907 0.0000000e+00
908 0.0000000e+00
909 0.0000000e+00
910 0.0000000e+00
911 0.0000000e+00
912 0.0000000e+00
913 0.0000000e+00
914 0.0000000e+00
915 1.0576960e-06
916 8.0377630e-07
917 6.0849000e-07
918 4.3180560e-07
919 2.7208510e-07
920 1.7293760e-07
921 1.0788010e-07
922 0.0000000e+00
923 0.0000000e+00
924 0.0000000e+00
925 0.0000000e+00
926 0.0000000e+00
927 0.0000000e+00
928 0.0000000e+00
929 0.0000000e+00
930 1.1415170e-06
931 8.6775270e-07
932 6.5690280e-07
933 4.6684530e-07
934 2.9419620e-07
935 1.8703920e-07
936 1.1663740e-07
937 0.0000000e+00
938 0.0000000e+00
939 0.0000000e+00
940 0.0000000e+00
941 0.0000000e+00
942 0.0000000e+00
943 0.0000000e+00
944 0.0000000e+00
945 3.7749290e-07
946 3.0573760e-07
947 2.2871340e-07
948 1.7558230e-07
949 1.2151370e-07
950 7.5533210e-08
951 4.6998200e-08
952 2.9237940e-08
953 0.0000000e+00
954 0.0000000e+00
955 0.0000000e+00
956 0.0000000e+00
957 0.0000000e+00
958 0.0000000e+00
959 0.0000000e+00
960 5.0490180e-07
961 4.1084010e-07
962 3.0764710e-07
963 2.3587940e-07
964 1.6460170e-07
965 1.0199850e-07
966 6.3687040e-08
967 3.9560240e-08
968 0.0000000e+00
969 0.0000000e+00
970 0.0000000e+00
971 0.0000000e+00
972 0.0000000e+00
973 0.0000000e+00
974 0.0000000e+00
975 6.0796360e-07
976 4.9587840e-07
977 3.7152780e-07
978 2.8467180e-07
979 1.9947360e-07
980 1.2342200e-07
981 7.7194840e-08
982 4.7914620e-08
983 0.0000000e+00
984 0.0000000e+00
985 0.0000000e+00
986 0.0000000e+00
987 0.0000000e+00
988 0.0000000e+00
989 0.0000000e+00
990 6.9385980e-07
991 5.6673120e-07
992 4.2475320e-07
993 3.2532880e-07
994 2.2852720e-07
995 1.4127380e-07
996 8.8453610e-08
997 5.4876290e-08
998 0.0000000e+00
999 0.0000000e+00
1000 0.0000000e+00
1001 0.0000000e+00
1002 0.0000000e+00
1003 0.0000000e+00
1004 0.0000000e+00
1005 7.7381720e-07
1006 6.3270610e-07
1007 4.7430470e-07
1008 3.6317780e-07
1009 2.5558100e-07
1010 1.5789470e-07
1011 9.8933210e-08
1012 6.1358050e-08
1013 0.0000000e+00
1014 0.0000000e+00
1015 0.0000000e+00
1016 0.0000000e+00
1017 0.0000000e+00
1018 0.0000000e+00
1019 0.0000000e+00
1020 8.5684990e-07
1021 7.0123420e-07
1022 5.2577620e-07
1023 4.0249700e-07
1024 2.8367790e-07
1025 1.7515780e-07
1026 1.0981860e-07
1027 6.8089940e-08
1028 0.0000000e+00
1029 0.0000000e+00
1030 0.0000000e+00
1031 0.0000000e+00
1032 0.0000000e+00
1033 0.0000000e+00
1034 0.0000000e+00
1035 9.6273760e-07
1036 7.8858360e-07
1037 5.9139150e-07
1038 4.5262160e-07
1039 3.1950100e-07
1040 1.9716570e-07
1041 1.2369700e-07
1042 7.6672690e-08
1043 0.0000000e+00
1044 0.0000000e+00
1045 0.0000000e+00
1046 0.0000000e+00
1047 0.0000000e+00
1048 0.0000000e+00
1049 0.0000000e+00
1050 3.0723010e-07
1051 2.6897240e-07
1052 2.0733080e-07
1053 1.5525860e-07
1054 1.1900880e-07
1055 7.3816740e-08
1056 4.7955320e-08
1057 2.9019590e-08
1058 1.7923790e-08
1059 0.0000000e+00
1060 0.0000000e+00
1061 0.0000000e+00
1062 0.0000000e+00
1063 0.0000000e+00
1064 0.0000000e+00
1065 4.1993260e-07
1066 3.6905960e-07
1067 2.8527390e-07
1068 2.1343560e-07
1069 1.6384570e-07
1070 1.0222100e-07
1071 6.6295530e-08
1072 4.0085170e-08
1073 2.4749040e-08
1074 0.0000000e+00
1075 0.0000000e+00
1076 0.0000000e+00
1077 0.0000000e+00
1078 0.0000000e+00
1079 0.0000000e+00
1080 5.1361840e-07
1081 4.5226570e-07
1082 3.5006530e-07
1083 2.6180450e-07
1084 2.0112060e-07
1085 1.2583920e-07
1086 8.1542900e-08
1087 4.9286110e-08
1088 3.0423870e-08
1089 0.0000000e+00
1090 0.0000000e+00
1091 0.0000000e+00
1092 0.0000000e+00
1093 0.0000000e+00
1094 0.0000000e+00
1095 6.0077590e-07
1096 5.2966110e-07
1097 4.1034420e-07
1098 3.0679310e-07
1099 2.3579810e-07
1100 1.4780850e-07
1101 9.5726970e-08
1102 5.7844670e-08
1103 3.5702660e-08
1104 0.0000000e+00
1105 0.0000000e+00
1106 0.0000000e+00
1107 0.0000000e+00
1108 0.0000000e+00
1109 0.0000000e+00
1110 6.9129500e-07
1111 6.1004360e-07
1112 4.7294500e-07
1113 3.5352780e-07
1114 2.7180870e-07
1115 1.7062550e-07
1116 1.1045540e-07
1117 6.6733280e-08
1118 4.1185600e-08
1119 0.0000000e+00
1120 0.0000000e+00
1121 0.0000000e+00
1122 0.0000000e+00
1123 0.0000000e+00
1124 0.0000000e+00
1125 8.0671130e-07
1126 7.1254880e-07
1127 5.5278250e-07
1128 4.1310980e-07
1129 3.1772580e-07
1130 1.9972190e-07
1131 1.2923910e-07
1132 7.8066590e-08
1133 4.8175870e-08
1134 0.0000000e+00
1135 0.0000000e+00
1136 0.0000000e+00
1137 0.0000000e+00
1138 0.0000000e+00
1139 0.0000000e+00
1140 1.6445160e-07
1141 1.5163630e-07
1142 1.2174760e-07
1143 9.0505660e-08
1144 6.9939760e-08
1145 4.7460770e-08
1146 2.9618640e-08
1147 1.7924270e-08
1148 1.1047210e-08
1149 0.0000000e+00
1150 0.0000000e+00
1151 0.0000000e+00
1152 0.0000000e+00
1153 0.0000000e+00
1154 0.0000000e+00
1155 2.7869380e-07
1156 2.5850150e-07
1157 2.0878130e-07
1158 1.5533870e-07
1159 1.1979710e-07
1160 8.2356640e-08
1161 5.0978670e-08
1162 3.1009380e-08
1163 1.9088530e-08
1164 0.0000000e+00
1165 0.0000000e+00
1166 0.0000000e+00
1167 0.0000000e+00
1168 0.0000000e+00
1169 0.0000000e+00
1170 3.7667510e-07
1171 3.5028710e-07
1172 2.8368660e-07
1173 2.1117130e-07
1174 1.6270290e-07
1175 1.1247670e-07
1176 6.9388130e-08
1177 4.2314990e-08
1178 2.6029870e-08
1179 0.0000000e+00
1180 0.0000000e+00
1181 0.0000000e+00
1182 0.0000000e+00
1183 0.0000000e+00
1184 0.0000000e+00
1185 4.6751460e-07
1186 4.3537260e-07
1187 3.5310760e-07
1188 2.6291530e-07
1189 2.0246420e-07
1190 1.4039470e-07
1191 8.6453710e-08
1192 5.2792820e-08
1193 3.2463900e-08
1194 0.0000000e+00
1195 0.0000000e+00
1196 0.0000000e+00
1197 0.0000000e+00
1198 0.0000000e+00
1199 0.0000000e+00
1200 5.6182930e-07
1201 5.2373130e-07
1202 4.2519970e-07
1203 3.1665000e-07
1204 2.4375210e-07
1205 1.6938100e-07
1206 1.0417360e-07
1207 6.3673290e-08
1208 3.9145060e-08
1209 0.0000000e+00
1210 0.0000000e+00
1211 0.0000000e+00
1212 0.0000000e+00
1213 0.0000000e+00
1214 0.0000000e+00
1215 6.8211140e-07
1216 6.3640780e-07
1217 5.1712760e-07
1218 3.8516940e-07
1219 2.9640490e-07
1220 2.0634030e-07
1221 1.2677140e-07
1222 7.7548370e-08
1223 4.7664050e-08
1224 0.0000000e+00
1225 0.0000000e+00
1226 0.0000000e+00
1227 0.0000000e+00
1228 0.0000000e+00
1229 0.0000000e+00
1230 1.6363760e-07
1231 1.5798240e-07
1232 1.3318680e-07
1233 1.0023610e-07
1234 7.5997410e-08
1235 5.6483720e-08
1236 3.3616390e-08
1237 2.1397410e-08
1238 1.2979810e-08
1239 7.9535590e-09
1240 0.0000000e+00
1241 0.0000000e+00
1242 0.0000000e+00
1243 0.0000000e+00
1244 0.0000000e+00
1245 2.6341110e-07
1246 2.5535710e-07
1247 2.1635540e-07
1248 1.6323190e-07
1249 1.2350500e-07
1250 9.2323030e-08
1251 5.5002030e-08
1252 3.5180090e-08
1253 2.1287260e-08
1254 1.3003700e-08
1255 0.0000000e+00
1256 0.0000000e+00
1257 0.0000000e+00
1258 0.0000000e+00
1259 0.0000000e+00
1260 3.5649350e-07
1261 3.4623080e-07
1262 2.9402030e-07
1263 2.2208490e-07
1264 1.6787950e-07
1265 1.2580920e-07
1266 7.5004800e-08
1267 4.8073090e-08
1268 2.9056040e-08
1269 1.7725190e-08
1270 0.0000000e+00
1271 0.0000000e+00
1272 0.0000000e+00
1273 0.0000000e+00
1274 0.0000000e+00
1275 4.5292770e-07
1276 4.4037610e-07
1277 3.7447320e-07
1278 2.8305530e-07
1279 2.1384590e-07
1280 1.6049590e-07
1281 9.5719120e-08
1282 6.1421770e-08
1283 3.7100130e-08
1284 2.2615080e-08
1285 0.0000000e+00
1286 0.0000000e+00
1287 0.0000000e+00
1288 0.0000000e+00
1289 0.0000000e+00
1290 5.7589930e-07
1291 5.6041960e-07
1292 4.7706520e-07
1293 3.6076570e-07
1294 2.7245580e-07
1295 2.0471910e-07
1296 1.2213280e-07
1297 7.8443930e-08
1298 4.7357510e-08
1299 2.8850240e-08
1300 0.0000000e+00
1301 0.0000000e+00
1302 0.0000000e+00
1303 0.0000000e+00
1304 0.0000000e+00
1305 1.6626370e-07
1306 1.6656950e-07
1307 1.4708260e-07
1308 1.1365910e-07
1309 8.4749700e-08
1310 6.5539040e-08
1311 4.0326870e-08
1312 2.6312590e-08
1313 1.5624860e-08
1314 9.3945210e-09
1315 0.0000000e+00
1316 0.0000000e+00
1317 0.0000000e+00
1318 0.0000000e+00
1319 0.0000000e+00
1320 2.6094920e-07
1321 2.6214040e-07
1322 2.3232210e-07
1323 1.8003720e-07
1324 1.3413760e-07
1325 1.0382720e-07
1326 6.4325030e-08
1327 4.1872520e-08
1328 2.4836530e-08
1329 1.4940100e-08
1330 0.0000000e+00
1331 0.0000000e+00
1332 0.0000000e+00
1333 0.0000000e+00
1334 0.0000000e+00
1335 3.5847110e-07
1336 3.6056940e-07
1337 3.2011340e-07
1338 2.4840010e-07
1339 1.8500500e-07
1340 1.4325850e-07
1341 8.9040490e-08
1342 5.7896060e-08
1343 3.4323510e-08
1344 2.0651260e-08
1345 0.0000000e+00
1346 0.0000000e+00
1347 0.0000000e+00
1348 0.0000000e+00
1349 0.0000000e+00
1350 4.8276710e-07
1351 4.8602250e-07
1352 4.3200870e-07
1353 3.3552810e-07
1354 2.4983510e-07
1355 1.9351350e-07
1356 1.2052830e-07
1357 7.8317070e-08
1358 4.6414070e-08
1359 2.7929510e-08
1360 0.0000000e+00
1361 0.0000000e+00
1362 0.0000000e+00
1363 0.0000000e+00
1364 0.0000000e+00
1365 1.7975060e-07
1366 1.8550710e-07
1367 1.7060510e-07
1368 1.3633250e-07
1369 1.0113780e-07
1370 7.8365930e-08
1371 5.2388080e-08
1372 3.2800920e-08
1373 1.9420530e-08
1374 1.1754320e-08
1375 0.0000000e+00
1376 0.0000000e+00
1377 0.0000000e+00
1378 0.0000000e+00
1379 0.0000000e+00
1380 2.7799060e-07
1381 2.8737380e-07
1382 2.6491720e-07
1383 2.1219970e-07
1384 1.5744760e-07
1385 1.2190790e-07
1386 8.1963780e-08
1387 5.1115390e-08
1388 3.0310440e-08
1389 1.8344170e-08
1390 0.0000000e+00
1391 0.0000000e+00
1392 0.0000000e+00
1393 0.0000000e+00
1394 0.0000000e+00
1395 4.0274800e-07
1396 4.1673510e-07
1397 3.8468060e-07
1398 3.0852830e-07
1399 2.2894330e-07
1400 1.7719450e-07
1401 1.1951110e-07
1402 7.4369990e-08
1403 4.4136200e-08
1404 2.6710900e-08
1405 0.0000000e+00
1406 0.0000000e+00
1407 0.0000000e+00
1408 0.0000000e+00
1409 0.0000000e+00
1410 1.0906590e-07
1411 1.1507000e-07
1412 1.0921690e-07
1413 9.0118840e-08
1414 6.7187140e-08
1415 5.1439430e-08
1416 3.6936050e-08
1417 2.2029170e-08
1418 1.3441940e-08
1419 8.0863750e-09
1420 0.0000000e+00
1421 0.0000000e+00
1422 0.0000000e+00
1423 0.0000000e+00
1424 0.0000000e+00
1425 2.0776480e-07
1426 2.1976880e-07
1427 2.0937070e-07
1428 1.7349930e-07
1429 1.2953500e-07
1430 9.8980740e-08
1431 7.1612670e-08
1432 4.2545550e-08
1433 2.6126030e-08
1434 1.5685920e-08
1435 0.0000000e+00
1436 0.0000000e+00
1437 0.0000000e+00
1438 0.0000000e+00
1439 0.0000000e+00
1440 3.3245900e-07
1441 3.5202970e-07
1442 3.3589460e-07
1443 2.7883760e-07
1444 2.0830630e-07
1445 1.5904320e-07
1446 1.1542140e-07
1447 6.8468220e-08
1448 4.2153800e-08
1449 2.5288590e-08
1450 0.0000000e+00
1451 0.0000000e+00
1452 0.0000000e+00
1453 0.0000000e+00
1454 0.0000000e+00
1455 1.4434290e-07
1456 1.5575770e-07
1457 1.5277380e-07
1458 1.3103930e-07
1459 9.9286270e-08
1460 7.4726290e-08
1461 5.6765870e-08
1462 3.3398770e-08
1463 2.1490670e-08
1464 1.2701260e-08
1465 7.4620350e-09
1466 0.0000000e+00
1467 0.0000000e+00
1468 0.0000000e+00
1469 0.0000000e+00
1470 2.6878530e-07
1471 2.9044200e-07
1472 2.8546130e-07
1473 2.4548770e-07
1474 1.8627960e-07
1475 1.4005940e-07
1476 1.0664670e-07
1477 6.2865230e-08
1478 4.0544630e-08
1479 2.3934150e-08
1480 1.4037620e-08
1481 0.0000000e+00
1482 0.0000000e+00
1483 0.0000000e+00
1484 0.0000000e+00
1485 2.0663660e-07
1486 2.2764690e-07
1487 2.3016400e-07
1488 2.0542130e-07
1489 1.5978070e-07
1490 1.1878160e-07
1491 9.2317250e-08
1492 5.7220090e-08
1493 3.7129730e-08
1494 2.1576870e-08
1495 1.2588670e-08
1496 0.0000000e+00
1497 0.0000000e+00
1498 0.0000000e+00
1499 0.0000000e+00
1500 6.7832440e-05
1501 5.1156180e-05
1502 3.9046800e-05
1503 2.7741220e-05
1504 1.7269750e-05
1505 1.0978780e-05
1506 6.8551710e-06
1507 0.0000000e+00
1508 0.0000000e+00
1509 0.0000000e+00
1510 0.0000000e+00
1511 0.0000000e+00
1512 0.0000000e+00
1513 0.0000000e+00
1514 0.0000000e+00
1515 5.4043430e-05
1516 4.4227670e-05
1517 3.3028610e-05
1518 2.5363040e-05
1519 1.7966230e-05
1520 1.1008240e-05
1521 6.8622050e-06
1522 4.2696450e-06
1523 0.0000000e+00
1524 0.0000000e+00
1525 0.0000000e+00
1526 0.0000000e+00
1527 0.0000000e+00
1528 0.0000000e+00
1529 0.0000000e+00
1530 4.3452480e-05
1531 3.8437090e-05
1532 2.9771970e-05
1533 2.2199900e-05
1534 1.7192800e-05
1535 1.0695680e-05
1536 7.0094990e-06
1537 4.2177860e-06
1538 2.5929930e-06
1539 0.0000000e+00
1540 0.0000000e+00
1541 0.0000000e+00
1542 0.0000000e+00
1543 0.0000000e+00
1544 0.0000000e+00
1545 3.5788450e-05
1546 3.3445230e-05
1547 2.7175880e-05
1548 2.0200300e-05
1549 1.5568370e-05
1550 1.0867930e-05
1551 6.6558450e-06
1552 4.0448030e-06
1553 2.4944950e-06
1554 0.0000000e+00
1555 0.0000000e+00
1556 0.0000000e+00
1557 0.0000000e+00
1558 0.0000000e+00
1559 0.0000000e+00
1560 2.9156990e-05
1561 2.8418700e-05
1562 2.4212300e-05
1563 1.8288990e-05
1564 1.3800420e-05
1565 1.0426990e-05
1566 6.1606670e-06
1567 3.9774760e-06
1568 2.4015460e-06
1569 1.4601690e-06
1570 0.0000000e+00
1571 0.0000000e+00
1572 0.0000000e+00
1573 0.0000000e+00
1574 0.0000000e+00
1575 2.4445340e-05
1576 2.4649310e-05
1577 2.1941970e-05
1578 1.7038680e-05
1579 1.2669800e-05
1580 9.8476930e-06
1581 6.1108520e-06
1582 3.9999350e-06
1583 2.3656310e-06
1584 1.4195920e-06
1585 0.0000000e+00
1586 0.0000000e+00
1587 0.0000000e+00
1588 0.0000000e+00
1589 0.0000000e+00
1590 2.0700470e-05
1591 2.1448580e-05
1592 1.9830130e-05
1593 1.5913070e-05
1594 1.1795530e-05
1595 9.1387000e-06
1596 6.1772150e-06
1597 3.8422800e-06
1598 2.2698110e-06
1599 1.3776760e-06
1600 0.0000000e+00
1601 0.0000000e+00
1602 0.0000000e+00
1603 0.0000000e+00
1604 0.0000000e+00
1605 1.7654070e-05
1606 1.8717810e-05
1607 1.7890240e-05
1608 1.4869410e-05
1609 1.1102640e-05
1610 8.4730520e-06
1611 6.1771280e-06
1612 3.6435450e-06
1613 2.2431890e-06
1614 1.3457340e-06
1615 0.0000000e+00
1616 0.0000000e+00
1617 0.0000000e+00
1618 0.0000000e+00
1619 0.0000000e+00
1620 1.4892290e-05
1621 1.6109870e-05
1622 1.5857150e-05
1623 1.3655690e-05
1624 1.0362110e-05
1625 7.7839570e-06
1626 5.9485540e-06
1627 3.4907380e-06
1628 2.2625800e-06
1629 1.3351770e-06
1630 7.8011800e-07
1631 0.0000000e+00
1632 0.0000000e+00
1633 0.0000000e+00
1634 0.0000000e+00
1635 1.2108070e-05
1636 1.3356380e-05
1637 1.3528420e-05
1638 1.2099900e-05
1639 9.4211390e-06
1640 6.9967490e-06
1641 5.4484720e-06
1642 3.3806400e-06
1643 2.2007570e-06
1644 1.2769530e-06
1645 7.4441090e-07
1646 0.0000000e+00
1647 0.0000000e+00
1648 0.0000000e+00
1649 0.0000000e+00
1650 1.3368690e-06
1651 1.0170500e-06
1652 7.6997080e-07
1653 5.4870730e-07
1654 3.4586500e-07
1655 2.1999440e-07
1656 1.3710530e-07
1657 0.0000000e+00
1658 0.0000000e+00
1659 0.0000000e+00
1660 0.0000000e+00
1661 0.0000000e+00
1662 0.0000000e+00
1663 0.0000000e+00
1664 0.0000000e+00
1665 1.2097400e-06
1666 9.9258080e-07
1667 7.4470630e-07
1668 5.6976410e-07
1669 4.0321630e-07
1670 2.4860660e-07
1671 1.5613330e-07
1672 9.6734830e-08
1673 0.0000000e+00
1674 0.0000000e+00
1675 0.0000000e+00
1676 0.0000000e+00
1677 0.0000000e+00
1678 0.0000000e+00
1679 0.0000000e+00
1680 1.0760110e-06
1681 9.5189290e-07
1682 7.3923650e-07
1683 5.5232410e-07
1684 4.2503530e-07
1685 2.6770570e-07
1686 1.7314040e-07
1687 1.0455520e-07
1688 6.4513810e-08
1689 0.0000000e+00
1690 0.0000000e+00
1691 0.0000000e+00
1692 0.0000000e+00
1693 0.0000000e+00
1694 0.0000000e+00
1695 9.6280990e-07
1696 8.9953090e-07
1697 7.3187080e-07
1698 5.4526620e-07
1699 4.1944030e-07
1700 2.9271200e-07
1701 1.7957260e-07
1702 1.0997280e-07
1703 6.7573690e-08
1704 0.0000000e+00
1705 0.0000000e+00
1706 0.0000000e+00
1707 0.0000000e+00
1708 0.0000000e+00
1709 0.0000000e+00
1710 8.6293760e-07
1711 8.4079980e-07
1712 7.1672540e-07
1713 5.4242490e-07
1714 4.0943120e-07
1715 3.0809080e-07
1716 1.8387230e-07
1717 1.1823090e-07
1718 7.1333320e-08
1719 4.3424460e-08
1720 0.0000000e+00
1721 0.0000000e+00
1722 0.0000000e+00
1723 0.0000000e+00
1724 0.0000000e+00
1725 7.7290780e-07
1726 7.7902520e-07
1727 6.9338010e-07
1728 5.3908340e-07
1729 4.0131000e-07
1730 3.1093420e-07
1731 1.9412350e-07
1732 1.2602670e-07
1733 7.4662310e-08
1734 4.4934980e-08
1735 0.0000000e+00
1736 0.0000000e+00
1737 0.0000000e+00
1738 0.0000000e+00
1739 0.0000000e+00
1740 6.9414510e-07
1741 7.1901410e-07
1742 6.6458870e-07
1743 5.3368760e-07
1744 3.9607100e-07
1745 3.0643170e-07
1746 2.0727330e-07
1747 1.2872680e-07
1748 7.6453500e-08
1749 4.6268080e-08
1750 0.0000000e+00
1751 0.0000000e+00
1752 0.0000000e+00
1753 0.0000000e+00
1754 0.0000000e+00
1755 6.2367700e-07
1756 6.6105520e-07
1757 6.3156110e-07
1758 5.2500450e-07
1759 3.9240300e-07
1760 2.9941870e-07
1761 2.1780120e-07
1762 1.2905570e-07
1763 7.9612700e-08
1764 4.7731770e-08
1765 0.0000000e+00
1766 0.0000000e+00
1767 0.0000000e+00
1768 0.0000000e+00
1769 0.0000000e+00
1770 5.5910120e-07
1771 6.0474980e-07
1772 5.9514270e-07
1773 5.1259290e-07
1774 3.8931020e-07
1775 2.9254940e-07
1776 2.2305160e-07
1777 1.3162860e-07
1778 8.5005930e-08
1779 5.0145470e-08
1780 2.9382390e-08
1781 0.0000000e+00
1782 0.0000000e+00
1783 0.0000000e+00
1784 0.0000000e+00
1785 4.9454980e-07
1786 5.4541580e-07
1787 5.5219260e-07
1788 4.9369840e-07
1789 3.8454760e-07
1790 2.8578640e-07
1791 2.2216600e-07
1792 1.3820150e-07
1793 8.9550620e-08
1794 5.2009990e-08
1795 3.0368030e-08
1796 0.0000000e+00
1797 0.0000000e+00
1798 0.0000000e+00
1799 0.0000000e+00
1800 5.3418810e-09
1801 3.7387480e-09
1802 2.5089340e-09
1803 1.6298070e-09
1804 1.0620230e-09
1805 7.0325530e-10
1806 4.7665550e-10
1807 3.2873540e-10
1808 2.2700510e-10
1809 1.5389460e-10
1810 1.0063490e-10
1811 6.2681200e-11
1812 3.6947320e-11
1813 2.0611010e-11
1814 1.0943780e-11
1815 1.2957090e-08
1816 9.4163190e-09
1817 6.6040780e-09
1818 4.4106180e-09
1819 2.8349630e-09
1820 1.8342490e-09
1821 1.2027510e-09
1822 8.0975500e-10
1823 5.5644840e-10
1824 3.8413110e-10
1825 2.6086580e-10
1826 1.7107470e-10
1827 1.0688850e-10
1828 6.3177310e-11
1829 3.5293860e-11
1830 1.9623040e-08
1831 1.4616700e-08
1832 1.0467080e-08
1833 7.2132140e-09
1834 4.6997300e-09
1835 3.0068640e-09
1836 1.9428430e-09
1837 1.2807510e-09
1838 8.6602300e-10
1839 5.9526410e-10
1840 4.0817180e-10
1841 2.7356050e-10
1842 1.7621570e-10
1843 1.0786460e-10
1844 6.2420100e-11
1845 2.6079620e-08
1846 1.9894180e-08
1847 1.4458330e-08
1848 1.0152900e-08
1849 6.7744680e-09
1850 4.3179540e-09
1851 2.7739080e-09
1852 1.7979090e-09
1853 1.1970410e-09
1854 8.1501490e-10
1855 5.5896400e-10
1856 3.7848670e-10
1857 2.4835240e-10
1858 1.5573300e-10
1859 9.2559150e-11
1860 3.3037920e-08
1861 2.5838920e-08
1862 1.9080560e-08
1863 1.3575980e-08
1864 9.2648410e-09
1865 5.9581640e-09
1866 3.7981320e-09
1867 2.4351060e-09
1868 1.5975430e-09
1869 1.0742680e-09
1870 7.3330380e-10
1871 4.9871230e-10
1872 3.3138730e-10
1873 2.1176150e-10
1874 1.2876790e-10
1875 4.0677220e-08
1876 3.2630930e-08
1877 2.4531610e-08
1878 1.7656890e-08
1879 1.2263100e-08
1880 8.0342250e-09
1881 5.0834300e-09
1882 3.2449140e-09
1883 2.0974660e-09
1884 1.3908010e-09
1885 9.4140000e-10
1886 6.4011430e-10
1887 4.2876520e-10
1888 2.7806160e-10
1889 1.7242390e-10
1890 4.9048660e-08
1891 4.0356640e-08
1892 3.0972990e-08
1893 2.2570640e-08
1894 1.5884580e-08
1895 1.0632640e-08
1896 6.7323250e-09
1897 4.2812960e-09
1898 2.7291830e-09
1899 1.7843390e-09
1900 1.1943300e-09
1901 8.0862800e-10
1902 5.4370100e-10
1903 3.5649990e-10
1904 2.2475570e-10
1905 5.9181660e-08
1906 5.0037870e-08
1907 3.9365440e-08
1908 2.9152660e-08
1909 2.0767070e-08
1910 1.4201060e-08
1911 9.1141830e-09
1912 5.7470340e-09
1913 3.6315950e-09
1914 2.3385170e-09
1915 1.5416760e-09
1916 1.0345130e-09
1917 6.9517820e-10
1918 4.5936550e-10
1919 2.9388230e-10
1920 7.3018280e-08
1921 6.3754130e-08
1922 5.1785230e-08
1923 3.9312590e-08
1924 2.8427730e-08
1925 1.9832850e-08
1926 1.3077930e-08
1927 8.2076940e-09
1928 5.1684530e-09
1929 3.2630130e-09
1930 2.1073040e-09
1931 1.3905040e-09
1932 9.2736520e-10
1933 6.1448720e-10
1934 3.9792640e-10
1935 9.8338100e-08
1936 9.0013170e-08
1937 7.6993050e-08
1938 6.1313630e-08
1939 4.5852420e-08
1940 3.2813690e-08
1941 2.2539600e-08
1942 1.4567440e-08
1943 9.0857520e-09
1944 5.6463600e-09
1945 3.5284370e-09
1946 2.2470470e-09
1947 1.4572670e-09
1948 9.5270230e-10
1949 6.1849040e-10
1950 2.1070890e-07
1951 2.1582470e-07
1952 2.1015880e-07
1953 1.9266440e-07
1954 1.6489070e-07
1955 1.3117480e-07
1956 9.7733030e-08
1957 6.9561830e-08
1958 4.7494870e-08
1959 3.0163110e-08
1960 1.8231730e-08
1961 1.0838480e-08
1962 6.3622900e-09
1963 3.7323050e-09
1964 2.2090400e-09
