0 2.1299880e-09
1 1.4371470e-09
2 9.4274210e-10
3 6.1876390e-10
4 4.1261820e-10
5 2.8083640e-10
6 1.9394090e-10
7 1.3380250e-10
8 9.0529830e-11
9 5.9084300e-11
10 3.6760370e-11
11 2.1672930e-11
12 1.2108010e-11
13 6.4466740e-12
14 3.2998060e-12
15 3.3807830e-09
16 2.3246560e-09
17 1.5382030e-09
18 1.0015500e-09
19 6.5955270e-10
20 4.4255110e-10
21 3.0317550e-10
22 2.0962860e-10
23 1.4368620e-10
24 9.5834310e-11
25 6.1276050e-11
26 3.7204160e-11
27 2.1378340e-11
28 1.1659290e-11
29 6.0803610e-12
30 3.8285500e-09
31 2.6476150e-09
32 1.7598630e-09
33 1.1448800e-09
34 7.5141490e-10
35 5.0202490e-10
36 3.4277520e-10
37 2.3682420e-10
38 1.6271480e-10
39 1.0909170e-10
40 7.0261860e-11
41 4.3019280e-11
42 2.4929580e-11
43 1.3700140e-11
44 7.1887980e-12
45 4.0872600e-09
46 2.8341350e-09
47 1.8879980e-09
48 1.2278750e-09
49 8.0459960e-10
50 5.3648160e-10
51 3.6568880e-10
52 2.5253790e-10
53 1.7370330e-10
54 1.1675300e-10
55 7.5456020e-11
56 4.6382280e-11
57 2.6987130e-11
58 1.4883450e-11
59 7.8319900e-12
60 4.2791650e-09
61 2.9724390e-09
62 1.9829200e-09
63 1.2893080e-09
64 8.4393030e-10
65 5.6196630e-10
66 3.8265940e-10
67 2.6419480e-10
68 1.8185010e-10
69 1.2243420e-10
70 7.9311630e-11
71 4.8878820e-11
72 2.8510460e-11
73 1.5759680e-11
74 8.3078680e-12
75 4.4342080e-09
76 3.0844070e-09
77 2.0597510e-09
78 1.3390680e-09
79 8.7580640e-10
80 5.8260690e-10
81 3.9638120e-10
82 2.7361640e-10
83 1.8844450e-10
84 1.2702530e-10
85 8.2422850e-11
86 5.0892150e-11
87 2.9741470e-11
88 1.6467530e-11
89 8.6925290e-12
90 4.5637940e-09
91 3.1777080e-09
92 2.1238460e-09
93 1.3804590e-09
94 9.0234020e-10
95 5.9979030e-10
96 4.0781020e-10
97 2.8147930e-10
98 1.9394930e-10
99 1.3085740e-10
100 8.5017520e-11
101 5.2569380e-11
102 3.0768620e-11
103 1.7058070e-11
104 9.0135450e-12
105 4.6841960e-09
106 3.2646620e-09
107 2.1833800e-09
108 1.4191500e-09
109 9.2708320e-10
110 6.1584420e-10
111 4.1848030e-10
112 2.8878480e-10
113 1.9905930e-10
114 1.3442120e-10
115 8.7434610e-11
116 5.4137790e-11
117 3.1725270e-11
118 1.7608900e-11
119 9.3125920e-12
120 4.8095590e-09
121 3.3548180e-09
122 2.2453080e-09
123 1.4591450e-09
124 9.5268060e-10
125 6.3242680e-10
126 4.2954310e-10
127 2.9639460e-10
128 2.0438640e-10
129 1.3812870e-10
130 8.9948540e-11
131 5.5761490e-11
132 3.2717370e-11
133 1.8178600e-11
134 9.6221360e-12
135 4.9688030e-09
136 3.4697670e-09
137 2.3243280e-09
138 1.5102840e-09
139 9.8549430e-10
140 6.5364350e-10
141 4.4364240e-10
142 3.0606330e-10
143 2.1115480e-10
144 1.4284800e-10
145 9.3145770e-11
146 5.7834340e-11
147 3.3983800e-11
148 1.8906390e-11
149 1.0017780e-11
150 6.3742930e-09
151 4.5077080e-09
152 3.0615600e-09
153 1.9964530e-09
154 1.2952210e-09
155 8.5154090e-10
156 5.7228790e-10
157 3.9262870e-10
158 2.7120460e-10
159 1.8502040e-10
160 1.2238120e-10
161 7.7347310e-11
162 4.6330740e-11
163 2.6250100e-11
164 1.4125960e-11
165 7.8214510e-09
166 5.5835110e-09
167 3.8372480e-09
168 2.5219940e-09
169 1.6292900e-09
170 1.0649470e-09
171 7.0947370e-10
172 4.8378720e-10
173 3.3371590e-10
174 2.2870520e-10
175 1.5273920e-10
176 9.7852760e-11
177 5.9531220e-11
178 3.4258940e-11
179 1.8692970e-11
180 8.6967720e-09
181 6.2360470e-09
182 4.3083400e-09
183 2.8432420e-09
184 1.8345210e-09
185 1.1958920e-09
186 7.9346200e-10
187 5.3934870e-10
188 3.7166200e-10
189 2.5518170e-10
190 1.7113910e-10
191 1.1031590e-10
192 6.7593790e-11
193 3.9181800e-11
194 2.1518420e-11
195 9.3495680e-09
196 6.7232530e-09
197 4.6605890e-09
198 3.0842220e-09
199 1.9879170e-09
200 1.2939650e-09
201 8.5626240e-10
202 5.8069630e-10
203 3.9991560e-10
204 2.7490430e-10
205 1.8491830e-10
206 1.1964920e-10
207 7.3632280e-11
208 4.2868930e-11
209 2.3633350e-11
210 9.8758780e-09
211 7.1166190e-09
212 4.9443000e-09
213 3.2774470e-09
214 2.1113830e-09
215 1.3726090e-09
216 9.0674330e-10
217 6.1412980e-10
218 4.2283630e-10
219 2.9089680e-10
220 1.9597460e-10
221 1.2713910e-10
222 7.8492830e-11
223 4.5837230e-11
224 2.5337450e-11
225 1.0314820e-08
226 7.4449850e-09
227 5.1815200e-09
228 3.4392170e-09
229 2.2148070e-09
230 1.4386200e-09
231 9.4909860e-10
232 6.4198760e-10
233 4.4185820e-10
234 3.0414740e-10
235 2.0523170e-10
236 1.3340870e-10
237 8.2540190e-11
238 4.8305160e-11
239 2.6756800e-11
240 1.0723820e-08
241 7.7500180e-09
242 5.4011380e-09
243 3.5896200e-09
244 2.3106690e-09
245 1.4998400e-09
246 9.8826490e-10
247 6.6796440e-10
248 4.5954380e-10
249 3.1649600e-10
250 2.1381530e-10
251 1.3922080e-10
252 8.6298820e-11
253 5.0607000e-11
254 2.8076190e-11
255 1.1149550e-08
256 8.0672840e-09
257 5.6300230e-09
258 3.7459310e-09
259 2.4103590e-09
260 1.5633630e-09
261 1.0290480e-09
262 6.9500690e-10
263 4.7803710e-10
264 3.2933570e-10
265 2.2279250e-10
266 1.4529270e-10
267 9.0228110e-11
268 5.2999200e-11
269 2.9447600e-11
270 1.1688950e-08
271 8.4713140e-09
272 5.9217410e-09
273 3.9445220e-09
274 2.5375110e-09
275 1.6443300e-09
276 1.0810140e-09
277 7.2935600e-10
278 5.0153410e-10
279 3.4571950e-10
280 2.3417390e-10
281 1.5300880e-10
282 9.5209450e-11
283 5.6047520e-11
284 3.1200070e-11
285 1.0186110e-08
286 7.3702880e-09
287 5.1432320e-09
288 3.4348790e-09
289 2.2156580e-09
290 1.4380070e-09
291 9.4665670e-10
292 6.3829480e-10
293 4.3802280e-10
294 3.0108540e-10
295 2.0327570e-10
296 1.3248410e-10
297 8.2321360e-11
298 4.8449790e-11
299 2.6997930e-11
300 1.1766600e-08
301 8.5807290e-09
302 6.0321140e-09
303 4.0646650e-09
304 2.6276620e-09
305 1.6987320e-09
306 1.1117590e-09
307 7.4514280e-10
308 5.0935300e-10
309 3.5014930e-10
310 2.3748040e-10
311 1.5602660e-10
312 9.7969800e-11
313 5.8331330e-11
314 3.2874120e-11
315 1.2967600e-08
316 9.5033370e-09
317 6.7099230e-09
318 4.5457040e-09
319 2.9441760e-09
320 1.8987890e-09
321 1.2387190e-09
322 8.2705120e-10
323 5.6389770e-10
324 3.8764710e-10
325 2.6357420e-10
326 1.7399440e-10
327 1.0993090e-10
328 6.5900910e-11
329 3.7389110e-11
330 1.3940350e-08
331 1.0250270e-08
332 7.2594750e-09
333 4.9364560e-09
334 3.2016260e-09
335 2.0609610e-09
336 1.3420050e-09
337 8.9342320e-10
338 6.0805490e-10
339 4.1800990e-10
340 2.8471100e-10
341 1.8857100e-10
342 1.1962100e-10
343 7.2038540e-11
344 4.1051830e-11
345 1.4751450e-08
346 1.0874510e-08
347 7.7174290e-09
348 5.2605340e-09
349 3.4148710e-09
350 2.1959130e-09
351 1.4275680e-09
352 9.4881670e-10
353 6.4493130e-10
354 4.4331890e-10
355 3.0234250e-10
356 2.0069710e-10
357 1.2770260e-10
358 7.7150070e-11
359 4.4100440e-11
360 1.5505160e-08
361 1.1453960e-08
362 8.1426070e-09
363 5.5633260e-09
364 3.6141080e-09
365 2.3213960e-09
366 1.5073160e-09
367 9.9986290e-10
368 6.7915750e-10
369 4.6686410e-10
370 3.1872420e-10
371 2.1196940e-10
372 1.3521410e-10
373 8.1911240e-11
374 4.6936200e-11
375 1.6289310e-08
376 1.2054280e-08
377 8.5848020e-09
378 5.8769360e-09
379 3.8205390e-09
380 2.4519410e-09
381 1.5903030e-09
382 1.0532310e-09
383 7.1455690e-10
384 4.9117190e-10
385 3.3573300e-10
386 2.2369010e-10
387 1.4300440e-10
388 8.6843660e-11
389 4.9875550e-11
390 1.7288740e-08
391 1.2822710e-08
392 9.1494880e-09
393 6.2773960e-09
394 4.0843000e-09
395 2.6180750e-09
396 1.6957950e-09
397 1.1215450e-09
398 7.5999470e-10
399 5.2245340e-10
400 3.5742090e-10
401 2.3861470e-10
402 1.5296020e-10
403 9.3142540e-11
404 5.3639050e-11
405 1.4034420e-08
406 1.0353520e-08
407 7.3456650e-09
408 5.0112720e-09
409 3.2639230e-09
410 2.0990360e-09
411 1.3659160e-09
412 9.0692950e-10
413 6.1570040e-10
414 4.2248530e-10
415 2.8770700e-10
416 1.9079060e-10
417 1.2138670e-10
418 7.3396370e-11
419 4.2022750e-11
420 1.5859000e-08
421 1.1795940e-08
422 8.4197850e-09
423 5.7874770e-09
424 3.7930790e-09
425 2.4330480e-09
426 1.5779560e-09
427 1.0413180e-09
428 7.0336670e-10
429 4.8176640e-10
430 3.2870450e-10
431 2.1916210e-10
432 1.4056930e-10
433 8.5823690e-11
434 4.9641690e-11
435 1.7353890e-08
436 1.2980620e-08
437 9.3027940e-09
438 6.4261410e-09
439 4.2294530e-09
440 2.7086120e-09
441 1.7529880e-09
442 1.1519380e-09
443 7.7561480e-10
444 5.3050370e-10
445 3.6237000e-10
446 2.4245470e-10
447 1.5632450e-10
448 9.6044420e-11
449 5.5917720e-11
450 1.8597400e-08
451 1.3966290e-08
452 1.0037810e-08
453 6.9586290e-09
454 4.5927810e-09
455 2.9386930e-09
456 1.8987570e-09
457 1.2443520e-09
458 8.3590760e-10
459 5.7120250e-10
460 3.9047100e-10
461 2.6189660e-10
462 1.6947720e-10
463 1.0457430e-10
464 6.1155670e-11
465 1.9757970e-08
466 1.4885450e-08
467 1.0723080e-08
468 7.4530450e-09
469 4.9307650e-09
470 3.1522240e-09
471 2.0341630e-09
472 1.3300700e-09
473 8.9182830e-10
474 6.0890690e-10
475 4.1652990e-10
476 2.7992390e-10
477 1.8167410e-10
478 1.1248680e-10
479 6.6014020e-11
480 2.0961680e-08
481 1.5837600e-08
482 1.1436150e-08
483 7.9675650e-09
484 5.2814160e-09
485 3.3741420e-09
486 2.1748580e-09
487 1.4191770e-09
488 9.4994000e-10
489 6.4816020e-10
490 4.4366760e-10
491 2.9870970e-10
492 1.9437760e-10
493 1.2071890e-10
494 7.1067950e-11
495 2.2493960e-08
496 1.7054280e-08
497 1.2340810e-08
498 8.6218450e-09
499 5.7289720e-09
500 3.6565120e-09
501 2.3541600e-09
502 1.5323700e-09
503 1.0240240e-09
504 6.9806920e-10
505 4.7814820e-10
506 3.2256070e-10
507 2.1051680e-10
508 1.3121230e-10
509 7.7507720e-11
510 1.8360840e-08
511 1.3823300e-08
512 9.9499690e-09
513 6.9030940e-09
514 4.5727040e-09
515 2.9296610e-09
516 1.8925830e-09
517 1.2385580e-09
518 8.3046510e-10
519 5.6644410e-10
520 3.8677290e-10
521 2.5935630e-10
522 1.6797740e-10
523 1.0384730e-10
524 6.0901550e-11
525 2.0496600e-08
526 1.5570520e-08
527 1.1275790e-08
528 7.8724910e-09
529 5.2543670e-09
530 3.3689670e-09
531 2.1692720e-09
532 1.4120790e-09
533 9.4183590e-10
534 6.4017890e-10
535 4.3711520e-10
536 2.9413280e-10
537 1.9171570e-10
538 1.1951950e-10
539 7.0752530e-11
540 2.2287360e-08
541 1.7038060e-08
542 1.2390710e-08
543 8.6883920e-09
544 5.8265810e-09
545 3.7389010e-09
546 2.4021980e-09
547 1.5583440e-09
548 1.0355310e-09
549 7.0223550e-10
550 4.7944670e-10
551 3.2336760e-10
552 2.1167380e-10
553 1.3269920e-10
554 7.9042910e-11
555 2.3951370e-08
556 1.8400670e-08
557 1.3426180e-08
558 9.4448280e-09
559 6.3595970e-09
560 4.0826550e-09
561 2.6184640e-09
562 1.6942470e-09
563 1.1226350e-09
564 7.5991980e-10
565 5.1875980e-10
566 3.5051900e-10
567 2.3021180e-10
568 1.4494510e-10
569 8.6746690e-11
570 2.5681310e-08
571 1.9815920e-08
572 1.4501560e-08
573 1.0230820e-08
574 6.9137250e-09
575 4.4407720e-09
576 2.8431230e-09
577 1.8353390e-09
578 1.2130730e-09
579 8.1968380e-10
580 5.5962210e-10
581 3.7876070e-10
582 2.4949370e-10
583 1.5767780e-10
584 9.4754150e-11
585 2.7884620e-08
586 2.1619660e-08
587 1.5872710e-08
588 1.1233100e-08
589 7.6184010e-09
590 4.8944040e-09
591 3.1295450e-09
592 2.0149550e-09
593 1.3282680e-09
594 8.9599540e-10
595 6.1168190e-10
596 4.1466420e-10
597 2.7400810e-10
598 1.7387000e-10
599 1.0494270e-10
600 2.3342020e-08
601 1.7960350e-08
602 1.3120930e-08
603 9.2328180e-09
604 6.2273510e-09
605 4.0108060e-09
606 2.5706090e-09
607 1.6637250e-09
608 1.1011530e-09
609 7.4414990e-10
610 5.0723620e-10
611 3.4236370e-10
612 2.2477390e-10
613 1.4159080e-10
614 8.4855910e-11
615 2.5813650e-08
616 2.0050410e-08
617 1.4749100e-08
618 1.0434340e-08
619 7.0874130e-09
620 4.5835950e-09
621 2.9287580e-09
622 1.8893090e-09
623 1.2431330e-09
624 8.3633940e-10
625 5.6915130e-10
626 3.8482290e-10
627 2.5386000e-10
628 1.6104580e-10
629 9.7337800e-11
630 2.8117140e-08
631 2.2004500e-08
632 1.6267360e-08
633 1.1554600e-08
634 7.8897530e-09
635 5.1192310e-09
636 3.2631810e-09
637 2.0996770e-09
638 1.3756870e-09
639 9.2233440e-10
640 6.2686280e-10
641 4.2439690e-10
642 2.8097230e-10
643 1.7918770e-10
644 1.0898180e-10
645 3.0510800e-08
646 2.4027030e-08
647 1.7838080e-08
648 1.2716920e-08
649 8.7230660e-09
650 5.6748160e-09
651 3.6097140e-09
652 2.3176720e-09
653 1.5132100e-09
654 1.0115120e-09
655 6.8675670e-10
656 4.6548620e-10
657 3.0912300e-10
658 1.9801900e-10
659 1.2106370e-10
660 3.3549820e-08
661 2.6599950e-08
662 1.9844090e-08
663 1.4195540e-08
664 9.7831870e-09
665 6.3814770e-09
666 4.0515780e-09
667 2.5954500e-09
668 1.6881770e-09
669 1.1251150e-09
670 7.6302340e-10
671 5.1778190e-10
672 3.4495320e-10
673 2.2198390e-10
674 1.3644640e-10
675 2.9047740e-08
676 2.2863040e-08
677 1.6983250e-08
678 1.2101580e-08
679 8.2951160e-09
680 5.4101260e-09
681 3.4460600e-09
682 2.2148800e-09
683 1.4460180e-09
684 9.6602760e-10
685 6.5494350e-10
686 4.4314580e-10
687 2.9379880e-10
688 1.8796670e-10
689 1.1485200e-10
690 3.2153960e-08
691 2.5577530e-08
692 1.9155900e-08
693 1.3724860e-08
694 9.4724190e-09
695 6.2206730e-09
696 3.9561310e-09
697 2.5357590e-09
698 1.6451220e-09
699 1.0930740e-09
700 7.3862920e-10
701 4.9983710e-10
702 3.3255770e-10
703 2.1410780e-10
704 1.3190220e-10
705 3.5369170e-08
706 2.8392110e-08
707 2.1405300e-08
708 1.5408690e-08
709 1.0693890e-08
710 7.0614440e-09
711 4.4845790e-09
712 2.8682900e-09
713 1.8516300e-09
714 1.2244630e-09
715 8.2540450e-10
716 5.5863340e-10
717 3.7275970e-10
718 2.4121670e-10
719 1.4957830e-10
720 3.9468480e-08
721 3.1978650e-08
722 2.4274940e-08
723 1.7556400e-08
724 1.2250050e-08
725 8.1323510e-09
726 5.1591720e-09
727 3.2919080e-09
728 2.1147070e-09
729 1.3924800e-09
730 9.3603580e-10
731 6.3359530e-10
732 4.2401700e-10
733 2.7578500e-10
734 1.7212140e-10
735 3.6251950e-08
736 2.9274760e-08
737 2.2196200e-08
738 1.6036210e-08
739 1.1161760e-08
740 7.4116040e-09
741 4.7201500e-09
742 3.0130640e-09
743 1.9396740e-09
744 1.2781790e-09
745 8.5848530e-10
746 5.7989190e-10
747 3.8697290e-10
748 2.5093560e-10
749 1.5620210e-10
750 4.0620160e-08
751 3.3227440e-08
752 2.5465930e-08
753 1.8536180e-08
754 1.2993250e-08
755 8.7060260e-09
756 5.5578320e-09
757 3.5344700e-09
758 2.2624540e-09
759 1.4801160e-09
760 9.8869450e-10
761 6.6652940e-10
762 4.4570120e-10
763 2.9064560e-10
764 1.8243040e-10
765 4.6176460e-08
766 3.8266650e-08
767 2.9631540e-08
768 2.1720400e-08
769 1.5324260e-08
770 1.0353850e-08
771 6.6247290e-09
772 4.1982300e-09
773 2.6732970e-09
774 1.7375750e-09
775 1.1545150e-09
776 7.7685940e-10
777 5.2050040e-10
778 3.4123050e-10
779 2.1584490e-10
780 4.6632320e-08
781 3.8865760e-08
782 3.0293810e-08
783 2.2324320e-08
784 1.5798480e-08
785 1.0725500e-08
786 6.9129770e-09
787 4.3729020e-09
788 2.7838170e-09
789 1.8010590e-09
790 1.1906940e-09
791 7.9795250e-10
792 5.3353350e-10
793 3.4985800e-10
794 2.2185280e-10
795 5.4528110e-08
796 4.6321150e-08
797 3.6732380e-08
798 2.7411270e-08
799 1.9579750e-08
800 1.3452340e-08
801 8.7594950e-09
802 5.5207320e-09
803 3.4977210e-09
804 2.2388710e-09
805 1.4650040e-09
806 9.7536720e-10
807 6.5143170e-10
808 4.2908520e-10
809 2.7456960e-10
810 6.7014960e-08
811 5.8671280e-08
812 4.7981340e-08
813 3.6751860e-08
814 2.6729430e-08
815 1.8692730e-08
816 1.2467630e-08
817 7.9090460e-09
818 4.9726500e-09
819 3.1341210e-09
820 2.0108110e-09
821 1.3152050e-09
822 8.6962070e-10
823 5.7250180e-10
824 3.6952680e-10
825 0.0000000e+00
826 0.0000000e+00
827 0.0000000e+00
828 0.0000000e+00
829 0.0000000e+00
830 0.0000000e+00
831 0.0000000e+00
832 0.0000000e+00
833 0.0000000e+00
834 0.0000000e+00
835 0.0000000e+00
836 0.0000000e+00
837 0.0000000e+00
838 0.0000000e+00
839 0.0000000e+00
840 0.0000000e+00
841 0.0000000e+00
842 0.0000000e+00
843 0.0000000e+00
844 0.0000000e+00
845 0.0000000e+00
846 0.0000000e+00
847 0.0000000e+00
848 0.0000000e+00
849 0.0000000e+00
850 0.0000000e+00
851 0.0000000e+00
852 0.0000000e+00
853 0.0000000e+00
854 0.0000000e+00
855 0.0000000e+00
856 0.0000000e+00
857 0.0000000e+00
858 0.0000000e+00
859 0.0000000e+00
860 0.0000000e+00
861 0.0000000e+00
862 0.0000000e+00
863 0.0000000e+00
864 0.0000000e+00
865 0.0000000e+00
866 0.0000000e+00
867 0.0000000e+00
868 0.0000000e+00
869 0.0000000e+00
870 0.0000000e+00
871 0.0000000e+00
872 0.0000000e+00
873 0.0000000e+00
874 0.0000000e+00
875 0.0000000e+00
876 0.0000000e+00
877 0.0000000e+00
878 0.0000000e+00
879 0.0000000e+00
880 0.0000000e+00
881 0.0000000e+00
882 0.0000000e+00
883 0.0000000e+00
884 0.0000000e+00
885 0.0000000e+00
886 0.0000000e+00
887 0.0000000e+00
888 0.0000000e+00
889 0.0000000e+00
890 0.0000000e+00
891 0.0000000e+00
892 0.0000000e+00
893 0.0000000e+00
894 0.0000000e+00
895 0.0000000e+00
896 0.0000000e+00
897 0.0000000e+00
898 0.0000000e+00
899 0.0000000e+00
900 0.0000000e+00
901 0.0000000e+00
902 0.0000000e+00
903 0.0000000e+00
904 0.0000000e+00
905 0.0000000e+00
906 0.0000000e+00
907 0.0000000e+00
908 0.0000000e+00
909 0.0000000e+00
910 0.0000000e+00
911 0.0000000e+00
912 0.0000000e+00
913 0.0000000e+00
914 0.0000000e+00
915 0.0000000e+00
916 0.0000000e+00
917 0.0000000e+00
918 0.0000000e+00
919 0.0000000e+00
920 0.0000000e+00
921 0.0000000e+00
922 0.0000000e+00
923 0.0000000e+00
924 0.0000000e+00
925 0.0000000e+00
926 0.0000000e+00
927 0.0000000e+00
928 0.0000000e+00
929 0.0000000e+00
930 0.0000000e+00
931 0.0000000e+00
932 0.0000000e+00
933 0.0000000e+00
934 0.0000000e+00
935 0.0000000e+00
936 0.0000000e+00
937 0.0000000e+00
938 0.0000000e+00
939 0.0000000e+00
940 0.0000000e+00
941 0.0000000e+00
942 0.0000000e+00
943 0.0000000e+00
944 0.0000000e+00
945 0.0000000e+00
946 0.0000000e+00
947 0.0000000e+00
948 0.0000000e+00
949 0.0000000e+00
950 0.0000000e+00
951 0.0000000e+00
952 0.0000000e+00
953 0.0000000e+00
954 0.0000000e+00
955 0.0000000e+00
956 0.0000000e+00
957 0.0000000e+00
958 0.0000000e+00
959 0.0000000e+00
960 2.8367290e-07
961 2.2137630e-07
962 1.6667480e-07
963 1.2461530e-07
964 8.1217010e-08
965 5.1464370e-08
966 3.1901110e-08
967 2.0096270e-08
968 0.0000000e+00
969 0.0000000e+00
970 0.0000000e+00
971 0.0000000e+00
972 0.0000000e+00
973 0.0000000e+00
974 0.0000000e+00
975 4.3107380e-07
976 3.4053170e-07
977 2.5638150e-07
978 1.9267750e-07
979 1.2818170e-07
980 8.0756180e-08
981 5.0260210e-08
982 3.1507800e-08
983 0.0000000e+00
984 0.0000000e+00
985 0.0000000e+00
986 0.0000000e+00
987 0.0000000e+00
988 0.0000000e+00
989 0.0000000e+00
990 5.5175880e-07
991 4.3899740e-07
992 3.3076830e-07
993 2.4901040e-07
994 1.6753360e-07
995 1.0533750e-07
996 6.5722740e-08
997 4.1086660e-08
998 0.0000000e+00
999 0.0000000e+00
1000 0.0000000e+00
1001 0.0000000e+00
1002 0.0000000e+00
1003 0.0000000e+00
1004 0.0000000e+00
1005 6.5034230e-07
1006 5.1956300e-07
1007 3.9168830e-07
1008 2.9513820e-07
1009 1.9979860e-07
1010 1.2552720e-07
1011 7.8416290e-08
1012 4.8947740e-08
1013 0.0000000e+00
1014 0.0000000e+00
1015 0.0000000e+00
1016 0.0000000e+00
1017 0.0000000e+00
1018 0.0000000e+00
1019 0.0000000e+00
1020 7.3250510e-07
1021 5.8669530e-07
1022 4.4244730e-07
1023 3.3358070e-07
1024 2.2668610e-07
1025 1.4235960e-07
1026 8.8997610e-08
1027 5.5501520e-08
1028 0.0000000e+00
1029 0.0000000e+00
1030 0.0000000e+00
1031 0.0000000e+00
1032 0.0000000e+00
1033 0.0000000e+00
1034 0.0000000e+00
1035 8.0897370e-07
1036 6.4917370e-07
1037 4.8972070e-07
1038 3.6936120e-07
1039 2.5171830e-07
1040 1.5802780e-07
1041 9.8849060e-08
1042 6.1602110e-08
1043 0.0000000e+00
1044 0.0000000e+00
1045 0.0000000e+00
1046 0.0000000e+00
1047 0.0000000e+00
1048 0.0000000e+00
1049 0.0000000e+00
1050 8.8839830e-07
1051 7.1410200e-07
1052 5.3880810e-07
1053 4.0653540e-07
1054 2.7771840e-07
1055 1.7430020e-07
1056 1.0907930e-07
1057 6.7937950e-08
1058 0.0000000e+00
1059 0.0000000e+00
1060 0.0000000e+00
1061 0.0000000e+00
1062 0.0000000e+00
1063 0.0000000e+00
1064 0.0000000e+00
1065 9.8966410e-07
1066 7.9685270e-07
1067 6.0139260e-07
1068 4.5393150e-07
1069 3.1086790e-07
1070 1.9504810e-07
1071 1.2212380e-07
1072 7.6016530e-08
1073 0.0000000e+00
1074 0.0000000e+00
1075 0.0000000e+00
1076 0.0000000e+00
1077 0.0000000e+00
1078 0.0000000e+00
1079 0.0000000e+00
1080 1.9821670e-07
1081 1.6762880e-07
1082 1.2742310e-07
1083 9.6452430e-08
1084 7.0985530e-08
1085 4.3882020e-08
1086 2.8022520e-08
1087 1.7163730e-08
1088 1.0737640e-08
1089 0.0000000e+00
1090 0.0000000e+00
1091 0.0000000e+00
1092 0.0000000e+00
1093 0.0000000e+00
1094 0.0000000e+00
1095 3.2169500e-07
1096 2.7601550e-07
1097 2.1154890e-07
1098 1.5955320e-07
1099 1.1884770e-07
1100 7.4346660e-08
1101 4.7468000e-08
1102 2.8978980e-08
1103 1.8058630e-08
1104 0.0000000e+00
1105 0.0000000e+00
1106 0.0000000e+00
1107 0.0000000e+00
1108 0.0000000e+00
1109 0.0000000e+00
1110 4.3194160e-07
1111 3.7354560e-07
1112 2.8777690e-07
1113 2.1670970e-07
1114 1.6224030e-07
1115 1.0237320e-07
1116 6.5234340e-08
1117 3.9804720e-08
1118 2.4755600e-08
1119 0.0000000e+00
1120 0.0000000e+00
1121 0.0000000e+00
1122 0.0000000e+00
1123 0.0000000e+00
1124 0.0000000e+00
1125 5.2467420e-07
1126 4.5570080e-07
1127 3.5206790e-07
1128 2.6492980e-07
1129 1.9884070e-07
1130 1.2607480e-07
1131 8.0244150e-08
1132 4.8961810e-08
1133 3.0417400e-08
1134 0.0000000e+00
1135 0.0000000e+00
1136 0.0000000e+00
1137 0.0000000e+00
1138 0.0000000e+00
1139 0.0000000e+00
1140 6.1090720e-07
1141 5.3208480e-07
1142 4.1185460e-07
1143 3.0977110e-07
1144 2.3287410e-07
1145 1.4810680e-07
1146 9.4199150e-08
1147 5.7475010e-08
1148 3.5681320e-08
1149 0.0000000e+00
1150 0.0000000e+00
1151 0.0000000e+00
1152 0.0000000e+00
1153 0.0000000e+00
1154 0.0000000e+00
1155 7.0044430e-07
1156 6.1141910e-07
1157 4.7393420e-07
1158 3.5633320e-07
1159 2.6821350e-07
1160 1.7098850e-07
1161 1.0869020e-07
1162 6.6315270e-08
1163 4.1147640e-08
1164 0.0000000e+00
1165 0.0000000e+00
1166 0.0000000e+00
1167 0.0000000e+00
1168 0.0000000e+00
1169 0.0000000e+00
1170 8.1465230e-07
1171 7.1257750e-07
1172 5.5308830e-07
1173 4.1570360e-07
1174 3.1326720e-07
1175 2.0016700e-07
1176 1.2716700e-07
1177 7.7588190e-08
1178 4.8117590e-08
1179 0.0000000e+00
1180 0.0000000e+00
1181 0.0000000e+00
1182 0.0000000e+00
1183 0.0000000e+00
1184 0.0000000e+00
1185 1.5891910e-07
1186 1.4446770e-07
1187 1.1492770e-07
1188 8.5737920e-08
1189 6.5925990e-08
1190 4.3899880e-08
1191 2.7582560e-08
1192 1.6777890e-08
1193 1.0333010e-08
1194 0.0000000e+00
1195 0.0000000e+00
1196 0.0000000e+00
1197 0.0000000e+00
1198 0.0000000e+00
1199 0.0000000e+00
1200 2.6601310e-07
1201 2.4471210e-07
1202 1.9693440e-07
1203 1.4711760e-07
1204 1.1289600e-07
1205 7.6913810e-08
1206 4.7814360e-08
1207 2.9321170e-08
1208 1.8003370e-08
1209 0.0000000e+00
1210 0.0000000e+00
1211 0.0000000e+00
1212 0.0000000e+00
1213 0.0000000e+00
1214 0.0000000e+00
1215 3.6359580e-07
1216 3.3659700e-07
1217 2.7262690e-07
1218 2.0393900e-07
1219 1.5626960e-07
1220 1.0770200e-07
1221 6.6675770e-08
1222 4.1081840e-08
1223 2.5172990e-08
1224 0.0000000e+00
1225 0.0000000e+00
1226 0.0000000e+00
1227 0.0000000e+00
1228 0.0000000e+00
1229 0.0000000e+00
1230 4.5475340e-07
1231 4.2250520e-07
1232 3.4345990e-07
1233 2.5714750e-07
1234 1.9687000e-07
1235 1.3654740e-07
1236 8.4366050e-08
1237 5.2112270e-08
1238 3.1894920e-08
1239 0.0000000e+00
1240 0.0000000e+00
1241 0.0000000e+00
1242 0.0000000e+00
1243 0.0000000e+00
1244 0.0000000e+00
1245 5.4933670e-07
1246 5.1161880e-07
1247 4.1693280e-07
1248 3.1232700e-07
1249 2.3898300e-07
1250 1.6645750e-07
1251 1.0270490e-07
1252 6.3548040e-08
1253 3.8864180e-08
1254 0.0000000e+00
1255 0.0000000e+00
1256 0.0000000e+00
1257 0.0000000e+00
1258 0.0000000e+00
1259 0.0000000e+00
1260 6.6994030e-07
1261 6.2525240e-07
1262 5.1059300e-07
1263 3.8268000e-07
1264 2.9267700e-07
1265 2.0459700e-07
1266 1.2609590e-07
1267 7.8131420e-08
1268 4.7751520e-08
1269 0.0000000e+00
1270 0.0000000e+00
1271 0.0000000e+00
1272 0.0000000e+00
1273 0.0000000e+00
1274 0.0000000e+00
1275 1.3190490e-07
1276 1.2699680e-07
1277 1.0696040e-07
1278 8.0702040e-08
1279 6.1202620e-08
1280 4.5108790e-08
1281 2.7222820e-08
1282 1.7277980e-08
1283 1.0463800e-08
1284 6.4126440e-09
1285 0.0000000e+00
1286 0.0000000e+00
1287 0.0000000e+00
1288 0.0000000e+00
1289 0.0000000e+00
1290 2.2578250e-07
1291 2.1952580e-07
1292 1.8714870e-07
1293 1.4213360e-07
1294 1.0734150e-07
1295 8.0079900e-08
1296 4.8663970e-08
1297 3.1054680e-08
1298 1.8713810e-08
1299 1.1418560e-08
1300 0.0000000e+00
1301 0.0000000e+00
1302 0.0000000e+00
1303 0.0000000e+00
1304 0.0000000e+00
1305 3.1957720e-07
1306 3.1234690e-07
1307 2.6804010e-07
1308 2.0437570e-07
1309 1.5404200e-07
1310 1.1553810e-07
1311 7.0623110e-08
1312 4.5109610e-08
1313 2.7125560e-08
1314 1.6521460e-08
1315 0.0000000e+00
1316 0.0000000e+00
1317 0.0000000e+00
1318 0.0000000e+00
1319 0.0000000e+00
1320 4.1684140e-07
1321 4.0861230e-07
1322 3.5194800e-07
1323 2.6895770e-07
1324 2.0249870e-07
1325 1.5232400e-07
1326 9.3416780e-08
1327 5.9691920e-08
1328 3.5855040e-08
1329 2.1816870e-08
1330 0.0000000e+00
1331 0.0000000e+00
1332 0.0000000e+00
1333 0.0000000e+00
1334 0.0000000e+00
1335 5.4079130e-07
1336 5.3128320e-07
1337 4.5884760e-07
1338 3.5123750e-07
1339 2.6423600e-07
1340 1.9919010e-07
1341 1.2245380e-07
1342 7.8270480e-08
1343 4.6978000e-08
1344 2.8564120e-08
1345 0.0000000e+00
1346 0.0000000e+00
1347 0.0000000e+00
1348 0.0000000e+00
1349 0.0000000e+00
1350 1.0997690e-07
1351 1.1103320e-07
1352 9.9176760e-08
1353 7.7473810e-08
1354 5.7722450e-08
1355 4.4542030e-08
1356 2.8261660e-08
1357 1.8105970e-08
1358 1.0751360e-08
1359 6.4917000e-09
1360 0.0000000e+00
1361 0.0000000e+00
1362 0.0000000e+00
1363 0.0000000e+00
1364 0.0000000e+00
1365 2.0104120e-07
1366 2.0464480e-07
1367 1.8489380e-07
1368 1.4588570e-07
1369 1.0862140e-07
1370 8.3815540e-08
1371 5.4451510e-08
1372 3.4456370e-08
1373 2.0519880e-08
1374 1.2386570e-08
1375 0.0000000e+00
1376 0.0000000e+00
1377 0.0000000e+00
1378 0.0000000e+00
1379 0.0000000e+00
1380 2.9971410e-07
1381 3.0630210e-07
1382 2.7828510e-07
1383 2.2068950e-07
1384 1.6431920e-07
1385 1.2673720e-07
1386 8.3286270e-08
1387 5.2383860e-08
1388 3.1274390e-08
1389 1.8869320e-08
1390 0.0000000e+00
1391 0.0000000e+00
1392 0.0000000e+00
1393 0.0000000e+00
1394 0.0000000e+00
1395 4.2513770e-07
1396 4.3550750e-07
1397 3.9696720e-07
1398 3.1575110e-07
1399 2.3510350e-07
1400 1.8128320e-07
1401 1.1992700e-07
1402 7.5169190e-08
1403 4.4942240e-08
1404 2.7108170e-08
1405 0.0000000e+00
1406 0.0000000e+00
1407 0.0000000e+00
1408 0.0000000e+00
1409 0.0000000e+00
1410 1.0071420e-07
1411 1.0577940e-07
1412 9.9803340e-08
1413 8.1963610e-08
1414 6.1155880e-08
1415 4.6869780e-08
1416 3.3217770e-08
1417 2.0038100e-08
1418 1.2226220e-08
1419 7.3464440e-09
1420 0.0000000e+00
1421 0.0000000e+00
1422 0.0000000e+00
1423 0.0000000e+00
1424 0.0000000e+00
1425 1.9797420e-07
1426 2.0924800e-07
1427 1.9926270e-07
1428 1.6538500e-07
1429 1.2386210e-07
1430 9.4518320e-08
1431 6.8174010e-08
1432 4.0877510e-08
1433 2.5256830e-08
1434 1.5113680e-08
1435 0.0000000e+00
1436 0.0000000e+00
1437 0.0000000e+00
1438 0.0000000e+00
1439 0.0000000e+00
1440 3.2388780e-07
1441 3.4332000e-07
1442 3.2830920e-07
1443 2.7380210e-07
1444 2.0544380e-07
1445 1.5646810e-07
1446 1.1369340e-07
1447 6.8051850e-08
1448 4.2269420e-08
1449 2.5245650e-08
1450 0.0000000e+00
1451 0.0000000e+00
1452 0.0000000e+00
1453 0.0000000e+00
1454 0.0000000e+00
1455 1.0256720e-07
1456 1.1155740e-07
1457 1.1072700e-07
1458 9.6532000e-08
1459 7.3990530e-08
1460 5.5415770e-08
1461 4.2432880e-08
1462 2.5622880e-08
1463 1.6509930e-08
1464 9.6875100e-09
1465 5.6791240e-09
1466 0.0000000e+00
1467 0.0000000e+00
1468 0.0000000e+00
1469 0.0000000e+00
1470 2.2771310e-07
1471 2.4887430e-07
1472 2.4878530e-07
1473 2.1896440e-07
1474 1.6898300e-07
1475 1.2625410e-07
1476 9.7082160e-08
1477 5.9506770e-08
1478 3.8259610e-08
1479 2.2384330e-08
1480 1.3119800e-08
1481 0.0000000e+00
1482 0.0000000e+00
1483 0.0000000e+00
1484 0.0000000e+00
1485 1.2865480e-07
1486 1.4492400e-07
1487 1.5133150e-07
1488 1.4141100e-07
1489 1.1485850e-07
1490 8.5469780e-08
1491 6.5834260e-08
1492 4.5463670e-08
1493 2.7649050e-08
1494 1.6403330e-08
1495 9.6433040e-09
1496 0.0000000e+00
1497 0.0000000e+00
1498 0.0000000e+00
1499 0.0000000e+00
1500 5.2383500e-05
1501 3.8829280e-05
1502 2.7951860e-05
1503 1.8404240e-05
1504 1.1712620e-05
1505 0.0000000e+00
1506 0.0000000e+00
1507 0.0000000e+00
1508 0.0000000e+00
1509 0.0000000e+00
1510 0.0000000e+00
1511 0.0000000e+00
1512 0.0000000e+00
1513 0.0000000e+00
1514 0.0000000e+00
1515 3.8278200e-05
1516 3.0638860e-05
1517 2.2959890e-05
1518 1.7569960e-05
1519 1.1894660e-05
1520 7.4677210e-06
1521 4.6331960e-06
1522 2.8892150e-06
1523 0.0000000e+00
1524 0.0000000e+00
1525 0.0000000e+00
1526 0.0000000e+00
1527 0.0000000e+00
1528 0.0000000e+00
1529 0.0000000e+00
1530 2.8827620e-05
1531 2.5277350e-05
1532 1.9536400e-05
1533 1.4636860e-05
1534 1.1185150e-05
1535 7.0042010e-06
1536 4.5203050e-06
1537 2.7386280e-06
1538 1.6936150e-06
1539 0.0000000e+00
1540 0.0000000e+00
1541 0.0000000e+00
1542 0.0000000e+00
1543 0.0000000e+00
1544 0.0000000e+00
1545 2.2615340e-05
1546 2.1177730e-05
1547 1.7284550e-05
1548 1.2894970e-05
1549 9.9024200e-06
1550 6.9469970e-06
1551 4.2534680e-06
1552 2.6166430e-06
1553 1.6050490e-06
1554 0.0000000e+00
1555 0.0000000e+00
1556 0.0000000e+00
1557 0.0000000e+00
1558 0.0000000e+00
1559 0.0000000e+00
1560 1.7307800e-05
1561 1.7068210e-05
1562 1.4777370e-05
1563 1.1288160e-05
1564 8.4735300e-06
1565 6.4568540e-06
1566 3.9063930e-06
1567 2.5291880e-06
1568 1.5149530e-06
1569 9.1679850e-07
1570 0.0000000e+00
1571 0.0000000e+00
1572 0.0000000e+00
1573 0.0000000e+00
1574 0.0000000e+00
1575 1.3712660e-05
1576 1.4098660e-05
1577 1.2901760e-05
1578 1.0271170e-05
1579 7.6261300e-06
1580 5.9067560e-06
1581 3.9117580e-06
1582 2.4607330e-06
1583 1.4594530e-06
1584 8.8185110e-07
1585 0.0000000e+00
1586 0.0000000e+00
1587 0.0000000e+00
1588 0.0000000e+00
1589 0.0000000e+00
1590 1.0941190e-05
1591 1.1634570e-05
1592 1.1171430e-05
1593 9.3444210e-06
1594 7.0035140e-06
1595 5.3287470e-06
1596 3.9111540e-06
1597 2.3134910e-06
1598 1.4405740e-06
1599 8.6094500e-07
1600 0.0000000e+00
1601 0.0000000e+00
1602 0.0000000e+00
1603 0.0000000e+00
1604 0.0000000e+00
1605 8.1466020e-06
1606 8.9320510e-06
1607 8.9686560e-06
1608 7.9325970e-06
1609 6.1324530e-06
1610 4.5704920e-06
1611 3.5376930e-06
1612 2.1640680e-06
1613 1.4043440e-06
1614 8.1915410e-07
1615 4.7787870e-07
1616 0.0000000e+00
1617 0.0000000e+00
1618 0.0000000e+00
1619 0.0000000e+00
1620 5.4552150e-06
1621 6.1683520e-06
1622 6.4754190e-06
1623 6.0951150e-06
1624 4.9823700e-06
1625 3.7068690e-06
1626 2.8509700e-06
1627 2.0008980e-06
1628 1.2029820e-06
1629 7.1495520e-07
1630 4.2096000e-07
1631 0.0000000e+00
1632 0.0000000e+00
1633 0.0000000e+00
1634 0.0000000e+00
1635 3.2996250e-06
1636 3.8622530e-06
1637 4.2552860e-06
1638 4.2986340e-06
1639 3.8321970e-06
1640 2.9834110e-06
1641 2.2235830e-06
1642 1.7209740e-06
1643 1.0661300e-06
1644 6.8070240e-07
1645 3.9115010e-07
1646 2.2059130e-07
1647 0.0000000e+00
1648 0.0000000e+00
1649 0.0000000e+00
1650 0.0000000e+00
1651 0.0000000e+00
1652 0.0000000e+00
1653 0.0000000e+00
1654 0.0000000e+00
1655 0.0000000e+00
1656 0.0000000e+00
1657 0.0000000e+00
1658 0.0000000e+00
1659 0.0000000e+00
1660 0.0000000e+00
1661 0.0000000e+00
1662 0.0000000e+00
1663 0.0000000e+00
1664 0.0000000e+00
1665 1.2258870e-06
1666 9.9008900e-07
1667 7.4761280e-07
1668 5.6467650e-07
1669 3.8834330e-07
1670 2.4353770e-07
1671 1.5260910e-07
1672 9.4897870e-08
1673 0.0000000e+00
1674 0.0000000e+00
1675 0.0000000e+00
1676 0.0000000e+00
1677 0.0000000e+00
1678 0.0000000e+00
1679 0.0000000e+00
1680 1.0811000e-06
1681 9.4878520e-07
1682 7.3801780e-07
1683 5.5443530e-07
1684 4.1856740e-07
1685 2.6834230e-07
1686 1.7035100e-07
1687 1.0393150e-07
1688 6.4406850e-08
1689 0.0000000e+00
1690 0.0000000e+00
1691 0.0000000e+00
1692 0.0000000e+00
1693 0.0000000e+00
1694 0.0000000e+00
1695 9.5138240e-07
1696 8.9062190e-07
1697 7.2945880e-07
1698 5.4710710e-07
1699 4.1815540e-07
1700 2.9372280e-07
1701 1.8075590e-07
1702 1.1221270e-07
1703 6.8522010e-08
1704 0.0000000e+00
1705 0.0000000e+00
1706 0.0000000e+00
1707 0.0000000e+00
1708 0.0000000e+00
1709 0.0000000e+00
1710 8.3009590e-07
1711 8.1777230e-07
1712 7.0861710e-07
1713 5.4348830e-07
1714 4.0850020e-07
1715 3.0871020e-07
1716 1.9031980e-07
1717 1.2168740e-07
1718 7.2971410e-08
1719 4.4332630e-08
1720 0.0000000e+00
1721 0.0000000e+00
1722 0.0000000e+00
1723 0.0000000e+00
1724 0.0000000e+00
1725 7.1797480e-07
1726 7.3731980e-07
1727 6.7426640e-07
1728 5.3786060e-07
1729 4.0050140e-07
1730 3.0874350e-07
1731 2.0553830e-07
1732 1.2840830e-07
1733 7.6878670e-08
1734 4.6359390e-08
1735 0.0000000e+00
1736 0.0000000e+00
1737 0.0000000e+00
1738 0.0000000e+00
1739 0.0000000e+00
1740 6.1773460e-07
1741 6.5630380e-07
1742 6.2957220e-07
1743 5.2692430e-07
1744 3.9592410e-07
1745 3.0111280e-07
1746 2.1996840e-07
1747 1.3149550e-07
1748 8.1985440e-08
1749 4.8900490e-08
1750 0.0000000e+00
1751 0.0000000e+00
1752 0.0000000e+00
1753 0.0000000e+00
1754 0.0000000e+00
1755 5.2073400e-07
1756 5.7052630e-07
1757 5.7226850e-07
1758 5.0591560e-07
1759 3.9170020e-07
1760 2.9235280e-07
1761 2.2519140e-07
1762 1.3901330e-07
1763 8.9256530e-08
1764 5.2159450e-08
1765 3.0571560e-08
1766 0.0000000e+00
1767 0.0000000e+00
1768 0.0000000e+00
1769 0.0000000e+00
1770 4.1996850e-07
1771 4.7475020e-07
1772 4.9816550e-07
1773 4.6878160e-07
1774 3.8362320e-07
1775 2.8597150e-07
1776 2.1962270e-07
1777 1.5403590e-07
1778 9.2841400e-08
1779 5.5581870e-08
1780 3.2627910e-08
1781 0.0000000e+00
1782 0.0000000e+00
1783 0.0000000e+00
1784 0.0000000e+00
1785 3.5007730e-07
1786 4.1084700e-07
1787 4.5424490e-07
1788 4.6129600e-07
1789 4.1474460e-07
1790 3.2605080e-07
1791 2.4339330e-07
1792 1.8747740e-07
1793 1.1939190e-07
1794 7.4830770e-08
1795 4.3383770e-08
1796 2.4590870e-08
1797 0.0000000e+00
1798 0.0000000e+00
1799 0.0000000e+00
1800 5.3418810e-09
1801 3.7387480e-09
1802 2.5089340e-09
1803 1.6298070e-09
1804 1.0620230e-09
1805 7.0325530e-10
1806 4.7665550e-10
1807 3.2873540e-10
1808 2.2700510e-10
1809 1.5389460e-10
1810 1.0063490e-10
1811 6.2681200e-11
1812 3.6947320e-11
1813 2.0611010e-11
1814 1.0943780e-11
1815 1.2957090e-08
1816 9.4163190e-09
1817 6.6040780e-09
1818 4.4106180e-09
1819 2.8349630e-09
1820 1.8342490e-09
1821 1.2027510e-09
1822 8.0975500e-10
1823 5.5644840e-10
1824 3.8413110e-10
1825 2.6086580e-10
1826 1.7107470e-10
1827 1.0688850e-10
1828 6.3177310e-11
1829 3.5293860e-11
1830 1.9623040e-08
1831 1.4616700e-08
1832 1.0467080e-08
1833 7.2132140e-09
1834 4.6997300e-09
1835 3.0068640e-09
1836 1.9428430e-09
1837 1.2807510e-09
1838 8.6602300e-10
1839 5.9526410e-10
1840 4.0817180e-10
1841 2.7356050e-10
1842 1.7621570e-10
1843 1.0786460e-10
1844 6.2420100e-11
1845 2.6079620e-08
1846 1.9894180e-08
1847 1.4458330e-08
1848 1.0152900e-08
1849 6.7744680e-09
1850 4.3179540e-09
1851 2.7739080e-09
1852 1.7979090e-09
1853 1.1970410e-09
1854 8.1501490e-10
1855 5.5896400e-10
1856 3.7848670e-10
1857 2.4835240e-10
1858 1.5573300e-10
1859 9.2559150e-11
1860 3.3037920e-08
1861 2.5838920e-08
1862 1.9080560e-08
1863 1.3575980e-08
1864 9.2648410e-09
1865 5.9581640e-09
1866 3.7981320e-09
1867 2.4351060e-09
1868 1.5975430e-09
1869 1.0742680e-09
1870 7.3330380e-10
1871 4.9871230e-10
1872 3.3138730e-10
1873 2.1176150e-10
1874 1.2876790e-10
1875 4.0677220e-08
1876 3.2630930e-08
1877 2.4531610e-08
1878 1.7656890e-08
1879 1.2263100e-08
1880 8.0342250e-09
1881 5.0834300e-09
1882 3.2449140e-09
1883 2.0974660e-09
1884 1.3908010e-09
1885 9.4140000e-10
1886 6.4011430e-10
1887 4.2876520e-10
1888 2.7806160e-10
1889 1.7242390e-10
1890 4.9048660e-08
1891 4.0356640e-08
1892 3.0972990e-08
1893 2.2570640e-08
1894 1.5884580e-08
1895 1.0632640e-08
1896 6.7323250e-09
1897 4.2812960e-09
1898 2.7291830e-09
1899 1.7843390e-09
1900 1.1943300e-09
1901 8.0862800e-10
1902 5.4370100e-10
1903 3.5649990e-10
1904 2.2475570e-10
1905 5.9181660e-08
1906 5.0037870e-08
1907 3.9365440e-08
1908 2.9152660e-08
1909 2.0767070e-08
1910 1.4201060e-08
1911 9.1141830e-09
1912 5.7470340e-09
1913 3.6315950e-09
1914 2.3385170e-09
1915 1.5416760e-09
1916 1.0345130e-09
1917 6.9517820e-10
1918 4.5936550e-10
1919 2.9388230e-10
1920 7.3018280e-08
1921 6.3754130e-08
1922 5.1785230e-08
1923 3.9312590e-08
1924 2.8427730e-08
1925 1.9832850e-08
1926 1.3077930e-08
1927 8.2076940e-09
1928 5.1684530e-09
1929 3.2630130e-09
1930 2.1073040e-09
1931 1.3905040e-09
1932 9.2736520e-10
1933 6.1448720e-10
1934 3.9792640e-10
1935 9.8338100e-08
1936 9.0013170e-08
1937 7.6993050e-08
1938 6.1313630e-08
1939 4.5852420e-08
1940 3.2813690e-08
1941 2.2539600e-08
1942 1.4567440e-08
1943 9.0857520e-09
1944 5.6463600e-09
1945 3.5284370e-09
1946 2.2470470e-09
1947 1.4572670e-09
1948 9.5270230e-10
1949 6.1849040e-10
1950 2.1070890e-07
1951 2.1582470e-07
1952 2.1015880e-07
1953 1.9266440e-07
1954 1.6489070e-07
1955 1.3117480e-07
1956 9.7733030e-08
1957 6.9561830e-08
1958 4.7494870e-08
1959 3.0163110e-08
1960 1.8231730e-08
1961 1.0838480e-08
1962 6.3622900e-09
1963 3.7323050e-09
1964 2.2090400e-09
