0 4.084949e-09
1 3.010443e-09
2 2.149647e-09
3 1.499299e-09
4 1.028997e-09
5 7.014797e-10
6 4.760074e-10
7 3.181594e-10
8 2.101383e-10
9 1.371162e-10
10 8.770523e-11
11 5.479677e-11
12 3.337062e-11
13 1.981133e-11
14 1.148242e-11
15 5.035327e-09
16 3.612719e-09
17 2.502488e-09
18 1.683684e-09
19 1.119370e-09
20 7.482727e-10
21 5.050469e-10
22 3.423378e-10
23 2.315808e-10
24 1.547710e-10
25 1.007850e-10
26 6.333784e-11
27 3.819114e-11
28 2.207947e-11
29 1.228120e-11
30 5.961883e-09
31 4.305076e-09
32 2.998886e-09
33 2.026681e-09
34 1.340075e-09
35 8.877160e-10
36 5.939673e-10
37 4.007235e-10
38 2.712720e-10
39 1.823870e-10
40 1.200221e-10
41 7.643847e-11
42 4.673128e-11
43 2.734415e-11
44 1.533195e-11
45 6.477488e-09
46 4.686895e-09
47 3.259855e-09
48 2.203364e-09
49 1.453650e-09
50 9.508808e-10
51 6.306077e-10
52 4.232950e-10
53 2.868626e-10
54 1.939047e-10
55 1.287276e-10
56 8.282948e-11
57 5.118178e-11
58 3.021912e-11
59 1.702832e-11
60 7.580420e-09
61 5.559108e-09
62 3.903677e-09
63 2.660329e-09
64 1.768326e-09
65 1.152086e-09
66 7.574569e-10
67 5.040246e-10
68 3.396975e-10
69 2.294522e-10
70 1.531379e-10
71 9.957906e-11
72 6.242005e-11
73 3.747125e-11
74 2.147744e-11
75 8.455360e-09
76 6.289274e-09
77 4.466799e-09
78 3.070280e-09
79 2.060535e-09
80 1.348466e-09
81 8.803092e-10
82 5.820773e-10
83 3.892115e-10
84 2.616806e-10
85 1.746926e-10
86 1.142443e-10
87 7.234481e-11
88 4.402988e-11
89 2.565257e-11
90 9.409142e-09
91 7.125622e-09
92 5.141050e-09
93 3.575861e-09
94 2.426399e-09
95 1.604731e-09
96 1.044220e-09
97 6.857695e-10
98 4.537976e-10
99 3.026127e-10
100 2.013418e-10
101 1.320103e-10
102 8.431904e-11
103 5.203726e-11
104 3.086375e-11
105 1.038333e-08
106 8.004133e-09
107 5.871149e-09
108 4.134699e-09
109 2.833739e-09
110 1.895532e-09
111 1.235994e-09
112 8.054021e-10
113 5.281914e-10
114 3.491610e-10
115 2.310742e-10
116 1.515383e-10
117 9.737786e-11
118 6.077238e-11
119 3.660737e-11
120 1.127155e-08
121 8.829017e-09
122 6.579297e-09
123 4.692626e-09
124 3.245645e-09
125 2.192622e-09
126 1.439357e-09
127 9.318207e-10
128 6.074728e-10
129 3.979260e-10
130 2.616150e-10
131 1.711578e-10
132 1.103059e-10
133 6.938033e-11
134 4.229347e-11
135 1.226075e-08
136 9.824443e-09
137 7.503271e-09
138 5.470974e-09
139 3.845071e-09
140 2.634321e-09
141 1.756242e-09
142 1.136797e-09
143 7.340759e-10
144 4.744761e-10
145 3.079315e-10
146 1.997156e-10
147 1.284696e-10
148 8.124961e-11
149 5.015009e-11
150 6.789248e-09
151 4.847580e-09
152 3.328723e-09
153 2.196025e-09
154 1.434182e-09
155 9.455208e-10
156 6.345962e-10
157 4.329661e-10
158 2.971590e-10
159 2.020013e-10
160 1.335436e-10
161 8.474371e-11
162 5.118675e-11
163 2.935832e-11
164 1.605027e-11
165 8.077616e-09
166 5.807880e-09
167 4.020943e-09
168 2.666983e-09
169 1.734156e-09
170 1.136392e-09
171 7.569040e-10
172 5.139391e-10
173 3.525617e-10
174 2.406948e-10
175 1.605546e-10
176 1.030518e-10
177 6.302267e-11
178 3.657773e-11
179 2.018542e-11
180 8.697372e-09
181 6.270270e-09
182 4.349319e-09
183 2.892057e-09
184 1.877986e-09
185 1.223494e-09
186 8.106087e-10
187 5.484250e-10
188 3.761614e-10
189 2.574556e-10
190 1.725743e-10
191 1.115004e-10
192 6.867447e-11
193 4.012259e-11
194 2.225375e-11
195 9.920337e-09
196 7.204366e-09
197 5.029828e-09
198 3.361842e-09
199 2.187699e-09
200 1.421314e-09
201 9.365267e-10
202 6.303564e-10
203 4.311975e-10
204 2.953421e-10
205 1.988063e-10
206 1.293489e-10
207 8.039063e-11
208 4.743492e-11
209 2.656735e-11
210 1.073684e-08
211 7.848065e-09
212 5.510655e-09
213 3.701289e-09
214 2.417933e-09
215 1.572373e-09
216 1.032025e-09
217 6.920132e-10
218 4.716638e-10
219 3.225583e-10
220 2.173881e-10
221 1.419756e-10
222 8.875143e-11
223 5.276116e-11
224 2.980590e-11
225 1.151840e-08
226 8.487846e-09
227 6.004613e-09
228 4.058810e-09
229 2.665042e-09
230 1.740241e-09
231 1.139383e-09
232 7.609646e-10
233 5.159428e-10
234 3.516380e-10
235 2.368342e-10
236 1.550206e-10
237 9.741195e-11
238 5.835929e-11
239 3.329326e-11
240 1.226865e-08
241 9.115791e-09
242 6.501226e-09
243 4.425264e-09
244 2.921214e-09
245 1.917414e-09
246 1.255445e-09
247 8.344425e-10
248 5.629066e-10
249 3.819955e-10
250 2.567658e-10
251 1.682702e-10
252 1.061774e-10
253 6.405965e-11
254 3.689210e-11
255 1.291382e-08
256 9.670132e-09
257 6.953338e-09
258 4.767669e-09
259 3.164930e-09
260 2.088410e-09
261 1.370939e-09
262 9.071386e-10
263 6.094041e-10
264 4.114709e-10
265 2.757478e-10
266 1.806412e-10
267 1.142874e-10
268 6.933217e-11
269 4.025436e-11
270 1.347879e-08
271 1.021287e-08
272 7.441832e-09
273 5.171312e-09
274 3.470835e-09
275 2.310739e-09
276 1.529288e-09
277 1.009964e-09
278 6.732680e-10
279 4.506261e-10
280 2.997428e-10
281 1.955785e-10
282 1.238109e-10
283 7.551388e-11
284 4.428808e-11
285 9.902685e-09
286 7.179638e-09
287 5.020391e-09
288 3.360185e-09
289 2.177037e-09
290 1.418163e-09
291 9.359347e-10
292 6.310714e-10
293 4.320144e-10
294 2.960825e-10
295 1.992480e-10
296 1.295216e-10
297 8.037141e-11
298 4.731506e-11
299 2.642760e-11
300 1.087991e-08
301 7.924177e-09
302 5.560785e-09
303 3.742813e-09
304 2.425474e-09
305 1.571609e-09
306 1.031229e-09
307 6.919017e-10
308 4.726950e-10
309 3.243669e-10
310 2.193501e-10
311 1.436219e-10
312 8.988970e-11
313 5.338879e-11
314 3.004919e-11
315 1.261851e-08
316 9.259133e-09
317 6.540511e-09
318 4.431355e-09
319 2.879166e-09
320 1.859751e-09
321 1.213889e-09
322 8.098879e-10
323 5.514816e-10
324 3.785157e-10
325 2.569805e-10
326 1.694475e-10
327 1.070183e-10
328 6.419207e-11
329 3.647964e-11
330 1.375753e-08
331 1.015403e-08
332 7.208308e-09
333 4.907739e-09
334 3.199311e-09
335 2.066947e-09
336 1.344609e-09
337 8.939314e-10
338 6.066619e-10
339 4.158126e-10
340 2.826574e-10
341 1.870363e-10
342 1.187697e-10
343 7.171413e-11
344 4.105046e-11
345 1.481018e-08
346 1.100202e-08
347 7.855655e-09
348 5.377227e-09
349 3.520115e-09
350 2.279877e-09
351 1.480193e-09
352 9.806021e-10
353 6.627234e-10
354 4.530762e-10
355 3.078439e-10
356 2.041618e-10
357 1.302120e-10
358 7.911467e-11
359 4.562649e-11
360 1.579185e-08
361 1.180664e-08
362 8.481200e-09
363 5.836997e-09
364 3.837048e-09
365 2.493699e-09
366 1.618874e-09
367 1.068531e-09
368 7.192320e-10
369 4.901185e-10
370 3.325957e-10
371 2.208246e-10
372 1.413122e-10
373 8.631780e-11
374 5.012805e-11
375 1.661320e-08
376 1.249432e-08
377 9.028518e-09
378 6.247390e-09
379 4.124315e-09
380 2.690359e-09
381 1.749769e-09
382 1.151087e-09
383 7.723308e-10
384 5.243027e-10
385 3.550076e-10
386 2.356863e-10
387 1.511421e-10
388 9.269942e-11
389 5.415031e-11
390 1.727271e-08
391 1.310251e-08
392 9.559104e-09
393 6.678993e-09
394 4.445906e-09
395 2.919957e-09
396 1.910986e-09
397 1.255454e-09
398 8.375089e-10
399 5.646600e-10
400 3.801367e-10
401 2.515981e-10
402 1.613916e-10
403 9.936132e-11
404 5.845869e-11
405 1.223382e-08
406 8.983833e-09
407 6.344932e-09
408 4.312144e-09
409 2.807464e-09
410 1.810470e-09
411 1.181817e-09
412 7.872773e-10
413 5.353408e-10
414 3.670515e-10
415 2.491075e-10
416 1.643549e-10
417 1.039541e-10
418 6.248855e-11
419 3.559558e-11
420 1.447657e-08
421 1.073289e-08
422 7.638503e-09
423 5.235785e-09
424 3.427996e-09
425 2.202583e-09
426 1.431075e-09
427 9.466905e-10
428 6.403551e-10
429 4.385558e-10
430 2.986660e-10
431 1.985084e-10
432 1.268271e-10
433 7.713053e-11
434 4.445585e-11
435 1.593492e-08
436 1.188605e-08
437 8.498368e-09
438 5.855138e-09
439 3.849768e-09
440 2.470672e-09
441 1.600970e-09
442 1.054684e-09
443 7.109037e-10
444 4.862274e-10
445 3.315211e-10
446 2.211810e-10
447 1.421202e-10
448 8.701824e-11
449 5.051186e-11
450 1.722039e-08
451 1.291092e-08
452 9.267519e-09
453 6.412950e-09
454 4.232016e-09
455 2.715344e-09
456 1.756387e-09
457 1.153100e-09
458 7.749109e-10
459 5.291643e-10
460 3.609993e-10
461 2.415017e-10
462 1.558367e-10
463 9.592623e-11
464 5.600002e-11
465 1.836577e-08
466 1.382839e-08
467 9.960210e-09
468 6.916575e-09
469 4.577777e-09
470 2.937906e-09
471 1.898380e-09
472 1.242945e-09
473 8.331399e-10
474 5.681015e-10
475 3.876536e-10
476 2.598154e-10
477 1.681897e-10
478 1.039467e-10
479 6.096103e-11
480 1.927900e-08
481 1.456477e-08
482 1.051925e-08
483 7.325379e-09
484 4.859792e-09
485 3.120519e-09
486 2.015967e-09
487 1.317202e-09
488 8.812830e-10
489 6.000489e-10
490 4.093741e-10
491 2.746493e-10
492 1.781787e-10
493 1.104464e-10
494 6.498966e-11
495 1.989332e-08
496 1.508482e-08
497 1.093227e-08
498 7.641182e-09
499 5.085883e-09
500 3.270605e-09
501 2.115245e-09
502 1.380054e-09
503 9.210868e-10
504 6.257226e-10
505 4.263526e-10
506 2.860540e-10
507 1.858327e-10
508 1.154864e-10
509 6.819117e-11
510 1.758409e-08
511 1.320453e-08
512 9.487074e-09
513 6.570339e-09
514 4.344249e-09
515 2.784104e-09
516 1.800078e-09
517 1.180086e-09
518 7.923925e-10
519 5.408196e-10
520 3.691289e-10
521 2.471868e-10
522 1.597590e-10
523 9.851534e-11
524 5.761738e-11
525 1.973169e-08
526 1.494833e-08
527 1.080586e-08
528 7.530849e-09
529 5.015710e-09
530 3.215206e-09
531 2.072164e-09
532 1.350966e-09
533 9.025352e-10
534 6.141144e-10
535 4.192690e-10
536 2.818192e-10
537 1.833425e-10
538 1.140193e-10
539 6.730745e-11
540 2.163327e-08
541 1.650221e-08
542 1.198549e-08
543 8.392975e-09
544 5.620867e-09
545 3.605868e-09
546 2.318218e-09
547 1.505602e-09
548 1.001706e-09
549 6.798301e-10
550 4.641268e-10
551 3.127894e-10
552 2.044667e-10
553 1.279526e-10
554 7.606195e-11
555 2.331179e-08
556 1.787564e-08
557 1.303006e-08
558 9.156741e-09
559 6.157360e-09
560 3.952042e-09
561 2.536707e-09
562 1.642837e-09
563 1.089704e-09
564 7.380552e-10
565 5.038315e-10
566 3.401823e-10
567 2.231308e-10
568 1.402656e-10
569 8.380280e-11
570 2.463270e-08
571 1.895710e-08
572 1.385325e-08
573 9.759573e-09
574 6.580710e-09
575 4.225787e-09
576 2.709719e-09
577 1.751522e-09
578 1.159373e-09
579 7.841261e-10
580 5.352096e-10
581 3.618148e-10
582 2.378883e-10
583 1.499943e-10
584 8.991955e-11
585 2.554655e-08
586 1.972953e-08
587 1.445268e-08
588 1.020674e-08
589 6.901856e-09
590 4.435699e-09
591 2.842546e-09
592 1.834256e-09
593 1.211708e-09
594 8.181443e-10
595 5.581496e-10
596 3.776362e-10
597 2.487711e-10
598 1.572907e-10
599 9.458998e-11
600 2.256111e-08
601 1.730176e-08
602 1.261277e-08
603 8.856886e-09
604 5.957742e-09
605 3.832477e-09
606 2.459533e-09
607 1.593952e-09
608 1.056954e-09
609 7.154110e-10
610 4.878641e-10
611 3.290564e-10
612 2.156489e-10
613 1.354944e-10
614 8.096064e-11
615 2.517112e-08
616 1.950080e-08
617 1.431726e-08
618 1.011374e-08
619 6.856914e-09
620 4.428954e-09
621 2.832223e-09
622 1.828192e-09
623 1.204999e-09
624 8.117115e-10
625 5.526959e-10
626 3.735692e-10
627 2.461393e-10
628 1.558582e-10
629 9.398612e-11
630 2.747490e-08
631 2.144437e-08
632 1.582502e-08
633 1.122599e-08
634 7.652337e-09
635 4.957088e-09
636 3.162691e-09
637 2.036015e-09
638 1.336209e-09
639 8.970336e-10
640 6.100800e-10
641 4.129532e-10
642 2.731023e-10
643 1.738685e-10
644 1.055160e-10
645 2.928778e-08
646 2.297373e-08
647 1.701234e-08
648 1.210242e-08
649 8.279329e-09
650 5.373606e-09
651 3.423360e-09
652 2.199999e-09
653 1.439845e-09
654 9.644156e-10
655 6.553326e-10
656 4.439883e-10
657 2.943475e-10
658 1.880588e-10
659 1.146023e-10
660 3.063507e-08
661 2.414432e-08
662 1.793996e-08
663 1.279649e-08
664 8.784666e-09
665 5.714262e-09
666 3.636390e-09
667 2.332989e-09
668 1.522742e-09
669 1.017540e-09
670 6.906326e-10
671 4.681771e-10
672 3.110524e-10
673 1.993745e-10
674 1.219725e-10
675 2.868273e-08
676 2.255072e-08
677 1.673828e-08
678 1.191833e-08
679 8.163381e-09
680 5.321305e-09
681 3.390769e-09
682 2.179927e-09
683 1.424131e-09
684 9.520070e-10
685 6.455903e-10
686 4.367505e-10
687 2.894113e-10
688 1.850107e-10
689 1.129352e-10
690 3.188975e-08
691 2.535540e-08
692 1.898213e-08
693 1.359883e-08
694 9.381869e-09
695 6.159513e-09
696 3.919365e-09
697 2.512118e-09
698 1.630682e-09
699 1.083627e-09
700 7.323258e-10
701 4.954581e-10
702 3.295226e-10
703 2.120469e-10
704 1.305607e-10
705 3.443709e-08
706 2.758982e-08
707 2.077512e-08
708 1.494627e-08
709 1.035999e-08
710 6.833701e-09
711 4.346724e-09
712 2.780283e-09
713 1.797548e-09
714 1.189766e-09
715 8.020722e-10
716 5.425807e-10
717 3.616658e-10
718 2.337026e-10
719 1.446897e-10
720 3.651359e-08
721 2.947409e-08
722 2.232581e-08
723 1.612915e-08
724 1.123223e-08
725 7.445570e-09
726 4.736943e-09
727 3.024679e-09
728 1.948030e-09
729 1.284008e-09
730 8.630680e-10
731 5.834514e-10
732 3.895847e-10
733 2.527196e-10
734 1.572790e-10
735 3.612522e-08
736 2.916599e-08
737 2.210865e-08
738 1.597259e-08
739 1.111830e-08
740 7.381967e-09
741 4.702451e-09
742 3.001677e-09
743 1.932879e-09
744 1.273628e-09
745 8.554317e-10
746 5.777896e-10
747 3.855156e-10
748 2.499407e-10
749 1.555495e-10
750 3.957898e-08
751 3.229727e-08
752 2.470124e-08
753 1.795788e-08
754 1.257166e-08
755 8.409420e-09
756 5.368842e-09
757 3.416590e-09
758 2.189729e-09
759 1.434414e-09
760 9.589375e-10
761 6.465759e-10
762 4.321037e-10
763 2.814299e-10
764 1.763491e-10
765 4.259671e-08
766 3.512673e-08
767 2.710582e-08
768 1.982769e-08
769 1.395985e-08
770 9.406896e-09
771 6.022838e-09
772 3.823096e-09
773 2.439674e-09
774 1.588850e-09
775 1.056896e-09
776 7.110017e-10
777 4.756264e-10
778 3.110144e-10
779 1.961216e-10
780 4.396973e-08
781 3.638004e-08
782 2.817079e-08
783 2.065788e-08
784 1.456382e-08
785 9.838161e-09
786 6.317091e-09
787 4.004206e-09
788 2.554493e-09
789 1.659853e-09
790 1.101709e-09
791 7.400439e-10
792 4.948461e-10
793 3.237963e-10
794 2.045186e-10
795 4.810908e-08
796 4.037015e-08
797 3.166629e-08
798 2.343977e-08
799 1.664530e-08
800 1.135356e-08
801 7.345465e-09
802 4.640633e-09
803 2.948566e-09
804 1.900070e-09
805 1.251218e-09
806 8.363858e-10
807 5.589534e-10
808 3.671141e-10
809 2.335783e-10
810 5.420960e-08
811 4.647852e-08
812 3.724264e-08
813 2.805929e-08
814 2.017086e-08
815 1.394806e-08
816 9.177685e-09
817 5.803309e-09
818 3.667710e-09
819 2.333596e-09
820 1.515348e-09
821 1.001436e-09
822 6.656034e-10
823 4.378550e-10
824 2.808313e-10
825 4.414907e-07
826 3.349317e-07
827 2.537308e-07
828 1.770717e-07
829 1.117857e-07
830 7.091444e-08
831 4.446234e-08
832 0.000000e+00
833 0.000000e+00
834 0.000000e+00
835 0.000000e+00
836 0.000000e+00
837 0.000000e+00
838 0.000000e+00
839 0.000000e+00
840 5.235102e-07
841 3.984185e-07
842 3.018345e-07
843 2.123169e-07
844 1.344410e-07
845 8.540017e-08
846 5.348437e-08
847 0.000000e+00
848 0.000000e+00
849 0.000000e+00
850 0.000000e+00
851 0.000000e+00
852 0.000000e+00
853 0.000000e+00
854 0.000000e+00
855 6.587921e-07
856 5.038723e-07
857 3.822153e-07
858 2.704718e-07
859 1.723170e-07
860 1.097019e-07
861 6.866092e-08
862 0.000000e+00
863 0.000000e+00
864 0.000000e+00
865 0.000000e+00
866 0.000000e+00
867 0.000000e+00
868 0.000000e+00
869 0.000000e+00
870 7.476008e-07
871 5.740802e-07
872 4.359705e-07
873 3.096009e-07
874 1.982107e-07
875 1.264439e-07
876 7.909810e-08
877 0.000000e+00
878 0.000000e+00
879 0.000000e+00
880 0.000000e+00
881 0.000000e+00
882 0.000000e+00
883 0.000000e+00
884 0.000000e+00
885 8.248764e-07
886 6.353233e-07
887 4.828983e-07
888 3.438229e-07
889 2.209381e-07
890 1.411657e-07
891 8.827202e-08
892 0.000000e+00
893 0.000000e+00
894 0.000000e+00
895 0.000000e+00
896 0.000000e+00
897 0.000000e+00
898 0.000000e+00
899 0.000000e+00
900 8.928326e-07
901 6.892118e-07
902 5.241872e-07
903 3.739355e-07
904 2.409320e-07
905 1.541170e-07
906 9.634354e-08
907 0.000000e+00
908 0.000000e+00
909 0.000000e+00
910 0.000000e+00
911 0.000000e+00
912 0.000000e+00
913 0.000000e+00
914 0.000000e+00
915 9.461823e-07
916 7.315254e-07
917 5.566136e-07
918 3.975791e-07
919 2.566348e-07
920 1.642883e-07
921 1.026819e-07
922 0.000000e+00
923 0.000000e+00
924 0.000000e+00
925 0.000000e+00
926 0.000000e+00
927 0.000000e+00
928 0.000000e+00
929 0.000000e+00
930 9.811786e-07
931 7.597764e-07
932 5.783572e-07
933 4.136190e-07
934 2.674897e-07
935 1.713712e-07
936 1.070910e-07
937 0.000000e+00
938 0.000000e+00
939 0.000000e+00
940 0.000000e+00
941 0.000000e+00
942 0.000000e+00
943 0.000000e+00
944 0.000000e+00
945 3.451254e-07
946 2.778807e-07
947 2.078078e-07
948 1.594955e-07
949 1.091700e-07
950 6.825439e-08
951 4.229912e-08
952 2.635935e-08
953 0.000000e+00
954 0.000000e+00
955 0.000000e+00
956 0.000000e+00
957 0.000000e+00
958 0.000000e+00
959 0.000000e+00
960 4.957029e-07
961 4.011214e-07
962 3.002763e-07
963 2.302615e-07
964 1.589848e-07
965 9.910060e-08
966 6.160688e-08
967 3.833268e-08
968 0.000000e+00
969 0.000000e+00
970 0.000000e+00
971 0.000000e+00
972 0.000000e+00
973 0.000000e+00
974 0.000000e+00
975 6.010862e-07
976 4.877309e-07
977 3.653580e-07
978 2.800238e-07
979 1.942076e-07
980 1.209167e-07
981 7.527956e-08
982 4.680293e-08
983 0.000000e+00
984 0.000000e+00
985 0.000000e+00
986 0.000000e+00
987 0.000000e+00
988 0.000000e+00
989 0.000000e+00
990 6.948694e-07
991 5.648342e-07
992 4.233126e-07
993 3.243283e-07
994 2.256087e-07
995 1.403622e-07
996 8.747077e-08
997 5.435409e-08
998 0.000000e+00
999 0.000000e+00
1000 0.000000e+00
1001 0.000000e+00
1002 0.000000e+00
1003 0.000000e+00
1004 0.000000e+00
1005 7.774145e-07
1006 6.327380e-07
1007 4.743538e-07
1008 3.633481e-07
1009 2.532651e-07
1010 1.574888e-07
1011 9.820876e-08
1012 6.100490e-08
1013 0.000000e+00
1014 0.000000e+00
1015 0.000000e+00
1016 0.000000e+00
1017 0.000000e+00
1018 0.000000e+00
1019 0.000000e+00
1020 8.422392e-07
1021 6.860549e-07
1022 5.144323e-07
1023 3.939878e-07
1024 2.749827e-07
1025 1.709381e-07
1026 1.066416e-07
1027 6.622798e-08
1028 0.000000e+00
1029 0.000000e+00
1030 0.000000e+00
1031 0.000000e+00
1032 0.000000e+00
1033 0.000000e+00
1034 0.000000e+00
1035 8.916316e-07
1036 7.268718e-07
1037 5.451544e-07
1038 4.174523e-07
1039 2.917350e-07
1040 1.812972e-07
1041 1.131524e-07
1042 7.025557e-08
1043 0.000000e+00
1044 0.000000e+00
1045 0.000000e+00
1046 0.000000e+00
1047 0.000000e+00
1048 0.000000e+00
1049 0.000000e+00
1050 3.008127e-07
1051 2.594993e-07
1052 1.989639e-07
1053 1.493717e-07
1054 1.127749e-07
1055 6.952848e-08
1056 4.509538e-08
1057 2.740962e-08
1058 1.700236e-08
1059 0.000000e+00
1060 0.000000e+00
1061 0.000000e+00
1062 0.000000e+00
1063 0.000000e+00
1064 0.000000e+00
1065 4.065965e-07
1066 3.524679e-07
1067 2.709469e-07
1068 2.032092e-07
1069 1.539888e-07
1070 9.537381e-08
1071 6.182280e-08
1072 3.752753e-08
1073 2.325168e-08
1074 0.000000e+00
1075 0.000000e+00
1076 0.000000e+00
1077 0.000000e+00
1078 0.000000e+00
1079 0.000000e+00
1080 5.028794e-07
1081 4.371622e-07
1082 3.365815e-07
1083 2.523024e-07
1084 1.915797e-07
1085 1.189655e-07
1086 7.708760e-08
1087 4.676119e-08
1088 2.895660e-08
1089 0.000000e+00
1090 0.000000e+00
1091 0.000000e+00
1092 0.000000e+00
1093 0.000000e+00
1094 0.000000e+00
1095 5.877412e-07
1096 5.118176e-07
1097 3.944513e-07
1098 2.955957e-07
1099 2.247284e-07
1100 1.397970e-07
1101 9.057115e-08
1102 5.491746e-08
1103 3.399403e-08
1104 0.000000e+00
1105 0.000000e+00
1106 0.000000e+00
1107 0.000000e+00
1108 0.000000e+00
1109 0.000000e+00
1110 6.543991e-07
1111 5.705032e-07
1112 4.399667e-07
1113 3.296339e-07
1114 2.507902e-07
1115 1.561663e-07
1116 1.011662e-07
1117 6.132572e-08
1118 3.795221e-08
1119 0.000000e+00
1120 0.000000e+00
1121 0.000000e+00
1122 0.000000e+00
1123 0.000000e+00
1124 0.000000e+00
1125 7.115412e-07
1126 6.209460e-07
1127 4.791317e-07
1128 3.589380e-07
1129 2.732744e-07
1130 1.703372e-07
1131 1.103372e-07
1132 6.686894e-08
1133 4.137393e-08
1134 0.000000e+00
1135 0.000000e+00
1136 0.000000e+00
1137 0.000000e+00
1138 0.000000e+00
1139 0.000000e+00
1140 1.489235e-07
1141 1.367282e-07
1142 1.093696e-07
1143 8.131641e-08
1144 6.286701e-08
1145 4.229517e-08
1146 2.653260e-08
1147 1.603911e-08
1148 9.883532e-09
1149 0.000000e+00
1150 0.000000e+00
1151 0.000000e+00
1152 0.000000e+00
1153 0.000000e+00
1154 0.000000e+00
1155 2.541536e-07
1156 2.348314e-07
1157 1.890168e-07
1158 1.406377e-07
1159 1.085188e-07
1160 7.403354e-08
1161 4.603277e-08
1162 2.796447e-08
1163 1.721355e-08
1164 0.000000e+00
1165 0.000000e+00
1166 0.000000e+00
1167 0.000000e+00
1168 0.000000e+00
1169 0.000000e+00
1170 3.564532e-07
1171 3.304551e-07
1172 2.669593e-07
1173 1.987499e-07
1174 1.531921e-07
1175 1.052656e-07
1176 6.519695e-08
1177 3.971628e-08
1178 2.443094e-08
1179 0.000000e+00
1180 0.000000e+00
1181 0.000000e+00
1182 0.000000e+00
1183 0.000000e+00
1184 0.000000e+00
1185 4.467088e-07
1186 4.149400e-07
1187 3.358572e-07
1188 2.501729e-07
1189 1.927093e-07
1190 1.329203e-07
1191 8.220270e-08
1192 5.014035e-08
1193 3.083124e-08
1194 0.000000e+00
1195 0.000000e+00
1196 0.000000e+00
1197 0.000000e+00
1198 0.000000e+00
1199 0.000000e+00
1200 5.178196e-07
1201 4.815138e-07
1202 3.902092e-07
1203 2.907587e-07
1204 2.239007e-07
1205 1.547466e-07
1206 9.563485e-08
1207 5.837109e-08
1208 3.588620e-08
1209 0.000000e+00
1210 0.000000e+00
1211 0.000000e+00
1212 0.000000e+00
1213 0.000000e+00
1214 0.000000e+00
1215 5.849194e-07
1216 5.444552e-07
1217 4.416746e-07
1218 3.292233e-07
1219 2.534393e-07
1220 1.754909e-07
1221 1.083921e-07
1222 6.619843e-08
1223 4.069009e-08
1224 0.000000e+00
1225 0.000000e+00
1226 0.000000e+00
1227 0.000000e+00
1228 0.000000e+00
1229 0.000000e+00
1230 1.484562e-07
1231 1.431367e-07
1232 1.204805e-07
1233 9.060893e-08
1234 6.874245e-08
1235 5.098521e-08
1236 3.034215e-08
1237 1.928391e-08
1238 1.170589e-08
1239 7.180136e-09
1240 0.000000e+00
1241 0.000000e+00
1242 0.000000e+00
1243 0.000000e+00
1244 0.000000e+00
1245 2.574446e-07
1246 2.494202e-07
1247 2.111909e-07
1248 1.592841e-07
1249 1.205500e-07
1250 9.003954e-08
1251 5.363166e-08
1252 3.428689e-08
1253 2.075294e-08
1254 1.268153e-08
1255 0.000000e+00
1256 0.000000e+00
1257 0.000000e+00
1258 0.000000e+00
1259 0.000000e+00
1260 3.539584e-07
1261 3.436163e-07
1262 2.916479e-07
1263 2.202542e-07
1264 1.665229e-07
1265 1.247199e-07
1266 7.435156e-08
1267 4.763204e-08
1268 2.879776e-08
1269 1.757161e-08
1270 0.000000e+00
1271 0.000000e+00
1272 0.000000e+00
1273 0.000000e+00
1274 0.000000e+00
1275 4.298241e-07
1276 4.176349e-07
1277 3.548914e-07
1278 2.681702e-07
1279 2.026711e-07
1280 1.519740e-07
1281 9.063399e-08
1282 5.811669e-08
1283 3.511962e-08
1284 2.141547e-08
1285 0.000000e+00
1286 0.000000e+00
1287 0.000000e+00
1288 0.000000e+00
1289 0.000000e+00
1290 5.059033e-07
1291 4.919950e-07
1292 4.184994e-07
1293 3.164335e-07
1294 2.390634e-07
1295 1.794513e-07
1296 1.070649e-07
1297 6.871342e-08
1298 4.150336e-08
1299 2.529543e-08
1300 0.000000e+00
1301 0.000000e+00
1302 0.000000e+00
1303 0.000000e+00
1304 0.000000e+00
1305 1.613822e-07
1306 1.614931e-07
1307 1.423868e-07
1308 1.099233e-07
1309 8.199852e-08
1310 6.336534e-08
1311 3.891458e-08
1312 2.539488e-08
1313 1.508906e-08
1314 9.072938e-09
1315 0.000000e+00
1316 0.000000e+00
1317 0.000000e+00
1318 0.000000e+00
1319 0.000000e+00
1320 2.582278e-07
1321 2.591449e-07
1322 2.293695e-07
1323 1.775903e-07
1324 1.323616e-07
1325 1.023940e-07
1326 6.332042e-08
1327 4.123208e-08
1328 2.446963e-08
1329 1.471855e-08
1330 0.000000e+00
1331 0.000000e+00
1332 0.000000e+00
1333 0.000000e+00
1334 0.000000e+00
1335 3.340597e-07
1336 3.356194e-07
1337 2.975204e-07
1338 2.306243e-07
1339 1.718385e-07
1340 1.329823e-07
1341 8.245255e-08
1342 5.364975e-08
1343 3.182623e-08
1344 1.914614e-08
1345 0.000000e+00
1346 0.000000e+00
1347 0.000000e+00
1348 0.000000e+00
1349 0.000000e+00
1350 4.143562e-07
1351 4.167211e-07
1352 3.699419e-07
1353 2.871377e-07
1354 2.139508e-07
1355 1.656022e-07
1356 1.029555e-07
1357 6.696411e-08
1358 3.971050e-08
1359 2.389156e-08
1360 0.000000e+00
1361 0.000000e+00
1362 0.000000e+00
1363 0.000000e+00
1364 0.000000e+00
1365 1.650683e-07
1366 1.702115e-07
1367 1.563585e-07
1368 1.248354e-07
1369 9.262321e-08
1370 7.177361e-08
1371 4.786625e-08
1372 3.001772e-08
1373 1.777038e-08
1374 1.075439e-08
1375 0.000000e+00
1376 0.000000e+00
1377 0.000000e+00
1378 0.000000e+00
1379 0.000000e+00
1380 2.360440e-07
1381 2.437743e-07
1382 2.244293e-07
1383 1.795701e-07
1384 1.332711e-07
1385 1.032029e-07
1386 6.918391e-08
1387 4.324586e-08
1388 2.563112e-08
1389 1.551085e-08
1390 0.000000e+00
1391 0.000000e+00
1392 0.000000e+00
1393 0.000000e+00
1394 0.000000e+00
1395 3.167827e-07
1396 3.278499e-07
1397 3.028129e-07
1398 2.432689e-07
1399 1.809140e-07
1400 1.399407e-07
1401 9.434698e-08
1402 5.904693e-08
1403 3.501758e-08
1404 2.118545e-08
1405 0.000000e+00
1406 0.000000e+00
1407 0.000000e+00
1408 0.000000e+00
1409 0.000000e+00
1410 1.079088e-07
1411 1.138263e-07
1412 1.080048e-07
1413 8.909210e-08
1414 6.641844e-08
1415 5.085834e-08
1416 3.649431e-08
1417 2.177780e-08
1418 1.328189e-08
1419 7.991235e-09
1420 0.000000e+00
1421 0.000000e+00
1422 0.000000e+00
1423 0.000000e+00
1424 0.000000e+00
1425 1.842282e-07
1426 1.947444e-07
1427 1.853526e-07
1428 1.534417e-07
1429 1.145256e-07
1430 8.755347e-08
1431 6.322419e-08
1432 3.760431e-08
1433 2.305397e-08
1434 1.384830e-08
1435 0.000000e+00
1436 0.000000e+00
1437 0.000000e+00
1438 0.000000e+00
1439 0.000000e+00
1440 2.705511e-07
1441 2.863645e-07
1442 2.730888e-07
1443 2.265793e-07
1444 1.692863e-07
1445 1.292980e-07
1446 9.368630e-08
1447 5.568686e-08
1448 3.422341e-08
1449 2.054125e-08
1450 0.000000e+00
1451 0.000000e+00
1452 0.000000e+00
1453 0.000000e+00
1454 0.000000e+00
1455 1.214059e-07
1456 1.309687e-07
1457 1.284083e-07
1458 1.100881e-07
1459 8.339489e-08
1460 6.277904e-08
1461 4.765970e-08
1462 2.804482e-08
1463 1.803348e-08
1464 1.066019e-08
1465 6.265654e-09
1466 0.000000e+00
1467 0.000000e+00
1468 0.000000e+00
1469 0.000000e+00
1470 2.104428e-07
1471 2.273932e-07
1472 2.234894e-07
1473 1.921989e-07
1474 1.458574e-07
1475 1.096698e-07
1476 8.348927e-08
1477 4.924249e-08
1478 3.174870e-08
1479 1.874103e-08
1480 1.099396e-08
1481 0.000000e+00
1482 0.000000e+00
1483 0.000000e+00
1484 0.000000e+00
1485 1.401060e-07
1486 1.544061e-07
1487 1.562024e-07
1488 1.395322e-07
1489 1.086469e-07
1490 8.078511e-08
1491 6.274451e-08
1492 3.901927e-08
1493 2.524848e-08
1494 1.468530e-08
1495 8.571740e-09
1496 0.000000e+00
1497 0.000000e+00
1498 0.000000e+00
1499 0.000000e+00
1500 4.787238e-05
1501 3.625667e-05
1502 2.768507e-05
1503 1.977014e-05
1504 1.235740e-05
1505 7.877979e-06
1506 4.919868e-06
1507 0.000000e+00
1508 0.000000e+00
1509 0.000000e+00
1510 0.000000e+00
1511 0.000000e+00
1512 0.000000e+00
1513 0.000000e+00
1514 0.000000e+00
1515 5.320432e-05
1516 4.324283e-05
1517 3.225178e-05
1518 2.482888e-05
1519 1.735269e-05
1520 1.071624e-05
1521 6.635662e-06
1522 4.136979e-06
1523 0.000000e+00
1524 0.000000e+00
1525 0.000000e+00
1526 0.000000e+00
1527 0.000000e+00
1528 0.000000e+00
1529 0.000000e+00
1530 3.785380e-05
1531 3.319688e-05
1532 2.556847e-05
1533 1.910687e-05
1534 1.473830e-05
1535 9.058787e-06
1536 5.950853e-06
1537 3.592593e-06
1538 2.209411e-06
1539 0.000000e+00
1540 0.000000e+00
1541 0.000000e+00
1542 0.000000e+00
1543 0.000000e+00
1544 0.000000e+00
1545 3.083209e-05
1546 2.874582e-05
1547 2.330654e-05
1548 1.732268e-05
1549 1.335948e-05
1550 9.278409e-06
1551 5.702986e-06
1552 3.462135e-06
1553 2.134985e-06
1554 0.000000e+00
1555 0.000000e+00
1556 0.000000e+00
1557 0.000000e+00
1558 0.000000e+00
1559 0.000000e+00
1560 2.913109e-05
1561 2.838275e-05
1562 2.416962e-05
1563 1.825111e-05
1564 1.377431e-05
1565 1.040362e-05
1566 6.143293e-06
1567 3.964994e-06
1568 2.394596e-06
1569 1.456393e-06
1570 0.000000e+00
1571 0.000000e+00
1572 0.000000e+00
1573 0.000000e+00
1574 0.000000e+00
1575 2.376785e-05
1576 2.394385e-05
1577 2.128765e-05
1578 1.651535e-05
1579 1.228404e-05
1580 9.545382e-06
1581 5.909470e-06
1582 3.871271e-06
1583 2.290660e-06
1584 1.374102e-06
1585 0.000000e+00
1586 0.000000e+00
1587 0.000000e+00
1588 0.000000e+00
1589 0.000000e+00
1590 1.725658e-05
1591 1.787608e-05
1592 1.652191e-05
1593 1.325804e-05
1594 9.832272e-06
1595 7.618024e-06
1596 5.143126e-06
1597 3.206422e-06
1598 1.893272e-06
1599 1.149086e-06
1600 0.000000e+00
1601 0.000000e+00
1602 0.000000e+00
1603 0.000000e+00
1604 0.000000e+00
1605 1.719675e-05
1606 1.822425e-05
1607 1.740573e-05
1608 1.445516e-05
1609 1.079049e-05
1610 8.238065e-06
1611 5.997339e-06
1612 3.540477e-06
1613 2.176672e-06
1614 1.306403e-06
1615 0.000000e+00
1616 0.000000e+00
1617 0.000000e+00
1618 0.000000e+00
1619 0.000000e+00
1620 1.438924e-05
1621 1.557181e-05
1622 1.533664e-05
1623 1.321775e-05
1624 1.003471e-05
1625 7.535900e-06
1626 5.762100e-06
1627 3.384373e-06
1628 2.194800e-06
1629 1.294719e-06
1630 7.561698e-07
1631 0.000000e+00
1632 0.000000e+00
1633 0.000000e+00
1634 0.000000e+00
1635 9.299136e-06
1636 1.026208e-05
1637 1.040019e-05
1638 9.310087e-06
1639 7.254551e-06
1640 5.387242e-06
1641 4.194822e-06
1642 2.608625e-06
1643 1.695966e-06
1644 9.839706e-07
1645 5.739210e-07
1646 0.000000e+00
1647 0.000000e+00
1648 0.000000e+00
1649 0.000000e+00
1650 1.248569e-06
1651 9.714941e-07
1652 7.405766e-07
1653 5.317822e-07
1654 3.457706e-07
1655 2.220361e-07
1656 1.386838e-07
1657 0.000000e+00
1658 0.000000e+00
1659 0.000000e+00
1660 0.000000e+00
1661 0.000000e+00
1662 0.000000e+00
1663 0.000000e+00
1664 0.000000e+00
1665 1.212288e-06
1666 9.902437e-07
1667 7.429456e-07
1668 5.685780e-07
1669 3.986957e-07
1670 2.475880e-07
1671 1.547247e-07
1672 9.603180e-08
1673 0.000000e+00
1674 0.000000e+00
1675 0.000000e+00
1676 0.000000e+00
1677 0.000000e+00
1678 0.000000e+00
1679 0.000000e+00
1680 1.132592e-06
1681 9.781140e-07
1682 7.542405e-07
1683 5.587986e-07
1684 4.219396e-07
1685 2.635053e-07
1686 1.705461e-07
1687 1.038439e-07
1688 6.467577e-08
1689 0.000000e+00
1690 0.000000e+00
1691 0.000000e+00
1692 0.000000e+00
1693 0.000000e+00
1694 0.000000e+00
1695 9.918051e-07
1696 9.116890e-07
1697 7.373232e-07
1698 5.475813e-07
1699 4.175884e-07
1700 2.892878e-07
1701 1.787020e-07
1702 1.095898e-07
1703 6.764227e-08
1704 0.000000e+00
1705 0.000000e+00
1706 0.000000e+00
1707 0.000000e+00
1708 0.000000e+00
1709 0.000000e+00
1710 8.617805e-07
1711 8.391037e-07
1712 7.150378e-07
1713 5.411980e-07
1714 4.085675e-07
1715 3.071888e-07
1716 1.834722e-07
1717 1.179237e-07
1718 7.118375e-08
1719 4.334800e-08
1720 0.000000e+00
1721 0.000000e+00
1722 0.000000e+00
1723 0.000000e+00
1724 0.000000e+00
1725 7.689082e-07
1726 7.746162e-07
1727 6.892687e-07
1728 5.362226e-07
1729 3.996757e-07
1730 3.093599e-07
1731 1.931920e-07
1732 1.256128e-07
1733 7.446106e-08
1734 4.480622e-08
1735 0.000000e+00
1736 0.000000e+00
1737 0.000000e+00
1738 0.000000e+00
1739 0.000000e+00
1740 6.630858e-07
1741 6.883792e-07
1742 6.388936e-07
1743 5.167151e-07
1744 3.858332e-07
1745 2.977786e-07
1746 2.024343e-07
1747 1.271680e-07
1748 7.546090e-08
1749 4.564669e-08
1750 0.000000e+00
1751 0.000000e+00
1752 0.000000e+00
1753 0.000000e+00
1754 0.000000e+00
1755 6.213207e-07
1756 6.586168e-07
1757 6.294468e-07
1758 5.236565e-07
1759 3.917878e-07
1760 2.989238e-07
1761 2.173451e-07
1762 1.292105e-07
1763 7.959006e-08
1764 4.773662e-08
1765 0.000000e+00
1766 0.000000e+00
1767 0.000000e+00
1768 0.000000e+00
1769 0.000000e+00
1770 5.614862e-07
1771 6.067808e-07
1772 5.966864e-07
1773 5.138723e-07
1774 3.904184e-07
1775 2.932464e-07
1776 2.234563e-07
1777 1.320486e-07
1778 8.527152e-08
1779 5.029726e-08
1780 2.947970e-08
1781 0.000000e+00
1782 0.000000e+00
1783 0.000000e+00
1784 0.000000e+00
1785 6.020729e-07
1786 6.144615e-07
1787 5.911308e-07
1788 5.134900e-07
1789 3.947611e-07
1790 2.896513e-07
1791 2.218398e-07
1792 1.394047e-07
1793 9.009562e-08
1794 5.305978e-08
1795 3.145664e-08
1796 0.000000e+00
1797 0.000000e+00
1798 0.000000e+00
1799 0.000000e+00
1800 1.793079e-08
1801 1.536130e-08
1802 1.257819e-08
1803 9.770886e-09
1804 7.201939e-09
1805 5.107554e-09
1806 3.526691e-09
1807 2.329553e-09
1808 1.474131e-09
1809 9.309005e-10
1810 5.835016e-10
1811 3.679825e-10
1812 2.332847e-10
1813 1.479538e-10
1814 9.313763e-11
1815 1.742202e-08
1816 1.378921e-08
1817 1.056068e-08
1818 7.723343e-09
1819 5.413210e-09
1820 3.719082e-09
1821 2.527180e-09
1822 1.687538e-09
1823 1.100964e-09
1824 7.187103e-10
1825 4.647286e-10
1826 2.975532e-10
1827 1.872934e-10
1828 1.152900e-10
1829 6.925758e-11
1830 2.207698e-08
1831 1.731602e-08
1832 1.312259e-08
1833 9.541313e-09
1834 6.581615e-09
1835 4.439390e-09
1836 2.972506e-09
1837 1.972352e-09
1838 1.293097e-09
1839 8.530954e-10
1840 5.606022e-10
1841 3.650328e-10
1842 2.328703e-10
1843 1.442871e-10
1844 8.645110e-11
1845 2.466630e-08
1846 1.897399e-08
1847 1.394112e-08
1848 9.888217e-09
1849 6.666176e-09
1850 4.313639e-09
1851 2.802507e-09
1852 1.825945e-09
1853 1.208512e-09
1854 8.146916e-10
1855 5.520140e-10
1856 3.700574e-10
1857 2.413286e-10
1858 1.511438e-10
1859 9.021186e-11
1860 3.217754e-08
1861 2.514943e-08
1862 1.858106e-08
1863 1.323292e-08
1864 9.028083e-09
1865 5.813347e-09
1866 3.718026e-09
1867 2.386814e-09
1868 1.566230e-09
1869 1.052748e-09
1870 7.174606e-10
1871 4.869774e-10
1872 3.229525e-10
1873 2.060204e-10
1874 1.251282e-10
1875 3.960359e-08
1876 3.167537e-08
1877 2.377318e-08
1878 1.709784e-08
1879 1.185487e-08
1880 7.749756e-09
1881 4.913917e-09
1882 3.137379e-09
1883 2.031952e-09
1884 1.349098e-09
1885 9.135527e-10
1886 6.209365e-10
1887 4.153835e-10
1888 2.688816e-10
1889 1.663500e-10
1890 4.899848e-08
1891 4.039052e-08
1892 3.107633e-08
1893 2.270022e-08
1894 1.599622e-08
1895 1.072338e-08
1896 6.821152e-09
1897 4.335793e-09
1898 2.765327e-09
1899 1.804320e-09
1900 1.204809e-09
1901 8.139332e-10
1902 5.464334e-10
1903 3.580706e-10
1904 2.258330e-10
1905 5.939849e-08
1906 5.030125e-08
1907 3.966278e-08
1908 2.944505e-08
1909 2.100468e-08
1910 1.437754e-08
1911 9.257394e-09
1912 5.843059e-09
1913 3.692019e-09
1914 2.373272e-09
1915 1.561630e-09
1916 1.045788e-09
1917 7.017467e-10
1918 4.634243e-10
1919 2.965417e-10
1920 6.977007e-08
1921 6.052026e-08
1922 4.883382e-08
1923 3.688526e-08
1924 2.659606e-08
1925 1.848639e-08
1926 1.212523e-08
1927 7.615814e-09
1928 4.798334e-09
1929 3.041791e-09
1930 1.971791e-09
1931 1.305567e-09
1932 8.721106e-10
1933 5.776077e-10
1934 3.731756e-10
1935 8.512979e-08
1936 7.663035e-08
1937 6.437327e-08
1938 5.042485e-08
1939 3.725752e-08
1940 2.643504e-08
1941 1.793839e-08
1942 1.146614e-08
1943 7.169332e-09
1944 4.473001e-09
1945 2.824907e-09
1946 1.820428e-09
1947 1.192413e-09
1948 7.836809e-10
1949 5.088280e-10
1950 2.107089e-07
1951 2.158247e-07
1952 2.101588e-07
1953 1.926644e-07
1954 1.648907e-07
1955 1.311748e-07
1956 9.773303e-08
1957 6.956183e-08
1958 4.749487e-08
1959 3.016311e-08
1960 1.823173e-08
1961 1.083848e-08
1962 6.362290e-09
1963 3.732305e-09
1964 2.209040e-09
