0 2.323866e-09
1 1.573369e-09
2 1.033390e-09
3 6.766612e-10
4 4.496468e-10
5 3.047002e-10
6 2.096338e-10
7 1.442586e-10
8 9.747431e-11
9 6.354538e-11
10 3.942441e-11
11 2.308393e-11
12 1.272104e-11
13 6.626128e-12
14 3.313443e-12
15 3.730092e-09
16 2.576929e-09
17 1.712204e-09
18 1.113682e-09
19 7.309460e-10
20 4.880030e-10
21 3.326495e-10
22 2.291800e-10
23 1.568066e-10
24 1.045476e-10
25 6.683032e-11
26 4.045010e-11
27 2.303899e-11
28 1.235587e-11
29 6.291937e-12
30 4.240151e-09
31 2.946532e-09
32 1.967652e-09
33 1.279884e-09
34 8.370815e-10
35 5.565305e-10
36 3.780511e-10
37 2.601516e-10
38 1.783958e-10
39 1.195437e-10
40 7.698657e-11
41 4.702974e-11
42 2.705419e-11
43 1.463150e-11
44 7.504236e-12
45 4.535573e-09
46 3.160127e-09
47 2.115712e-09
48 1.376044e-09
49 8.986843e-10
50 5.962543e-10
51 4.042657e-10
52 2.780647e-10
53 1.908618e-10
54 1.282264e-10
55 8.286587e-11
56 5.083350e-11
57 2.937460e-11
58 1.595411e-11
59 8.206682e-12
60 4.740960e-09
61 3.309068e-09
62 2.218340e-09
63 1.443094e-09
64 9.414234e-10
65 6.239157e-10
66 4.225809e-10
67 2.905875e-10
68 1.995762e-10
69 1.342847e-10
70 8.697583e-11
71 5.349835e-11
72 3.099360e-11
73 1.687591e-11
74 8.697673e-12
75 4.900621e-09
76 3.424567e-09
77 2.298292e-09
78 1.494778e-09
79 9.746414e-10
80 6.453321e-10
81 4.367580e-10
82 3.002174e-10
83 2.062856e-10
84 1.389385e-10
85 9.014077e-11
86 5.555292e-11
87 3.224821e-11
88 1.758453e-11
89 9.073663e-12
90 5.032001e-09
91 3.519079e-09
92 2.363961e-09
93 1.537693e-09
94 1.001955e-09
95 6.629843e-10
96 4.484211e-10
97 3.082010e-10
98 2.118250e-10
99 1.428102e-10
100 9.275552e-11
101 5.724142e-11
102 3.327683e-11
103 1.817236e-11
104 9.384955e-12
105 5.148985e-09
106 3.604812e-09
107 2.422765e-09
108 1.575874e-09
109 1.026418e-09
110 6.788035e-10
111 4.588570e-10
112 3.153318e-10
113 2.168269e-10
114 1.462774e-10
115 9.510086e-11
116 5.876614e-11
117 3.420575e-11
118 1.870244e-11
119 9.666608e-12
120 5.261654e-09
121 3.687139e-09
122 2.479960e-09
123 1.613257e-09
124 1.050097e-09
125 6.941667e-10
126 4.688246e-10
127 3.221164e-10
128 2.215356e-10
129 1.495549e-10
130 9.733578e-11
131 6.020829e-11
132 3.507719e-11
133 1.919903e-11
134 9.936307e-12
135 5.400581e-09
136 3.785716e-09
137 2.549279e-09
138 1.658013e-09
139 1.078832e-09
140 7.125892e-10
141 4.813267e-10
142 3.306031e-10
143 2.274734e-10
144 1.536736e-10
145 1.001265e-10
146 6.202248e-11
147 3.619039e-11
148 1.982936e-11
149 1.026556e-11
150 7.231507e-09
151 5.144549e-09
152 3.520932e-09
153 2.307011e-09
154 1.491680e-09
155 9.761533e-10
156 6.517214e-10
157 4.441879e-10
158 3.057131e-10
159 2.084375e-10
160 1.380562e-10
161 8.737836e-11
162 5.226096e-11
163 2.936227e-11
164 1.551993e-11
165 8.983074e-09
166 6.456600e-09
167 4.472014e-09
168 2.960458e-09
169 1.908884e-09
170 1.242232e-09
171 8.213798e-10
172 5.560630e-10
173 3.817738e-10
174 2.612508e-10
175 1.747247e-10
176 1.122286e-10
177 6.832407e-11
178 3.909939e-11
179 2.103072e-11
180 1.003710e-08
181 7.248471e-09
182 5.047253e-09
183 3.358133e-09
184 2.164412e-09
185 1.404758e-09
186 9.250399e-10
187 6.240599e-10
188 4.277958e-10
189 2.931740e-10
190 1.968835e-10
191 1.272693e-10
192 7.807170e-11
193 4.505669e-11
194 2.442311e-11
195 1.077523e-08
196 7.803444e-09
197 5.450414e-09
198 3.636731e-09
199 2.343641e-09
200 1.518753e-09
201 9.977795e-10
202 6.716158e-10
203 4.600357e-10
204 3.155352e-10
205 2.124233e-10
206 1.377850e-10
207 8.491462e-11
208 4.923572e-11
209 2.679774e-11
210 1.134315e-08
211 8.231656e-09
212 5.760418e-09
213 3.851264e-09
214 2.481555e-09
215 1.606383e-09
216 1.053709e-09
217 7.084533e-10
218 4.849307e-10
219 3.328076e-10
220 2.244186e-10
221 1.459123e-10
222 9.018269e-11
223 5.245237e-11
224 2.862986e-11
225 1.181379e-08
226 8.585364e-09
227 6.017353e-09
228 4.028466e-09
229 2.595235e-09
230 1.678613e-09
231 1.099913e-09
232 7.385422e-10
233 5.054456e-10
234 3.469943e-10
235 2.342556e-10
236 1.526044e-10
237 9.452142e-11
238 5.510431e-11
239 3.014029e-11
240 1.223618e-08
241 8.902189e-09
242 6.247929e-09
243 4.187547e-09
244 2.697549e-09
245 1.743902e-09
246 1.141528e-09
247 7.658209e-10
248 5.238374e-10
249 3.597782e-10
250 2.431234e-10
251 1.586115e-10
252 9.841871e-11
253 5.748629e-11
254 3.149521e-11
255 1.264122e-08
256 9.207682e-09
257 6.469224e-09
258 4.341396e-09
259 2.796615e-09
260 1.806840e-09
261 1.181423e-09
262 7.919838e-10
263 5.416491e-10
264 3.721114e-10
265 2.516938e-10
266 1.644023e-10
267 1.021798e-10
268 5.978636e-11
269 3.281400e-11
270 1.313851e-08
271 9.580782e-09
272 6.740987e-09
273 4.528737e-09
274 2.916116e-09
275 1.883046e-09
276 1.230653e-09
277 8.242653e-10
278 5.633785e-10
279 3.871799e-10
280 2.621620e-10
281 1.715070e-10
282 1.068005e-10
283 6.259007e-11
284 3.440338e-11
285 1.196476e-08
286 8.738501e-09
287 6.148779e-09
288 4.149949e-09
289 2.685185e-09
290 1.733703e-09
291 1.132660e-09
292 7.569450e-10
293 5.157556e-10
294 3.533370e-10
295 2.387633e-10
296 1.561820e-10
297 9.739698e-11
298 5.729652e-11
299 3.166725e-11
300 1.396844e-08
301 1.029616e-08
302 7.300773e-09
303 4.975888e-09
304 3.237501e-09
305 2.081562e-09
306 1.353607e-09
307 8.980409e-10
308 6.085808e-10
309 4.166174e-10
310 2.826122e-10
311 1.863266e-10
312 1.175419e-10
313 7.008765e-11
314 3.928543e-11
315 1.539806e-08
316 1.141149e-08
317 8.126449e-09
318 5.569218e-09
319 3.635257e-09
320 2.332242e-09
321 1.512572e-09
322 9.994254e-10
323 6.754121e-10
324 4.619612e-10
325 3.139901e-10
326 2.079336e-10
327 1.319719e-10
328 7.927269e-11
329 4.477149e-11
330 1.649930e-08
331 1.227218e-08
332 8.763889e-09
333 6.025438e-09
334 3.941960e-09
335 2.525805e-09
336 1.635462e-09
337 1.077767e-09
338 7.269063e-10
339 4.969785e-10
340 3.382287e-10
341 2.246176e-10
342 1.431133e-10
343 8.637055e-11
344 4.901217e-11
345 1.741359e-08
346 1.298540e-08
347 9.290990e-09
348 6.403011e-09
349 4.194947e-09
350 2.685867e-09
351 1.737122e-09
352 1.142527e-09
353 7.695272e-10
354 5.259563e-10
355 3.582802e-10
356 2.384313e-10
357 1.523402e-10
358 9.224319e-11
359 5.251601e-11
360 1.822912e-08
361 1.361958e-08
362 9.760666e-09
363 6.740778e-09
364 4.421861e-09
365 2.828283e-09
366 1.827567e-09
367 1.200106e-09
368 8.073821e-10
369 5.516773e-10
370 3.760948e-10
371 2.506909e-10
372 1.605445e-10
373 9.746293e-11
374 5.563367e-11
375 1.901505e-08
376 1.423551e-08
377 1.021602e-08
378 7.066753e-09
379 4.640631e-09
380 2.966983e-09
381 1.915385e-09
382 1.256282e-09
383 8.443501e-10
384 5.767926e-10
385 3.934667e-10
386 2.626383e-10
387 1.685273e-10
388 1.025350e-10
389 5.866252e-11
390 1.997458e-08
391 1.498305e-08
392 1.077035e-08
393 7.464873e-09
394 4.907574e-09
395 3.134851e-09
396 2.022097e-09
397 1.324127e-09
398 8.891291e-10
399 6.071883e-10
400 4.145160e-10
401 2.771172e-10
402 1.782100e-10
403 1.086911e-10
404 6.234790e-11
405 1.694191e-08
406 1.267077e-08
407 9.079382e-09
408 6.268725e-09
409 4.127666e-09
410 2.644651e-09
411 1.710984e-09
412 1.123099e-09
413 7.543595e-10
414 5.143823e-10
415 3.498644e-10
416 2.327656e-10
417 1.489327e-10
418 9.043863e-11
419 5.172014e-11
420 1.919414e-08
421 1.449570e-08
422 1.045541e-08
423 7.272382e-09
424 4.827434e-09
425 3.091760e-09
426 1.993169e-09
427 1.300520e-09
428 8.688423e-10
429 5.904516e-10
430 4.019085e-10
431 2.686439e-10
432 1.732448e-10
433 1.062974e-10
434 6.150901e-11
435 2.095059e-08
436 1.591753e-08
437 1.152988e-08
438 8.055425e-09
439 5.374169e-09
440 3.441971e-09
441 2.214119e-09
442 1.439218e-09
443 9.581239e-10
444 6.498557e-10
445 4.424899e-10
446 2.967035e-10
447 1.922424e-10
448 1.186976e-10
449 6.915882e-11
450 2.239679e-08
451 1.709738e-08
452 1.241763e-08
453 8.702035e-09
454 5.826364e-09
455 3.731356e-09
456 2.396861e-09
457 1.554005e-09
458 1.032159e-09
459 6.989978e-10
460 4.760862e-10
461 3.198003e-10
462 2.079418e-10
463 1.289579e-10
464 7.549184e-11
465 2.369478e-08
466 1.814393e-08
467 1.321090e-08
468 9.279058e-09
469 6.229202e-09
470 3.989254e-09
471 2.559522e-09
472 1.656266e-09
473 1.097760e-09
474 7.427751e-10
475 5.059886e-10
476 3.404042e-10
477 2.219214e-10
478 1.380800e-10
479 8.111277e-11
480 2.494841e-08
481 1.916237e-08
482 1.397927e-08
483 9.838891e-09
484 6.618882e-09
485 4.240362e-09
486 2.717703e-09
487 1.755452e-09
488 1.161729e-09
489 7.851437e-10
490 5.349885e-10
491 3.603885e-10
492 2.354775e-10
493 1.469181e-10
494 8.659214e-11
495 2.647231e-08
496 2.039591e-08
497 1.491296e-08
498 1.051880e-08
499 7.092670e-09
500 4.543223e-09
501 2.909136e-09
502 1.875644e-09
503 1.239200e-09
504 8.367799e-10
505 5.702881e-10
506 3.846989e-10
507 2.519963e-10
508 1.576777e-10
509 9.324858e-11
510 2.231931e-08
511 1.709851e-08
512 1.245123e-08
513 8.739441e-09
514 5.872018e-09
515 3.775056e-09
516 2.421441e-09
517 1.568557e-09
518 1.039195e-09
519 7.019827e-10
520 4.772886e-10
521 3.204579e-10
522 2.085926e-10
523 1.296909e-10
524 7.623082e-11
525 2.485149e-08
526 1.922900e-08
527 1.410343e-08
528 9.954435e-09
529 6.740440e-09
530 4.349394e-09
531 2.780684e-09
532 1.794326e-09
533 1.181794e-09
534 7.948376e-10
535 5.397251e-10
536 3.633177e-10
537 2.377956e-10
538 1.490592e-10
539 8.848720e-11
540 2.695393e-08
541 2.099458e-08
542 1.547205e-08
543 1.096260e-08
544 7.461670e-09
545 4.826986e-09
546 3.079327e-09
547 1.982149e-09
548 1.300580e-09
549 8.720030e-10
550 5.915759e-10
551 3.987724e-10
552 2.620171e-10
553 1.651275e-10
554 9.865255e-11
555 2.882661e-08
556 2.257270e-08
557 1.669317e-08
558 1.186200e-08
559 8.104338e-09
560 5.252690e-09
561 3.345486e-09
562 2.149361e-09
563 1.405987e-09
564 9.407300e-10
565 6.377510e-10
566 4.303916e-10
567 2.835948e-10
568 1.794637e-10
569 1.077390e-10
570 3.064141e-08
571 2.410304e-08
572 1.787453e-08
573 1.273477e-08
574 8.727358e-09
575 5.666372e-09
576 3.603522e-09
577 2.311423e-09
578 1.508335e-09
579 1.007296e-09
580 6.825591e-10
581 4.610809e-10
582 3.045308e-10
583 1.933412e-10
584 1.165313e-10
585 3.285064e-08
586 2.595525e-08
587 1.931307e-08
588 1.379354e-08
589 9.482927e-09
590 6.166469e-09
591 3.916740e-09
592 2.508118e-09
593 1.632751e-09
594 1.088231e-09
595 7.369600e-10
596 4.983551e-10
597 3.299725e-10
598 2.102260e-10
599 1.272259e-10
600 2.822789e-08
601 2.214787e-08
602 1.641349e-08
603 1.167335e-08
604 7.984331e-09
605 5.196265e-09
606 3.309703e-09
607 2.127495e-09
608 1.389492e-09
609 9.278870e-10
610 6.279013e-10
611 4.232287e-10
612 2.786936e-10
613 1.764463e-10
614 1.061054e-10
615 3.111703e-08
616 2.466322e-08
617 1.842020e-08
618 1.317025e-08
619 9.068825e-09
620 5.939136e-09
621 3.776525e-09
622 2.420932e-09
623 1.572205e-09
624 1.044472e-09
625 7.047637e-10
626 4.752229e-10
627 3.142048e-10
628 2.002175e-10
629 1.214338e-10
630 3.369266e-08
631 2.690942e-08
632 2.020741e-08
633 1.450654e-08
634 1.003579e-08
635 6.602118e-09
636 4.192918e-09
637 2.682790e-09
638 1.734905e-09
639 1.148318e-09
640 7.733154e-10
641 5.216241e-10
642 3.458275e-10
643 2.214392e-10
644 1.351375e-10
645 3.618341e-08
646 2.908305e-08
647 2.193648e-08
648 1.579827e-08
649 1.097140e-08
650 7.243823e-09
651 4.595787e-09
652 2.935973e-09
653 1.892365e-09
654 1.248799e-09
655 8.396171e-10
656 5.665361e-10
657 3.764237e-10
658 2.419414e-10
659 1.483719e-10
660 3.923188e-08
661 3.173477e-08
662 2.404729e-08
663 1.737408e-08
664 1.211028e-08
665 8.024433e-09
666 5.086380e-09
667 3.244607e-09
668 2.084067e-09
669 1.371373e-09
670 9.204535e-10
671 6.212639e-10
672 4.137486e-10
673 2.669501e-10
674 1.645248e-10
675 3.488125e-08
676 2.803771e-08
677 2.117802e-08
678 1.525928e-08
679 1.059384e-08
680 7.009509e-09
681 4.459219e-09
682 2.848312e-09
683 1.835941e-09
684 1.210548e-09
685 8.125632e-10
686 5.473182e-10
687 3.631392e-10
688 2.331638e-10
689 1.429573e-10
690 3.832641e-08
691 3.113743e-08
692 2.372579e-08
693 1.719822e-08
694 1.201049e-08
695 8.006605e-09
696 5.100834e-09
697 3.248196e-09
698 2.083074e-09
699 1.365835e-09
700 9.129353e-10
701 6.141784e-10
702 4.084052e-10
703 2.636534e-10
704 1.629142e-10
705 4.166182e-08
706 3.413925e-08
707 2.618976e-08
708 1.907414e-08
709 1.338190e-08
710 8.972311e-09
711 5.721759e-09
712 3.635239e-09
713 2.322324e-09
714 1.516176e-09
715 1.010048e-09
716 6.789170e-10
717 4.522264e-10
718 2.931405e-10
719 1.822105e-10
720 4.572646e-08
721 3.780044e-08
722 2.919482e-08
723 2.135969e-08
724 1.504995e-08
725 1.014636e-08
726 6.477219e-09
727 4.106314e-09
728 2.613614e-09
729 1.699112e-09
730 1.128321e-09
731 7.577281e-10
732 5.056169e-10
733 3.290781e-10
734 2.057303e-10
735 4.279524e-08
736 3.527495e-08
737 2.721980e-08
738 1.991254e-08
739 1.401154e-08
740 9.438951e-09
741 6.048463e-09
742 3.834689e-09
743 2.446737e-09
744 1.591063e-09
745 1.055739e-09
746 7.077673e-10
747 4.711701e-10
748 3.059077e-10
749 1.907721e-10
750 4.722154e-08
751 3.939041e-08
752 3.072060e-08
753 2.264093e-08
754 1.602634e-08
755 1.088385e-08
756 7.010262e-09
757 4.430721e-09
758 2.816923e-09
759 1.819465e-09
760 1.200271e-09
761 8.020191e-10
762 5.341191e-10
763 3.481691e-10
764 2.186907e-10
765 5.260947e-08
766 4.440200e-08
767 3.497513e-08
768 2.595786e-08
769 1.847419e-08
770 1.263845e-08
771 8.179819e-09
772 5.154997e-09
773 3.266854e-09
774 2.097311e-09
775 1.375668e-09
776 9.165925e-10
777 6.107645e-10
778 3.996300e-10
779 2.526800e-10
780 5.306293e-08
781 4.498538e-08
782 3.563215e-08
783 2.657576e-08
784 1.897078e-08
785 1.301864e-08
786 8.479080e-09
787 5.346810e-09
788 3.387255e-09
789 2.166489e-09
790 1.415417e-09
791 9.395830e-10
792 6.245643e-10
793 4.084817e-10
794 2.586237e-10
795 6.034365e-08
796 5.199213e-08
797 4.180985e-08
798 3.155721e-08
799 2.271340e-08
800 1.573708e-08
801 1.035847e-08
802 6.527903e-09
803 4.120352e-09
804 2.612535e-09
805 1.691452e-09
806 1.115093e-09
807 7.394442e-10
808 4.847818e-10
809 3.090634e-10
810 7.090546e-08
811 6.254242e-08
812 5.155387e-08
813 3.975858e-08
814 2.905255e-08
815 2.040105e-08
816 1.368487e-08
817 8.704769e-09
818 5.458219e-09
819 3.426797e-09
820 2.184466e-09
821 1.418624e-09
822 9.318933e-10
823 6.098040e-10
824 3.910356e-10
825 5.960816e-07
826 4.524705e-07
827 3.421590e-07
828 2.409569e-07
829 1.517751e-07
830 9.636461e-08
831 6.021127e-08
832 0.000000e+00
833 0.000000e+00
834 0.000000e+00
835 0.000000e+00
836 0.000000e+00
837 0.000000e+00
838 0.000000e+00
839 0.000000e+00
840 7.355953e-07
841 5.593471e-07
842 4.228969e-07
843 2.998217e-07
844 1.890771e-07
845 1.201581e-07
846 7.496266e-08
847 0.000000e+00
848 0.000000e+00
849 0.000000e+00
850 0.000000e+00
851 0.000000e+00
852 0.000000e+00
853 0.000000e+00
854 0.000000e+00
855 8.331238e-07
856 6.340459e-07
857 4.793302e-07
858 3.409748e-07
859 2.151557e-07
860 1.367910e-07
861 8.527596e-08
862 0.000000e+00
863 0.000000e+00
864 0.000000e+00
865 0.000000e+00
866 0.000000e+00
867 0.000000e+00
868 0.000000e+00
869 0.000000e+00
870 9.084638e-07
871 6.917558e-07
872 5.229269e-07
873 3.727623e-07
874 2.353015e-07
875 1.496397e-07
876 9.324249e-08
877 0.000000e+00
878 0.000000e+00
879 0.000000e+00
880 0.000000e+00
881 0.000000e+00
882 0.000000e+00
883 0.000000e+00
884 0.000000e+00
885 9.707732e-07
886 7.394971e-07
887 5.589936e-07
888 3.990584e-07
889 2.519669e-07
890 1.602693e-07
891 9.983363e-08
892 0.000000e+00
893 0.000000e+00
894 0.000000e+00
895 0.000000e+00
896 0.000000e+00
897 0.000000e+00
898 0.000000e+00
899 0.000000e+00
900 1.026339e-06
901 7.820623e-07
902 5.911487e-07
903 4.225029e-07
904 2.668246e-07
905 1.697457e-07
906 1.057104e-07
907 0.000000e+00
908 0.000000e+00
909 0.000000e+00
910 0.000000e+00
911 0.000000e+00
912 0.000000e+00
913 0.000000e+00
914 0.000000e+00
915 1.080234e-06
916 8.233444e-07
917 6.223364e-07
918 4.452443e-07
919 2.812339e-07
920 1.789363e-07
921 1.114096e-07
922 0.000000e+00
923 0.000000e+00
924 0.000000e+00
925 0.000000e+00
926 0.000000e+00
927 0.000000e+00
928 0.000000e+00
929 0.000000e+00
930 1.145844e-06
931 8.736021e-07
932 6.602993e-07
933 4.729311e-07
934 2.987773e-07
935 1.901290e-07
936 1.183479e-07
937 0.000000e+00
938 0.000000e+00
939 0.000000e+00
940 0.000000e+00
941 0.000000e+00
942 0.000000e+00
943 0.000000e+00
944 0.000000e+00
945 2.677606e-07
946 2.179402e-07
947 1.630953e-07
948 1.251187e-07
949 8.740133e-08
950 5.409743e-08
951 3.375721e-08
952 2.097005e-08
953 0.000000e+00
954 0.000000e+00
955 0.000000e+00
956 0.000000e+00
957 0.000000e+00
958 0.000000e+00
959 0.000000e+00
960 4.383183e-07
961 3.598596e-07
962 2.699323e-07
963 2.065084e-07
964 1.463847e-07
965 9.016130e-08
966 5.664551e-08
967 3.508342e-08
968 0.000000e+00
969 0.000000e+00
970 0.000000e+00
971 0.000000e+00
972 0.000000e+00
973 0.000000e+00
974 0.000000e+00
975 5.617764e-07
976 4.628667e-07
977 3.475728e-07
978 2.656004e-07
979 1.893354e-07
980 1.164521e-07
981 7.335367e-08
982 4.537299e-08
983 0.000000e+00
984 0.000000e+00
985 0.000000e+00
986 0.000000e+00
987 0.000000e+00
988 0.000000e+00
989 0.000000e+00
990 6.569704e-07
991 5.422780e-07
992 4.074299e-07
993 3.111631e-07
994 2.224477e-07
995 1.367220e-07
996 8.623364e-08
997 5.330539e-08
998 0.000000e+00
999 0.000000e+00
1000 0.000000e+00
1001 0.000000e+00
1002 0.000000e+00
1003 0.000000e+00
1004 0.000000e+00
1005 7.356959e-07
1006 6.079624e-07
1007 4.569361e-07
1008 3.488473e-07
1009 2.498301e-07
1010 1.534845e-07
1011 9.688525e-08
1012 5.986647e-08
1013 0.000000e+00
1014 0.000000e+00
1015 0.000000e+00
1016 0.000000e+00
1017 0.000000e+00
1018 0.000000e+00
1019 0.000000e+00
1020 8.058904e-07
1021 6.665288e-07
1022 5.010867e-07
1023 3.824473e-07
1024 2.742471e-07
1025 1.684322e-07
1026 1.063829e-07
1027 6.571559e-08
1028 0.000000e+00
1029 0.000000e+00
1030 0.000000e+00
1031 0.000000e+00
1032 0.000000e+00
1033 0.000000e+00
1034 0.000000e+00
1035 8.739720e-07
1036 7.233268e-07
1037 5.438981e-07
1038 4.150342e-07
1039 2.979259e-07
1040 1.829300e-07
1041 1.155935e-07
1042 7.138877e-08
1043 0.000000e+00
1044 0.000000e+00
1045 0.000000e+00
1046 0.000000e+00
1047 0.000000e+00
1048 0.000000e+00
1049 0.000000e+00
1050 9.568889e-07
1051 7.924881e-07
1052 5.960299e-07
1053 4.547134e-07
1054 3.267609e-07
1055 2.005821e-07
1056 1.268097e-07
1057 7.829692e-08
1058 0.000000e+00
1059 0.000000e+00
1060 0.000000e+00
1061 0.000000e+00
1062 0.000000e+00
1063 0.000000e+00
1064 0.000000e+00
1065 2.305024e-07
1066 2.040036e-07
1067 1.584127e-07
1068 1.182873e-07
1069 9.114492e-08
1070 5.733739e-08
1071 3.714970e-08
1072 2.241114e-08
1073 1.381668e-08
1074 0.000000e+00
1075 0.000000e+00
1076 0.000000e+00
1077 0.000000e+00
1078 0.000000e+00
1079 0.000000e+00
1080 3.630995e-07
1081 3.233317e-07
1082 2.522860e-07
1083 1.881997e-07
1084 1.451782e-07
1085 9.234188e-08
1086 5.953834e-08
1087 3.590841e-08
1088 2.213435e-08
1089 0.000000e+00
1090 0.000000e+00
1091 0.000000e+00
1092 0.000000e+00
1093 0.000000e+00
1094 0.000000e+00
1095 4.666843e-07
1096 4.166405e-07
1097 3.257646e-07
1098 2.429298e-07
1099 1.874594e-07
1100 1.198000e-07
1101 7.707503e-08
1102 4.648815e-08
1103 2.865288e-08
1104 0.000000e+00
1105 0.000000e+00
1106 0.000000e+00
1107 0.000000e+00
1108 0.000000e+00
1109 0.000000e+00
1110 5.521815e-07
1111 4.936517e-07
1112 3.864057e-07
1113 2.880975e-07
1114 2.223566e-07
1115 1.424581e-07
1116 9.154749e-08
1117 5.521901e-08
1118 3.403243e-08
1119 0.000000e+00
1120 0.000000e+00
1121 0.000000e+00
1122 0.000000e+00
1123 0.000000e+00
1124 0.000000e+00
1125 6.284246e-07
1126 5.623206e-07
1127 4.404777e-07
1128 3.283719e-07
1129 2.534728e-07
1130 1.626602e-07
1131 1.044518e-07
1132 6.300384e-08
1133 3.882909e-08
1134 0.000000e+00
1135 0.000000e+00
1136 0.000000e+00
1137 0.000000e+00
1138 0.000000e+00
1139 0.000000e+00
1140 7.023711e-07
1141 6.289212e-07
1142 4.929211e-07
1143 3.674334e-07
1144 2.836519e-07
1145 1.822532e-07
1146 1.169664e-07
1147 7.055422e-08
1148 4.348128e-08
1149 0.000000e+00
1150 0.000000e+00
1151 0.000000e+00
1152 0.000000e+00
1153 0.000000e+00
1154 0.000000e+00
1155 7.923985e-07
1156 7.100158e-07
1157 5.567775e-07
1158 4.149956e-07
1159 3.203986e-07
1160 2.061130e-07
1161 1.322048e-07
1162 7.974822e-08
1163 4.914570e-08
1164 0.000000e+00
1165 0.000000e+00
1166 0.000000e+00
1167 0.000000e+00
1168 0.000000e+00
1169 0.000000e+00
1170 2.146915e-07
1171 2.019205e-07
1172 1.653825e-07
1173 1.233310e-07
1174 9.464519e-08
1175 6.698826e-08
1176 4.073309e-08
1177 2.509208e-08
1178 1.539295e-08
1179 0.000000e+00
1180 0.000000e+00
1181 0.000000e+00
1182 0.000000e+00
1183 0.000000e+00
1184 0.000000e+00
1185 3.224441e-07
1186 3.044192e-07
1187 2.503969e-07
1188 1.869625e-07
1189 1.432221e-07
1190 1.021415e-07
1191 6.188264e-08
1192 3.830465e-08
1193 2.346035e-08
1194 0.000000e+00
1195 0.000000e+00
1196 0.000000e+00
1197 0.000000e+00
1198 0.000000e+00
1199 0.000000e+00
1200 4.113066e-07
1201 3.889681e-07
1202 3.205316e-07
1203 2.394605e-07
1204 1.832974e-07
1205 1.311497e-07
1206 7.933580e-08
1207 4.921176e-08
1208 3.011890e-08
1209 0.000000e+00
1210 0.000000e+00
1211 0.000000e+00
1212 0.000000e+00
1213 0.000000e+00
1214 0.000000e+00
1215 4.904396e-07
1216 4.642568e-07
1217 3.829802e-07
1218 2.862114e-07
1219 2.189837e-07
1220 1.569801e-07
1221 9.487871e-08
1222 5.892389e-08
1223 3.604759e-08
1224 0.000000e+00
1225 0.000000e+00
1226 0.000000e+00
1227 0.000000e+00
1228 0.000000e+00
1229 0.000000e+00
1230 5.671936e-07
1231 5.372690e-07
1232 4.435565e-07
1233 3.315552e-07
1234 2.535973e-07
1235 1.820314e-07
1236 1.099513e-07
1237 6.834317e-08
1238 4.179820e-08
1239 0.000000e+00
1240 0.000000e+00
1241 0.000000e+00
1242 0.000000e+00
1243 0.000000e+00
1244 0.000000e+00
1245 6.606544e-07
1246 6.261907e-07
1247 5.173134e-07
1248 3.867689e-07
1249 2.957439e-07
1250 2.125402e-07
1251 1.283084e-07
1252 7.981290e-08
1253 4.880036e-08
1254 0.000000e+00
1255 0.000000e+00
1256 0.000000e+00
1257 0.000000e+00
1258 0.000000e+00
1259 0.000000e+00
1260 2.094302e-07
1261 2.058346e-07
1262 1.773362e-07
1263 1.349249e-07
1264 1.014031e-07
1265 7.718548e-08
1266 4.620802e-08
1267 2.998894e-08
1268 1.800204e-08
1269 1.088685e-08
1270 0.000000e+00
1271 0.000000e+00
1272 0.000000e+00
1273 0.000000e+00
1274 0.000000e+00
1275 3.003616e-07
1276 2.958912e-07
1277 2.556887e-07
1278 1.948994e-07
1279 1.463267e-07
1280 1.116227e-07
1281 6.703700e-08
1282 4.354482e-08
1283 2.610392e-08
1284 1.577120e-08
1285 0.000000e+00
1286 0.000000e+00
1287 0.000000e+00
1288 0.000000e+00
1289 0.000000e+00
1290 3.809357e-07
1291 3.756823e-07
1292 3.251012e-07
1293 2.480269e-07
1294 1.861235e-07
1295 1.421270e-07
1296 8.546900e-08
1297 5.555839e-08
1298 3.327648e-08
1299 2.009703e-08
1300 0.000000e+00
1301 0.000000e+00
1302 0.000000e+00
1303 0.000000e+00
1304 0.000000e+00
1305 4.590619e-07
1306 4.530483e-07
1307 3.924029e-07
1308 2.995381e-07
1309 2.247097e-07
1310 1.717033e-07
1311 1.033479e-07
1312 6.720078e-08
1313 4.023334e-08
1314 2.429190e-08
1315 0.000000e+00
1316 0.000000e+00
1317 0.000000e+00
1318 0.000000e+00
1319 0.000000e+00
1320 5.541949e-07
1321 5.472557e-07
1322 4.743125e-07
1323 3.622296e-07
1324 2.716705e-07
1325 2.077178e-07
1326 1.251187e-07
1327 8.137751e-08
1328 4.870459e-08
1329 2.940117e-08
1330 0.000000e+00
1331 0.000000e+00
1332 0.000000e+00
1333 0.000000e+00
1334 0.000000e+00
1335 1.189637e-07
1336 1.204396e-07
1337 1.078500e-07
1338 8.421187e-08
1339 6.259094e-08
1340 4.859501e-08
1341 3.063563e-08
1342 1.984664e-08
1343 1.172947e-08
1344 7.060181e-09
1345 0.000000e+00
1346 0.000000e+00
1347 0.000000e+00
1348 0.000000e+00
1349 0.000000e+00
1350 2.101957e-07
1351 2.135668e-07
1352 1.922069e-07
1353 1.507141e-07
1354 1.119561e-07
1355 8.692257e-08
1356 5.540217e-08
1357 3.567840e-08
1358 2.107738e-08
1359 1.270271e-08
1360 0.000000e+00
1361 0.000000e+00
1362 0.000000e+00
1363 0.000000e+00
1364 0.000000e+00
1365 2.915759e-07
1366 2.966788e-07
1367 2.675229e-07
1368 2.101341e-07
1369 1.560638e-07
1370 1.211570e-07
1371 7.755752e-08
1372 4.982765e-08
1373 2.943481e-08
1374 1.774767e-08
1375 0.000000e+00
1376 0.000000e+00
1377 0.000000e+00
1378 0.000000e+00
1379 0.000000e+00
1380 3.702843e-07
1381 3.770507e-07
1382 3.403548e-07
1383 2.675744e-07
1384 1.987031e-07
1385 1.542547e-07
1386 9.897501e-08
1387 6.350692e-08
1388 3.751434e-08
1389 2.262384e-08
1390 0.000000e+00
1391 0.000000e+00
1392 0.000000e+00
1393 0.000000e+00
1394 0.000000e+00
1395 4.661104e-07
1396 4.749022e-07
1397 4.290321e-07
1398 3.375105e-07
1399 2.506178e-07
1400 1.945578e-07
1401 1.250510e-07
1402 8.015709e-08
1403 4.735375e-08
1404 2.856246e-08
1405 0.000000e+00
1406 0.000000e+00
1407 0.000000e+00
1408 0.000000e+00
1409 0.000000e+00
1410 1.343510e-07
1411 1.398688e-07
1412 1.302333e-07
1413 1.053185e-07
1414 7.819270e-08
1415 6.036492e-08
1416 4.152886e-08
1417 2.549066e-08
1418 1.520201e-08
1419 9.198208e-09
1420 0.000000e+00
1421 0.000000e+00
1422 0.000000e+00
1423 0.000000e+00
1424 0.000000e+00
1425 2.164695e-07
1426 2.258305e-07
1427 2.109069e-07
1428 1.710978e-07
1429 1.271042e-07
1430 9.800049e-08
1431 6.789556e-08
1432 4.147375e-08
1433 2.481837e-08
1434 1.500441e-08
1435 0.000000e+00
1436 0.000000e+00
1437 0.000000e+00
1438 0.000000e+00
1439 0.000000e+00
1440 2.953060e-07
1441 3.083493e-07
1442 2.883442e-07
1443 2.342318e-07
1444 1.740504e-07
1445 1.341209e-07
1446 9.319823e-08
1447 5.681233e-08
1448 3.404737e-08
1449 2.057677e-08
1450 0.000000e+00
1451 0.000000e+00
1452 0.000000e+00
1453 0.000000e+00
1454 0.000000e+00
1455 3.912546e-07
1456 4.087816e-07
1457 3.825876e-07
1458 3.110785e-07
1459 2.311880e-07
1460 1.780871e-07
1461 1.239883e-07
1462 7.548225e-08
1463 4.527899e-08
1464 2.735860e-08
1465 0.000000e+00
1466 0.000000e+00
1467 0.000000e+00
1468 0.000000e+00
1469 0.000000e+00
1470 7.111148e-08
1471 7.548211e-08
1472 7.227413e-08
1473 6.021859e-08
1474 4.502653e-08
1475 3.432022e-08
1476 2.508974e-08
1477 1.480953e-08
1478 9.162272e-09
1479 5.488092e-09
1480 0.000000e+00
1481 0.000000e+00
1482 0.000000e+00
1483 0.000000e+00
1484 0.000000e+00
1485 1.517897e-07
1486 1.616594e-07
1487 1.555529e-07
1488 1.303647e-07
1489 9.770956e-08
1490 7.427784e-08
1491 5.478474e-08
1492 3.225003e-08
1493 2.013046e-08
1494 1.202404e-08
1495 0.000000e+00
1496 0.000000e+00
1497 0.000000e+00
1498 0.000000e+00
1499 0.000000e+00
1500 2.306274e-07
1501 2.459113e-07
1502 2.370296e-07
1503 1.990584e-07
1504 1.493286e-07
1505 1.134130e-07
1506 8.389779e-08
1507 4.935418e-08
1508 3.089963e-08
1509 1.843883e-08
1510 0.000000e+00
1511 0.000000e+00
1512 0.000000e+00
1513 0.000000e+00
1514 0.000000e+00
1515 3.262879e-07
1516 3.481364e-07
1517 3.358816e-07
1518 2.823894e-07
1519 2.119441e-07
1520 1.608863e-07
1521 1.192102e-07
1522 7.010054e-08
1523 4.396150e-08
1524 2.621889e-08
1525 0.000000e+00
1526 0.000000e+00
1527 0.000000e+00
1528 0.000000e+00
1529 0.000000e+00
1530 9.487404e-08
1531 1.028121e-07
1532 1.014735e-07
1533 8.771368e-08
1534 6.673898e-08
1535 5.007398e-08
1536 3.832673e-08
1537 2.264288e-08
1538 1.468448e-08
1539 8.648999e-09
1540 5.050062e-09
1541 0.000000e+00
1542 0.000000e+00
1543 0.000000e+00
1544 0.000000e+00
1545 1.737861e-07
1546 1.886680e-07
1547 1.867043e-07
1548 1.619575e-07
1549 1.234973e-07
1550 9.254712e-08
1551 7.100793e-08
1552 4.211453e-08
1553 2.736383e-08
1554 1.609119e-08
1555 9.382914e-09
1556 0.000000e+00
1557 0.000000e+00
1558 0.000000e+00
1559 0.000000e+00
1560 2.688722e-07
1561 2.921147e-07
1562 2.893916e-07
1563 2.513836e-07
1564 1.918637e-07
1565 1.437083e-07
1566 1.103713e-07
1567 6.556558e-08
1568 4.263221e-08
1569 2.505374e-08
1570 1.460125e-08
1571 0.000000e+00
1572 0.000000e+00
1573 0.000000e+00
1574 0.000000e+00
1575 1.225189e-07
1576 1.351493e-07
1577 1.368936e-07
1578 1.224770e-07
1579 9.542685e-08
1580 7.089353e-08
1581 5.514528e-08
1582 3.431622e-08
1583 2.225680e-08
1584 1.292010e-08
1585 7.539754e-09
1586 0.000000e+00
1587 0.000000e+00
1588 0.000000e+00
1589 0.000000e+00
1590 2.169059e-07
1591 2.395024e-07
1592 2.429407e-07
1593 2.177787e-07
1594 1.699554e-07
1595 1.262211e-07
1596 9.819724e-08
1597 6.137185e-08
1598 3.972681e-08
1599 2.304795e-08
1600 1.346328e-08
1601 0.000000e+00
1602 0.000000e+00
1603 0.000000e+00
1604 0.000000e+00
1605 6.393501e-05
1606 4.835743e-05
1607 3.681225e-05
1608 2.645220e-05
1609 1.645588e-05
1610 1.050507e-05
1611 6.539554e-06
1612 0.000000e+00
1613 0.000000e+00
1614 0.000000e+00
1615 0.000000e+00
1616 0.000000e+00
1617 0.000000e+00
1618 0.000000e+00
1619 0.000000e+00
1620 5.104106e-05
1621 4.225231e-05
1622 3.164959e-05
1623 2.419221e-05
1624 1.749081e-05
1625 1.061153e-05
1626 6.692684e-06
1627 4.146335e-06
1628 0.000000e+00
1629 0.000000e+00
1630 0.000000e+00
1631 0.000000e+00
1632 0.000000e+00
1633 0.000000e+00
1634 0.000000e+00
1635 4.023198e-05
1636 3.610238e-05
1637 2.827390e-05
1638 2.102321e-05
1639 1.632297e-05
1640 1.042670e-05
1641 6.758451e-06
1642 4.052356e-06
1643 2.494405e-06
1644 0.000000e+00
1645 0.000000e+00
1646 0.000000e+00
1647 0.000000e+00
1648 0.000000e+00
1649 0.000000e+00
1650 3.254478e-05
1651 3.089964e-05
1652 2.553561e-05
1653 1.905698e-05
1654 1.457814e-05
1655 1.052773e-05
1656 6.307013e-06
1657 3.911226e-06
1658 2.396562e-06
1659 0.000000e+00
1660 0.000000e+00
1661 0.000000e+00
1662 0.000000e+00
1663 0.000000e+00
1664 0.000000e+00
1665 2.699924e-05
1666 2.670211e-05
1667 2.317030e-05
1668 1.768037e-05
1669 1.324477e-05
1670 1.017622e-05
1671 6.080172e-06
1672 3.986239e-06
1673 2.384934e-06
1674 1.432391e-06
1675 0.000000e+00
1676 0.000000e+00
1677 0.000000e+00
1678 0.000000e+00
1679 0.000000e+00
1680 2.277462e-05
1681 2.323666e-05
1682 2.102114e-05
1683 1.653774e-05
1684 1.226444e-05
1685 9.543201e-06
1686 6.126522e-06
1687 3.945634e-06
1688 2.322365e-06
1689 1.401776e-06
1690 0.000000e+00
1691 0.000000e+00
1692 0.000000e+00
1693 0.000000e+00
1694 0.000000e+00
1695 1.942517e-05
1696 2.032052e-05
1697 1.904635e-05
1698 1.549633e-05
1699 1.150630e-05
1700 8.866758e-06
1701 6.193653e-06
1702 3.758871e-06
1703 2.246381e-06
1704 1.360177e-06
1705 0.000000e+00
1706 0.000000e+00
1707 0.000000e+00
1708 0.000000e+00
1709 0.000000e+00
1710 1.672464e-05
1711 1.786442e-05
1712 1.726083e-05
1713 1.452866e-05
1714 1.090001e-05
1715 8.269132e-06
1716 6.152328e-06
1717 3.597308e-06
1718 2.260321e-06
1719 1.347493e-06
1720 0.000000e+00
1721 0.000000e+00
1722 0.000000e+00
1723 0.000000e+00
1724 0.000000e+00
1725 1.444052e-05
1726 1.570497e-05
1727 1.558073e-05
1728 1.355356e-05
1729 1.034624e-05
1730 7.742395e-06
1731 5.964639e-06
1732 3.531877e-06
1733 2.308361e-06
1734 1.356191e-06
1735 7.869234e-07
1736 0.000000e+00
1737 0.000000e+00
1738 0.000000e+00
1739 0.000000e+00
1740 1.244255e-05
1741 1.375245e-05
1742 1.396973e-05
1743 1.254347e-05
1744 9.796144e-06
1745 7.269421e-06
1746 5.664061e-06
1747 3.542768e-06
1748 2.299417e-06
1749 1.332013e-06
1750 7.780033e-07
1751 0.000000e+00
1752 0.000000e+00
1753 0.000000e+00
1754 0.000000e+00
1755 1.332440e-06
1756 1.016761e-06
1757 7.683592e-07
1758 5.513098e-07
1759 3.488789e-07
1760 2.219230e-07
1761 1.381109e-07
1762 0.000000e+00
1763 0.000000e+00
1764 0.000000e+00
1765 0.000000e+00
1766 0.000000e+00
1767 0.000000e+00
1768 0.000000e+00
1769 0.000000e+00
1770 1.192598e-06
1771 9.893408e-07
1772 7.445436e-07
1773 5.676620e-07
1774 4.082717e-07
1775 2.510122e-07
1776 1.587844e-07
1777 9.796818e-08
1778 0.000000e+00
1779 0.000000e+00
1780 0.000000e+00
1781 0.000000e+00
1782 0.000000e+00
1783 0.000000e+00
1784 0.000000e+00
1785 1.048487e-06
1786 9.408134e-07
1787 7.384451e-07
1788 5.506284e-07
1789 4.245471e-07
1790 2.741521e-07
1791 1.754400e-07
1792 1.059306e-07
1793 6.527895e-08
1794 0.000000e+00
1795 0.000000e+00
1796 0.000000e+00
1797 0.000000e+00
1798 0.000000e+00
1799 0.000000e+00
1800 9.265474e-07
1801 8.792627e-07
1802 7.270311e-07
1803 5.440670e-07
1804 4.157267e-07
1805 2.989475e-07
1806 1.806387e-07
1807 1.124867e-07
1808 6.876843e-08
1809 0.000000e+00
1810 0.000000e+00
1811 0.000000e+00
1812 0.000000e+00
1813 0.000000e+00
1814 0.000000e+00
1815 8.249049e-07
1816 8.153398e-07
1817 7.072924e-07
1818 5.407575e-07
1819 4.056070e-07
1820 3.097163e-07
1821 1.873173e-07
1822 1.217120e-07
1823 7.273965e-08
1824 4.394987e-08
1825 0.000000e+00
1826 0.000000e+00
1827 0.000000e+00
1828 0.000000e+00
1829 0.000000e+00
1830 7.388574e-07
1831 7.534457e-07
1832 6.811997e-07
1833 5.365080e-07
1834 3.986410e-07
1835 3.090192e-07
1836 1.993481e-07
1837 1.275463e-07
1838 7.537960e-08
1839 4.543888e-08
1840 0.000000e+00
1841 0.000000e+00
1842 0.000000e+00
1843 0.000000e+00
1844 0.000000e+00
1845 6.643674e-07
1846 6.947100e-07
1847 6.506267e-07
1848 5.295971e-07
1849 3.939854e-07
1850 3.031819e-07
1851 2.115258e-07
1852 1.286559e-07
1853 7.740644e-08
1854 4.673662e-08
1855 0.000000e+00
1856 0.000000e+00
1857 0.000000e+00
1858 0.000000e+00
1859 0.000000e+00
1860 5.985778e-07
1861 6.391502e-07
1862 6.170373e-07
1863 5.193478e-07
1864 3.902722e-07
1865 2.961130e-07
1866 2.195212e-07
1867 1.292169e-07
1868 8.117421e-08
1869 4.840518e-08
1870 0.000000e+00
1871 0.000000e+00
1872 0.000000e+00
1873 0.000000e+00
1874 0.000000e+00
1875 5.394725e-07
1876 5.865382e-07
1877 5.814324e-07
1878 5.056048e-07
1879 3.864446e-07
1880 2.894542e-07
1881 2.222054e-07
1882 1.323618e-07
1883 8.593276e-08
1884 5.043808e-08
1885 2.948568e-08
1886 0.000000e+00
1887 0.000000e+00
1888 0.000000e+00
1889 0.000000e+00
1890 4.850722e-07
1891 5.360076e-07
1892 5.440686e-07
1893 4.882438e-07
1894 3.816331e-07
1895 2.835588e-07
1896 2.203876e-07
1897 1.382516e-07
1898 8.917414e-08
1899 5.174583e-08
1900 3.024922e-08
1901 0.000000e+00
1902 0.000000e+00
1903 0.000000e+00
1904 0.000000e+00
1905 5.795700e-09
1906 4.072634e-09
1907 2.746255e-09
1908 1.786538e-09
1909 1.161133e-09
1910 7.658533e-10
1911 5.164104e-10
1912 3.545843e-10
1913 2.441451e-10
1914 1.652584e-10
1915 1.079622e-10
1916 6.709276e-11
1917 3.928716e-11
1918 2.159394e-11
1919 1.120181e-11
1920 1.455228e-08
1921 1.064478e-08
1922 7.511781e-09
1923 5.060876e-09
1924 3.259588e-09
1925 2.101192e-09
1926 1.369777e-09
1927 9.152844e-10
1928 6.251850e-10
1929 4.300101e-10
1930 2.918904e-10
1931 1.916735e-10
1932 1.198734e-10
1933 7.058595e-11
1934 3.895189e-11
1935 2.270773e-08
1936 1.711926e-08
1937 1.234822e-08
1938 8.595513e-09
1939 5.666606e-09
1940 3.614726e-09
1941 2.326921e-09
1942 1.518355e-09
1943 1.016927e-09
1944 6.940109e-10
1945 4.745337e-10
1946 3.184417e-10
1947 2.058300e-10
1948 1.262768e-10
1949 7.283216e-11
1950 3.081613e-08
1951 2.392052e-08
1952 1.757162e-08
1953 1.245454e-08
1954 8.443035e-09
1955 5.410463e-09
1956 3.455940e-09
1957 2.219422e-09
1958 1.460482e-09
1959 9.839048e-10
1960 6.708156e-10
1961 4.539580e-10
1962 2.989413e-10
1963 1.883717e-10
1964 1.121572e-10
1965 3.914302e-08
1966 3.125201e-08
1967 2.340881e-08
1968 1.681124e-08
1969 1.163824e-08
1970 7.595029e-09
1971 4.810015e-09
1972 3.069974e-09
1973 1.987584e-09
1974 1.319113e-09
1975 8.921051e-10
1976 6.045736e-10
1977 4.023979e-10
1978 2.583322e-10
1979 1.576437e-10
1980 4.787189e-08
1981 3.925970e-08
1982 3.004027e-08
1983 2.185233e-08
1984 1.535366e-08
1985 1.024595e-08
1986 6.483637e-09
1987 4.123134e-09
1988 2.630514e-09
1989 1.720344e-09
1990 1.150606e-09
1991 7.770971e-10
1992 5.199129e-10
1993 3.381400e-10
1994 2.104112e-10
1995 5.726850e-08
1996 4.818971e-08
1997 3.772983e-08
1998 2.785326e-08
1999 1.979758e-08
2000 1.348549e-08
2001 8.626581e-09
2002 5.446667e-09
2003 3.442708e-09
2004 2.219937e-09
2005 1.464967e-09
2006 9.820224e-10
2007 6.574944e-10
2008 4.312913e-10
2009 2.725353e-10
2010 6.792317e-08
2011 5.863743e-08
2012 4.706638e-08
2013 3.538838e-08
2014 2.544340e-08
2015 1.763063e-08
2016 1.150615e-08
2017 7.216227e-09
2018 4.547616e-09
2019 2.887984e-09
2020 1.875552e-09
2021 1.242737e-09
2022 8.287837e-10
2023 5.460734e-10
2024 3.492425e-10
2025 8.106280e-08
2026 7.193245e-08
2027 5.941285e-08
2028 4.575049e-08
2029 3.338710e-08
2030 2.348586e-08
2031 1.571437e-08
2032 9.899133e-09
2033 6.211517e-09
2034 3.885869e-09
2035 2.479303e-09
2036 1.615752e-09
2037 1.066790e-09
2038 7.022883e-10
2039 4.528223e-10
2040 1.024514e-07
2041 9.434624e-08
2042 8.121005e-08
2043 6.506998e-08
2044 4.887775e-08
2045 3.508156e-08
2046 2.419567e-08
2047 1.570993e-08
2048 9.781564e-09
2049 6.070378e-09
2050 3.775190e-09
2051 2.389273e-09
2052 1.539269e-09
2053 9.996277e-10
2054 6.442744e-10
2055 2.108624e-07
2056 2.158985e-07
2057 2.101432e-07
2058 1.926092e-07
2059 1.648232e-07
2060 1.311159e-07
2061 9.771513e-08
2062 6.955115e-08
2063 4.747416e-08
2064 3.013881e-08
2065 1.822037e-08
2066 1.082650e-08
2067 6.348791e-09
2068 3.716475e-09
2069 2.192121e-09
