0 3.254453e-09
1 2.320562e-09
2 1.605015e-09
3 1.091828e-09
4 7.416471e-10
5 5.061720e-10
6 3.462893e-10
7 2.346126e-10
8 1.566763e-10
9 1.024640e-10
10 6.497156e-11
11 3.977412e-11
12 2.349989e-11
13 1.345300e-11
14 7.508007e-12
15 4.761446e-09
16 3.378114e-09
17 2.310118e-09
18 1.537006e-09
19 1.016084e-09
20 6.780222e-10
21 4.587572e-10
22 3.128372e-10
23 2.128826e-10
24 1.426911e-10
25 9.280402e-11
26 5.798620e-11
27 3.460673e-11
28 1.973037e-11
29 1.079436e-11
30 5.588807e-09
31 3.985464e-09
32 2.732831e-09
33 1.820517e-09
34 1.197063e-09
35 7.881472e-10
36 5.279062e-10
37 3.582340e-10
38 2.443191e-10
39 1.650158e-10
40 1.086395e-10
41 6.886673e-11
42 4.170858e-11
43 2.407894e-11
44 1.327659e-11
45 6.284401e-09
46 4.530308e-09
47 3.129537e-09
48 2.098144e-09
49 1.387777e-09
50 9.089678e-10
51 6.039054e-10
52 4.065866e-10
53 2.762020e-10
54 1.866377e-10
55 1.235507e-10
56 7.910030e-11
57 4.856364e-11
58 2.847991e-11
59 1.595756e-11
60 6.967992e-09
61 5.098020e-09
62 3.565230e-09
63 2.413136e-09
64 1.612051e-09
65 1.060075e-09
66 6.987954e-10
67 4.671427e-10
68 3.147712e-10
69 2.117738e-10
70 1.403315e-10
71 9.045175e-11
72 5.618766e-11
73 3.348980e-11
74 1.913139e-11
75 7.612020e-09
76 5.654584e-09
77 4.007931e-09
78 2.740494e-09
79 1.847776e-09
80 1.225153e-09
81 8.034096e-10
82 5.337657e-10
83 3.563446e-10
84 2.383510e-10
85 1.577047e-10
86 1.020195e-10
87 6.396153e-11
88 3.865909e-11
89 2.247684e-11
90 8.243060e-09
91 6.220463e-09
92 4.475021e-09
93 3.094772e-09
94 2.105285e-09
95 1.409408e-09
96 9.244997e-10
97 6.094370e-10
98 4.034807e-10
99 2.679385e-10
100 1.766318e-10
101 1.144386e-10
102 7.224275e-11
103 4.418680e-11
104 2.609988e-11
105 8.899564e-09
106 6.826210e-09
107 4.992633e-09
108 3.499627e-09
109 2.403132e-09
110 1.624649e-09
111 1.071705e-09
112 7.007452e-10
113 4.609276e-10
114 3.032690e-10
115 1.987948e-10
116 1.286897e-10
117 8.161386e-11
118 5.040716e-11
119 3.020157e-11
120 9.632167e-09
121 7.521534e-09
122 5.606453e-09
123 3.995824e-09
124 2.775948e-09
125 1.895627e-09
126 1.262606e-09
127 8.218882e-10
128 5.367335e-10
129 3.494530e-10
130 2.272075e-10
131 1.465526e-10
132 9.312956e-11
133 5.796578e-11
134 3.517666e-11
135 1.008689e-08
136 8.034739e-09
137 6.126399e-09
138 4.462708e-09
139 3.150477e-09
140 2.178026e-09
141 1.470331e-09
142 9.610573e-10
143 6.213723e-10
144 4.004494e-10
145 2.572559e-10
146 1.644725e-10
147 1.042085e-10
148 6.510226e-11
149 3.991117e-11
150 7.806800e-09
151 5.595044e-09
152 3.861510e-09
153 2.551503e-09
154 1.656491e-09
155 1.085809e-09
156 7.241761e-10
157 4.927278e-10
158 3.386446e-10
159 2.313784e-10
160 1.541908e-10
161 9.874940e-11
162 6.018255e-11
163 3.477310e-11
164 1.909508e-11
165 9.528059e-09
166 6.883038e-09
167 4.791217e-09
168 3.190691e-09
169 2.064256e-09
170 1.342730e-09
171 8.869734e-10
172 5.992936e-10
173 4.112705e-10
174 2.822124e-10
175 1.898725e-10
176 1.232099e-10
177 7.620716e-11
178 4.466956e-11
179 2.482330e-11
180 1.070315e-08
181 7.781193e-09
182 5.447182e-09
183 3.648546e-09
184 2.364716e-09
185 1.533264e-09
186 1.007570e-09
187 6.773076e-10
188 4.635442e-10
189 3.182721e-10
190 2.149918e-10
191 1.404429e-10
192 8.760876e-11
193 5.183861e-11
194 2.907215e-11
195 1.166372e-08
196 8.533801e-09
197 6.008039e-09
198 4.045461e-09
199 2.630872e-09
200 1.706788e-09
201 1.117145e-09
202 7.481350e-10
203 5.102848e-10
204 3.498243e-10
205 2.366475e-10
206 1.552092e-10
207 9.741001e-11
208 5.807703e-11
209 3.284543e-11
210 1.246566e-08
211 9.175652e-09
212 6.496163e-09
213 4.395300e-09
214 2.868878e-09
215 1.865627e-09
216 1.218034e-09
217 8.130343e-10
218 5.523829e-10
219 3.778668e-10
220 2.556343e-10
221 1.680661e-10
222 1.059539e-10
223 6.356434e-11
224 3.621954e-11
225 1.318081e-08
226 9.761978e-09
227 6.952203e-09
228 4.728118e-09
229 3.098112e-09
230 2.021819e-09
231 1.319384e-09
232 8.774039e-10
233 5.937396e-10
234 4.050315e-10
235 2.737210e-10
236 1.801786e-10
237 1.139817e-10
238 6.875046e-11
239 3.945399e-11
240 1.386743e-08
241 1.033808e-08
242 7.412350e-09
243 5.071879e-09
244 3.338440e-09
245 2.188116e-09
246 1.430552e-09
247 9.474665e-10
248 6.388460e-10
249 4.340232e-10
250 2.926406e-10
251 1.926505e-10
252 1.221862e-10
253 7.406007e-11
254 4.280011e-11
255 1.458579e-08
256 1.095550e-08
257 7.919667e-09
258 5.461920e-09
259 3.617385e-09
260 2.383301e-09
261 1.564652e-09
262 1.033386e-09
263 6.935645e-10
264 4.685915e-10
265 3.147813e-10
266 2.069681e-10
267 1.314739e-10
268 8.004211e-11
269 4.658916e-11
270 1.474498e-08
271 1.117159e-08
272 8.159569e-09
273 5.690368e-09
274 3.806219e-09
275 2.527530e-09
276 1.672022e-09
277 1.105268e-09
278 7.369763e-10
279 4.943755e-10
280 3.297007e-10
281 2.157503e-10
282 1.368921e-10
283 8.356530e-11
284 4.896813e-11
285 1.223440e-08
286 8.950132e-09
287 6.307941e-09
288 4.265331e-09
289 2.763793e-09
290 1.784849e-09
291 1.166563e-09
292 7.798054e-10
293 5.320651e-10
294 3.655372e-10
295 2.480981e-10
296 1.633725e-10
297 1.029341e-10
298 6.154467e-11
299 3.484066e-11
300 1.417164e-08
301 1.046042e-08
302 7.424985e-09
303 5.066624e-09
304 3.300700e-09
305 2.123220e-09
306 1.381073e-09
307 9.166460e-10
308 6.222493e-10
309 4.269930e-10
310 2.907921e-10
311 1.928903e-10
312 1.227750e-10
313 7.427434e-11
314 4.255001e-11
315 1.567177e-08
316 1.163872e-08
317 8.301271e-09
318 5.697033e-09
319 3.726941e-09
320 2.393381e-09
321 1.552305e-09
322 1.025718e-09
323 6.937805e-10
324 4.754454e-10
325 3.243552e-10
326 2.160579e-10
327 1.383669e-10
328 8.431801e-11
329 4.865924e-11
330 1.685221e-08
331 1.257140e-08
332 8.998258e-09
333 6.199737e-09
334 4.067765e-09
335 2.611239e-09
336 1.690767e-09
337 1.113745e-09
338 7.512685e-10
339 5.142756e-10
340 3.510683e-10
341 2.344613e-10
342 1.507513e-10
343 9.230937e-11
344 5.355118e-11
345 1.784630e-08
346 1.336034e-08
347 9.592361e-09
348 6.630212e-09
349 4.360524e-09
350 2.799676e-09
351 1.810815e-09
352 1.190273e-09
353 8.010130e-10
354 5.476451e-10
355 3.739614e-10
356 2.501926e-10
357 1.613075e-10
358 9.912715e-11
359 5.774535e-11
360 1.874907e-08
361 1.408322e-08
362 1.014063e-08
363 7.031068e-09
364 4.634087e-09
365 2.977050e-09
366 1.925570e-09
367 1.262739e-09
368 8.481635e-10
369 5.791624e-10
370 3.953878e-10
371 2.648015e-10
372 1.711175e-10
373 1.054724e-10
374 6.164285e-11
375 1.964319e-08
376 1.480463e-08
377 1.069441e-08
378 7.438679e-09
379 4.915272e-09
380 3.160862e-09
381 2.045725e-09
382 1.339210e-09
383 8.978120e-10
384 6.119097e-10
385 4.174598e-10
386 2.797364e-10
387 1.810743e-10
388 1.118999e-10
389 6.561346e-11
390 1.965590e-08
391 1.486051e-08
392 1.076712e-08
393 7.516696e-09
394 4.984123e-09
395 3.212355e-09
396 2.083268e-09
397 1.363792e-09
398 9.120445e-10
399 6.200656e-10
400 4.220767e-10
401 2.824985e-10
402 1.828842e-10
403 1.131542e-10
404 6.653261e-11
405 1.695126e-08
406 1.268076e-08
407 9.086805e-09
408 6.274435e-09
409 4.133165e-09
410 2.649171e-09
411 1.714857e-09
412 1.127020e-09
413 7.587440e-10
414 5.186687e-10
415 3.540200e-10
416 2.366976e-10
417 1.525334e-10
418 9.369279e-11
419 5.455426e-11
420 1.920250e-08
421 1.450252e-08
422 1.046197e-08
423 7.276655e-09
424 4.831757e-09
425 3.095795e-09
426 1.997271e-09
427 1.304386e-09
428 8.731202e-10
429 5.949041e-10
430 4.062853e-10
431 2.728424e-10
432 1.771515e-10
433 1.098628e-10
434 6.464765e-11
435 2.095889e-08
436 1.592695e-08
437 1.153812e-08
438 8.060686e-09
439 5.379370e-09
440 3.446276e-09
441 2.218625e-09
442 1.443469e-09
443 9.627035e-10
444 6.545798e-10
445 4.471683e-10
446 3.011067e-10
447 1.964061e-10
448 1.225184e-10
449 7.255526e-11
450 2.241090e-08
451 1.710439e-08
452 1.242665e-08
453 8.708310e-09
454 5.831538e-09
455 3.736216e-09
456 2.401446e-09
457 1.558514e-09
458 1.036752e-09
459 7.039025e-10
460 4.809593e-10
461 3.244687e-10
462 2.123211e-10
463 1.329786e-10
464 7.909071e-11
465 2.370473e-08
466 1.815208e-08
467 1.321870e-08
468 9.285670e-09
469 6.234219e-09
470 3.994367e-09
471 2.564559e-09
472 1.660852e-09
473 1.102697e-09
474 7.477694e-10
475 5.110074e-10
476 3.452763e-10
477 2.264962e-10
478 1.422949e-10
479 8.490388e-11
480 2.495830e-08
481 1.916916e-08
482 1.398733e-08
483 9.845345e-09
484 6.624723e-09
485 4.244221e-09
486 2.722089e-09
487 1.760048e-09
488 1.166633e-09
489 7.903974e-10
490 5.401839e-10
491 3.654106e-10
492 2.402244e-10
493 1.513165e-10
494 9.054053e-11
495 2.501171e-08
496 1.924739e-08
497 1.405943e-08
498 9.908831e-09
499 6.680924e-09
500 4.281702e-09
501 2.744493e-09
502 1.772762e-09
503 1.173486e-09
504 7.941982e-10
505 5.426299e-10
506 3.672338e-10
507 2.416840e-10
508 1.524839e-10
509 9.142201e-11
510 2.231886e-08
511 1.709878e-08
512 1.245595e-08
513 8.741728e-09
514 5.875027e-09
515 3.777956e-09
516 2.425426e-09
517 1.572543e-09
518 1.043404e-09
519 7.065580e-10
520 4.819137e-10
521 3.249652e-10
522 2.128538e-10
523 1.336282e-10
524 7.976446e-11
525 2.485396e-08
526 1.923039e-08
527 1.410575e-08
528 9.957159e-09
529 6.744239e-09
530 4.353404e-09
531 2.784985e-09
532 1.798492e-09
533 1.186332e-09
534 7.996512e-10
535 5.446292e-10
536 3.680509e-10
537 2.423597e-10
538 1.533239e-10
539 9.235358e-11
540 2.695415e-08
541 2.099876e-08
542 1.547522e-08
543 1.096638e-08
544 7.465305e-09
545 4.831222e-09
546 3.083724e-09
547 1.986426e-09
548 1.305059e-09
549 8.769684e-10
550 5.967027e-10
551 4.038148e-10
552 2.668522e-10
553 1.696759e-10
554 1.028140e-10
555 2.882699e-08
556 2.257424e-08
557 1.669507e-08
558 1.186525e-08
559 8.107505e-09
560 5.256699e-09
561 3.349629e-09
562 2.153705e-09
563 1.410817e-09
564 9.457998e-10
565 6.430794e-10
566 4.356711e-10
567 2.886675e-10
568 1.842402e-10
569 1.121283e-10
570 3.064234e-08
571 2.410197e-08
572 1.787717e-08
573 1.273682e-08
574 8.729737e-09
575 5.669280e-09
576 3.607265e-09
577 2.315736e-09
578 1.513273e-09
579 1.012580e-09
580 6.880028e-10
581 4.665377e-10
582 3.098091e-10
583 1.983546e-10
584 1.211492e-10
585 3.094746e-08
586 2.441920e-08
587 1.815235e-08
588 1.295402e-08
589 8.902077e-09
590 5.790826e-09
591 3.681554e-09
592 2.360943e-09
593 1.539764e-09
594 1.028550e-09
595 6.981759e-10
596 4.735082e-10
597 3.148853e-10
598 2.020411e-10
599 1.237403e-10
600 2.822896e-08
601 2.215179e-08
602 1.641742e-08
603 1.167725e-08
604 7.988325e-09
605 5.200284e-09
606 3.314153e-09
607 2.131822e-09
608 1.394257e-09
609 9.330285e-10
610 6.331160e-10
611 4.283294e-10
612 2.836611e-10
613 1.811339e-10
614 1.104031e-10
615 3.111793e-08
616 2.466817e-08
617 1.842157e-08
618 1.317444e-08
619 9.072902e-09
620 5.943825e-09
621 3.781246e-09
622 2.425725e-09
623 1.577096e-09
624 1.049796e-09
625 7.102922e-10
626 4.806990e-10
627 3.194866e-10
628 2.052773e-10
629 1.261159e-10
630 3.369347e-08
631 2.691197e-08
632 2.020895e-08
633 1.450950e-08
634 1.003961e-08
635 6.606549e-09
636 4.197598e-09
637 2.687617e-09
638 1.739972e-09
639 1.153855e-09
640 7.790574e-10
641 5.273906e-10
642 3.514268e-10
643 2.267974e-10
644 1.401259e-10
645 3.619003e-08
646 2.908532e-08
647 2.194298e-08
648 1.580307e-08
649 1.097598e-08
650 7.248373e-09
651 4.600729e-09
652 2.941194e-09
653 1.897779e-09
654 1.254656e-09
655 8.456667e-10
656 5.725952e-10
657 3.823534e-10
658 2.476377e-10
659 1.536899e-10
660 3.688197e-08
661 2.978633e-08
662 2.255163e-08
663 1.628146e-08
664 1.134430e-08
665 7.517201e-09
666 4.768502e-09
667 3.045480e-09
668 1.959556e-09
669 1.292069e-09
670 8.692759e-10
671 5.883875e-10
672 3.933985e-10
673 2.554583e-10
674 1.591059e-10
675 3.488531e-08
676 2.804319e-08
677 2.118036e-08
678 1.526240e-08
679 1.059815e-08
680 7.014326e-09
681 4.464308e-09
682 2.853317e-09
683 1.841032e-09
684 1.216139e-09
685 8.184082e-10
686 5.531653e-10
687 3.688309e-10
688 2.386621e-10
689 1.481008e-10
690 3.832645e-08
691 3.114246e-08
692 2.372987e-08
693 1.720147e-08
694 1.201524e-08
695 8.011890e-09
696 5.105032e-09
697 3.253647e-09
698 2.088686e-09
699 1.371684e-09
700 9.190952e-10
701 6.203886e-10
702 4.144923e-10
703 2.695399e-10
704 1.684591e-10
705 4.166164e-08
706 3.414655e-08
707 2.619669e-08
708 1.908047e-08
709 1.338682e-08
710 8.977255e-09
711 5.725937e-09
712 3.640864e-09
713 2.328185e-09
714 1.522235e-09
715 1.016524e-09
716 6.854563e-10
717 4.586962e-10
718 2.994341e-10
719 1.881683e-10
720 4.292297e-08
721 3.542514e-08
722 2.733228e-08
723 1.997900e-08
724 1.407205e-08
725 9.485672e-09
726 6.057462e-09
727 3.845073e-09
728 2.451100e-09
729 1.596447e-09
730 1.062621e-09
731 7.155496e-10
732 4.792365e-10
733 3.137391e-10
734 1.980235e-10
735 4.279783e-08
736 3.528053e-08
737 2.722749e-08
738 1.991936e-08
739 1.401667e-08
740 9.444772e-09
741 6.052977e-09
742 3.840466e-09
743 2.452614e-09
744 1.597171e-09
745 1.062260e-09
746 7.143728e-10
747 4.777008e-10
748 3.122483e-10
749 1.968375e-10
750 4.722146e-08
751 3.939652e-08
752 3.072377e-08
753 2.264667e-08
754 1.603129e-08
755 1.088892e-08
756 7.014778e-09
757 4.436359e-09
758 2.823009e-09
759 1.825942e-09
760 1.206961e-09
761 8.089827e-10
762 5.411233e-10
763 3.550279e-10
764 2.252651e-10
765 4.930996e-08
766 4.154705e-08
767 3.269144e-08
768 2.424021e-08
769 1.724487e-08
770 1.179428e-08
771 7.634476e-09
772 4.815910e-09
773 3.055995e-09
774 1.965512e-09
775 1.292213e-09
776 8.632513e-10
777 5.772459e-10
778 3.797524e-10
779 2.421992e-10
780 5.306171e-08
781 4.499304e-08
782 3.563495e-08
783 2.658067e-08
784 1.897512e-08
785 1.302412e-08
786 8.484875e-09
787 5.352312e-09
788 3.393263e-09
789 2.173205e-09
790 1.422617e-09
791 9.469456e-10
792 6.320526e-10
793 4.158943e-10
794 2.658185e-10
795 5.647140e-08
796 4.857383e-08
797 3.901216e-08
798 2.941658e-08
799 2.115873e-08
800 1.465510e-08
801 9.644218e-09
802 6.082323e-09
803 3.843612e-09
804 2.441282e-09
805 1.584076e-09
806 1.046977e-09
807 6.966589e-10
808 4.590685e-10
809 2.950491e-10
810 6.186441e-08
811 5.435598e-08
812 4.465225e-08
813 3.434657e-08
814 2.505244e-08
815 1.757154e-08
816 1.177475e-08
817 7.489180e-09
818 4.703650e-09
819 2.959220e-09
820 1.891774e-09
821 1.232379e-09
822 8.122815e-10
823 5.339289e-10
824 3.447188e-10
825 0.000000e+00
826 0.000000e+00
827 0.000000e+00
828 0.000000e+00
829 0.000000e+00
830 0.000000e+00
831 0.000000e+00
832 0.000000e+00
833 0.000000e+00
834 0.000000e+00
835 0.000000e+00
836 0.000000e+00
837 0.000000e+00
838 0.000000e+00
839 0.000000e+00
840 0.000000e+00
841 0.000000e+00
842 0.000000e+00
843 0.000000e+00
844 0.000000e+00
845 0.000000e+00
846 0.000000e+00
847 0.000000e+00
848 0.000000e+00
849 0.000000e+00
850 0.000000e+00
851 0.000000e+00
852 0.000000e+00
853 0.000000e+00
854 0.000000e+00
855 0.000000e+00
856 0.000000e+00
857 0.000000e+00
858 0.000000e+00
859 0.000000e+00
860 0.000000e+00
861 0.000000e+00
862 0.000000e+00
863 0.000000e+00
864 0.000000e+00
865 0.000000e+00
866 0.000000e+00
867 0.000000e+00
868 0.000000e+00
869 0.000000e+00
870 0.000000e+00
871 0.000000e+00
872 0.000000e+00
873 0.000000e+00
874 0.000000e+00
875 0.000000e+00
876 0.000000e+00
877 0.000000e+00
878 0.000000e+00
879 0.000000e+00
880 0.000000e+00
881 0.000000e+00
882 0.000000e+00
883 0.000000e+00
884 0.000000e+00
885 0.000000e+00
886 0.000000e+00
887 0.000000e+00
888 0.000000e+00
889 0.000000e+00
890 0.000000e+00
891 0.000000e+00
892 0.000000e+00
893 0.000000e+00
894 0.000000e+00
895 0.000000e+00
896 0.000000e+00
897 0.000000e+00
898 0.000000e+00
899 0.000000e+00
900 0.000000e+00
901 0.000000e+00
902 0.000000e+00
903 0.000000e+00
904 0.000000e+00
905 0.000000e+00
906 0.000000e+00
907 0.000000e+00
908 0.000000e+00
909 0.000000e+00
910 0.000000e+00
911 0.000000e+00
912 0.000000e+00
913 0.000000e+00
914 0.000000e+00
915 0.000000e+00
916 0.000000e+00
917 0.000000e+00
918 0.000000e+00
919 0.000000e+00
920 0.000000e+00
921 0.000000e+00
922 0.000000e+00
923 0.000000e+00
924 0.000000e+00
925 0.000000e+00
926 0.000000e+00
927 0.000000e+00
928 0.000000e+00
929 0.000000e+00
930 0.000000e+00
931 0.000000e+00
932 0.000000e+00
933 0.000000e+00
934 0.000000e+00
935 0.000000e+00
936 0.000000e+00
937 0.000000e+00
938 0.000000e+00
939 0.000000e+00
940 0.000000e+00
941 0.000000e+00
942 0.000000e+00
943 0.000000e+00
944 0.000000e+00
945 0.000000e+00
946 0.000000e+00
947 0.000000e+00
948 0.000000e+00
949 0.000000e+00
950 0.000000e+00
951 0.000000e+00
952 0.000000e+00
953 0.000000e+00
954 0.000000e+00
955 0.000000e+00
956 0.000000e+00
957 0.000000e+00
958 0.000000e+00
959 0.000000e+00
960 2.948789e-07
961 2.351187e-07
962 1.769230e-07
963 1.338337e-07
964 9.027999e-08
965 5.669820e-08
966 3.534804e-08
967 2.207438e-08
968 0.000000e+00
969 0.000000e+00
970 0.000000e+00
971 0.000000e+00
972 0.000000e+00
973 0.000000e+00
974 0.000000e+00
975 4.395758e-07
976 3.549427e-07
977 2.676319e-07
978 2.026059e-07
979 1.393536e-07
980 8.723153e-08
981 5.466321e-08
982 3.398115e-08
983 0.000000e+00
984 0.000000e+00
985 0.000000e+00
986 0.000000e+00
987 0.000000e+00
988 0.000000e+00
989 0.000000e+00
990 5.554306e-07
991 4.515627e-07
992 3.411455e-07
993 2.582430e-07
994 1.793231e-07
995 1.122744e-07
996 7.050139e-08
997 4.372718e-08
998 0.000000e+00
999 0.000000e+00
1000 0.000000e+00
1001 0.000000e+00
1002 0.000000e+00
1003 0.000000e+00
1004 0.000000e+00
1005 6.453533e-07
1006 5.266285e-07
1007 3.982727e-07
1008 3.014606e-07
1009 2.103883e-07
1010 1.317624e-07
1011 8.281638e-08
1012 5.130971e-08
1013 0.000000e+00
1014 0.000000e+00
1015 0.000000e+00
1016 0.000000e+00
1017 0.000000e+00
1018 0.000000e+00
1019 0.000000e+00
1020 7.196964e-07
1021 5.887277e-07
1022 4.454996e-07
1023 3.372216e-07
1024 2.360691e-07
1025 1.478720e-07
1026 9.299740e-08
1027 5.757804e-08
1028 0.000000e+00
1029 0.000000e+00
1030 0.000000e+00
1031 0.000000e+00
1032 0.000000e+00
1033 0.000000e+00
1034 0.000000e+00
1035 7.859935e-07
1036 6.440706e-07
1037 4.876143e-07
1038 3.690958e-07
1039 2.589699e-07
1040 1.622403e-07
1041 1.020760e-07
1042 6.317134e-08
1043 0.000000e+00
1044 0.000000e+00
1045 0.000000e+00
1046 0.000000e+00
1047 0.000000e+00
1048 0.000000e+00
1049 0.000000e+00
1050 8.502759e-07
1051 6.977322e-07
1052 5.284525e-07
1053 4.000037e-07
1054 2.811769e-07
1055 1.761701e-07
1056 1.108789e-07
1057 6.859158e-08
1058 0.000000e+00
1059 0.000000e+00
1060 0.000000e+00
1061 0.000000e+00
1062 0.000000e+00
1063 0.000000e+00
1064 0.000000e+00
1065 8.656032e-07
1066 7.111868e-07
1067 5.388700e-07
1068 4.078495e-07
1069 2.871643e-07
1070 1.799490e-07
1071 1.132966e-07
1072 7.006402e-08
1073 0.000000e+00
1074 0.000000e+00
1075 0.000000e+00
1076 0.000000e+00
1077 0.000000e+00
1078 0.000000e+00
1079 0.000000e+00
1080 1.994677e-07
1081 1.751270e-07
1082 1.359182e-07
1083 1.019471e-07
1084 7.737993e-08
1085 4.921486e-08
1086 3.142349e-08
1087 1.909469e-08
1088 1.182787e-08
1089 0.000000e+00
1090 0.000000e+00
1091 0.000000e+00
1092 0.000000e+00
1093 0.000000e+00
1094 0.000000e+00
1095 3.233241e-07
1096 2.877168e-07
1097 2.256838e-07
1098 1.690517e-07
1099 1.287631e-07
1100 8.363300e-08
1101 5.295375e-08
1102 3.226154e-08
1103 1.993079e-08
1104 0.000000e+00
1105 0.000000e+00
1106 0.000000e+00
1107 0.000000e+00
1108 0.000000e+00
1109 0.000000e+00
1110 4.261272e-07
1111 3.817073e-07
1112 3.010856e-07
1113 2.255033e-07
1114 1.719226e-07
1115 1.128659e-07
1116 7.117083e-08
1117 4.345830e-08
1118 2.680532e-08
1119 0.000000e+00
1120 0.000000e+00
1121 0.000000e+00
1122 0.000000e+00
1123 0.000000e+00
1124 0.000000e+00
1125 5.112990e-07
1126 4.596111e-07
1127 3.636181e-07
1128 2.723351e-07
1129 2.077201e-07
1130 1.371227e-07
1131 8.629295e-08
1132 5.275887e-08
1133 3.251398e-08
1134 0.000000e+00
1135 0.000000e+00
1136 0.000000e+00
1137 0.000000e+00
1138 0.000000e+00
1139 0.000000e+00
1140 5.871956e-07
1141 5.290273e-07
1142 4.193341e-07
1143 3.140475e-07
1144 2.396164e-07
1145 1.587372e-07
1146 9.976848e-08
1147 6.104446e-08
1148 3.759982e-08
1149 0.000000e+00
1150 0.000000e+00
1151 0.000000e+00
1152 0.000000e+00
1153 0.000000e+00
1154 0.000000e+00
1155 6.607985e-07
1156 5.963228e-07
1157 4.733442e-07
1158 3.545100e-07
1159 2.705382e-07
1160 1.796984e-07
1161 1.128367e-07
1162 6.907956e-08
1163 4.253190e-08
1164 0.000000e+00
1165 0.000000e+00
1166 0.000000e+00
1167 0.000000e+00
1168 0.000000e+00
1169 0.000000e+00
1170 6.970612e-07
1171 6.300221e-07
1172 5.007464e-07
1173 3.750370e-07
1174 2.862567e-07
1175 1.905964e-07
1176 1.195773e-07
1177 7.324599e-08
1178 4.508083e-08
1179 0.000000e+00
1180 0.000000e+00
1181 0.000000e+00
1182 0.000000e+00
1183 0.000000e+00
1184 0.000000e+00
1185 1.514507e-07
1186 1.434548e-07
1187 1.187416e-07
1188 8.909307e-08
1189 6.796810e-08
1190 4.877109e-08
1191 2.964209e-08
1192 1.854928e-08
1193 1.130171e-08
1194 6.985958e-09
1195 0.000000e+00
1196 0.000000e+00
1197 0.000000e+00
1198 0.000000e+00
1199 0.000000e+00
1200 2.539425e-07
1201 2.430696e-07
1202 2.036419e-07
1203 1.535870e-07
1204 1.166726e-07
1205 8.507587e-08
1206 5.172392e-08
1207 3.264060e-08
1208 1.979251e-08
1209 1.216645e-08
1210 0.000000e+00
1211 0.000000e+00
1212 0.000000e+00
1213 0.000000e+00
1214 0.000000e+00
1215 3.441135e-07
1216 3.310539e-07
1217 2.790323e-07
1218 2.110675e-07
1219 1.600191e-07
1220 1.174850e-07
1221 7.158437e-08
1222 4.530527e-08
1223 2.740858e-08
1224 1.680952e-08
1225 0.000000e+00
1226 0.000000e+00
1227 0.000000e+00
1228 0.000000e+00
1229 0.000000e+00
1230 4.244368e-07
1231 4.094359e-07
1232 3.462121e-07
1233 2.623060e-07
1234 1.986605e-07
1235 1.463733e-07
1236 8.929911e-08
1237 5.658702e-08
1238 3.420068e-08
1239 2.095016e-08
1240 0.000000e+00
1241 0.000000e+00
1242 0.000000e+00
1243 0.000000e+00
1244 0.000000e+00
1245 5.022858e-07
1246 4.854000e-07
1247 4.113154e-07
1248 3.119585e-07
1249 2.361063e-07
1250 1.743671e-07
1251 1.064685e-07
1252 6.752389e-08
1253 4.078207e-08
1254 2.496240e-08
1255 0.000000e+00
1256 0.000000e+00
1257 0.000000e+00
1258 0.000000e+00
1259 0.000000e+00
1260 5.537913e-07
1261 5.359781e-07
1262 4.549792e-07
1263 3.453775e-07
1264 2.612525e-07
1265 1.933122e-07
1266 1.181124e-07
1267 7.496556e-08
1268 4.525003e-08
1269 2.767948e-08
1270 0.000000e+00
1271 0.000000e+00
1272 0.000000e+00
1273 0.000000e+00
1274 0.000000e+00
1275 1.191636e-07
1276 1.193042e-07
1277 1.054071e-07
1278 8.170205e-08
1279 6.101595e-08
1280 4.688927e-08
1281 2.927137e-08
1282 1.883958e-08
1283 1.121108e-08
1284 6.774191e-09
1285 0.000000e+00
1286 0.000000e+00
1287 0.000000e+00
1288 0.000000e+00
1289 0.000000e+00
1290 2.068647e-07
1291 2.087847e-07
1292 1.865190e-07
1293 1.458768e-07
1294 1.087893e-07
1295 8.374632e-08
1296 5.337415e-08
1297 3.403656e-08
1298 2.026712e-08
1299 1.224166e-08
1300 0.000000e+00
1301 0.000000e+00
1302 0.000000e+00
1303 0.000000e+00
1304 0.000000e+00
1305 2.887747e-07
1306 2.925673e-07
1307 2.627438e-07
1308 2.064234e-07
1309 1.538875e-07
1310 1.185009e-07
1311 7.630191e-08
1312 4.842101e-08
1313 2.886993e-08
1314 1.743089e-08
1315 0.000000e+00
1316 0.000000e+00
1317 0.000000e+00
1318 0.000000e+00
1319 0.000000e+00
1320 3.679749e-07
1321 3.735849e-07
1322 3.364477e-07
1323 2.649710e-07
1324 1.975005e-07
1325 1.521089e-07
1326 9.847316e-08
1327 6.233303e-08
1328 3.719247e-08
1329 2.244996e-08
1330 0.000000e+00
1331 0.000000e+00
1332 0.000000e+00
1333 0.000000e+00
1334 0.000000e+00
1335 4.300244e-07
1336 4.372407e-07
1337 3.945913e-07
1338 3.113110e-07
1339 2.320114e-07
1340 1.787090e-07
1341 1.161463e-07
1342 7.338632e-08
1343 4.381041e-08
1344 2.644022e-08
1345 0.000000e+00
1346 0.000000e+00
1347 0.000000e+00
1348 0.000000e+00
1349 0.000000e+00
1350 9.801759e-08
1351 1.023586e-07
1352 9.579242e-08
1353 7.800889e-08
1354 5.810181e-08
1355 4.466331e-08
1356 3.112855e-08
1357 1.895273e-08
1358 1.146485e-08
1359 6.903985e-09
1360 0.000000e+00
1361 0.000000e+00
1362 0.000000e+00
1363 0.000000e+00
1364 0.000000e+00
1365 1.778173e-07
1366 1.868655e-07
1367 1.764843e-07
1368 1.451878e-07
1369 1.084624e-07
1370 8.304240e-08
1371 5.895576e-08
1372 3.559672e-08
1373 2.178830e-08
1374 1.307435e-08
1375 0.000000e+00
1376 0.000000e+00
1377 0.000000e+00
1378 0.000000e+00
1379 0.000000e+00
1380 2.574251e-07
1381 2.712878e-07
1382 2.572717e-07
1383 2.126336e-07
1384 1.591014e-07
1385 1.215914e-07
1386 8.699667e-08
1387 5.239063e-08
1388 3.223161e-08
1389 1.930793e-08
1390 0.000000e+00
1391 0.000000e+00
1392 0.000000e+00
1393 0.000000e+00
1394 0.000000e+00
1395 3.271786e-07
1396 3.453699e-07
1397 3.283150e-07
1398 2.720807e-07
1399 2.037714e-07
1400 1.555666e-07
1401 1.118017e-07
1402 6.722942e-08
1403 4.148070e-08
1404 2.482479e-08
1405 0.000000e+00
1406 0.000000e+00
1407 0.000000e+00
1408 0.000000e+00
1409 0.000000e+00
1410 8.584680e-08
1411 9.274221e-08
1412 9.114367e-08
1413 7.845338e-08
1414 5.965604e-08
1415 4.486597e-08
1416 3.403579e-08
1417 2.027874e-08
1418 1.301212e-08
1419 7.674835e-09
1420 4.513529e-09
1421 0.000000e+00
1422 0.000000e+00
1423 0.000000e+00
1424 0.000000e+00
1425 1.639677e-07
1426 1.780047e-07
1427 1.762003e-07
1428 1.531056e-07
1429 1.171404e-07
1430 8.783815e-08
1431 6.705674e-08
1432 4.040926e-08
1433 2.598191e-08
1434 1.526694e-08
1435 8.961161e-09
1436 0.000000e+00
1437 0.000000e+00
1438 0.000000e+00
1439 0.000000e+00
1440 2.396131e-07
1441 2.606890e-07
1442 2.588628e-07
1443 2.258734e-07
1444 1.733015e-07
1445 1.297955e-07
1446 9.932707e-08
1447 6.018729e-08
1448 3.870334e-08
1449 2.270965e-08
1450 1.332199e-08
1451 0.000000e+00
1452 0.000000e+00
1453 0.000000e+00
1454 0.000000e+00
1455 8.136233e-08
1456 9.053285e-08
1457 9.287991e-08
1458 8.462680e-08
1459 6.705544e-08
1460 4.977982e-08
1461 3.860966e-08
1462 2.515247e-08
1463 1.585281e-08
1464 9.225748e-09
1465 5.423735e-09
1466 0.000000e+00
1467 0.000000e+00
1468 0.000000e+00
1469 0.000000e+00
1470 1.612301e-07
1471 1.800779e-07
1472 1.857555e-07
1473 1.705729e-07
1474 1.361679e-07
1475 1.011194e-07
1476 7.828928e-08
1477 5.196009e-08
1478 3.236826e-08
1479 1.892079e-08
1480 1.113116e-08
1481 0.000000e+00
1482 0.000000e+00
1483 0.000000e+00
1484 0.000000e+00
1485 8.713512e-08
1486 9.972651e-08
1487 1.065029e-07
1488 1.027903e-07
1489 8.645044e-08
1490 6.494231e-08
1491 4.932724e-08
1492 3.641015e-08
1493 2.139544e-08
1494 1.324930e-08
1495 7.724400e-09
1496 4.435623e-09
1497 0.000000e+00
1498 0.000000e+00
1499 0.000000e+00
1500 4.118748e-05
1501 3.068332e-05
1502 2.226866e-05
1503 1.489891e-05
1504 9.443757e-06
1505 6.002989e-06
1506 0.000000e+00
1507 0.000000e+00
1508 0.000000e+00
1509 0.000000e+00
1510 0.000000e+00
1511 0.000000e+00
1512 0.000000e+00
1513 0.000000e+00
1514 0.000000e+00
1515 3.186585e-05
1516 2.608518e-05
1517 1.960246e-05
1518 1.497430e-05
1519 1.053767e-05
1520 6.529681e-06
1521 4.100329e-06
1522 2.539679e-06
1523 0.000000e+00
1524 0.000000e+00
1525 0.000000e+00
1526 0.000000e+00
1527 0.000000e+00
1528 0.000000e+00
1529 0.000000e+00
1530 2.391331e-05
1531 2.168850e-05
1532 1.719528e-05
1533 1.281371e-05
1534 9.882431e-06
1535 6.520426e-06
1536 4.125258e-06
1537 2.498954e-06
1538 1.539270e-06
1539 0.000000e+00
1540 0.000000e+00
1541 0.000000e+00
1542 0.000000e+00
1543 0.000000e+00
1544 0.000000e+00
1545 1.834829e-05
1546 1.782694e-05
1547 1.515795e-05
1548 1.146939e-05
1549 8.667534e-06
1550 6.485538e-06
1551 3.891594e-06
1552 2.490938e-06
1553 1.503934e-06
1554 9.174440e-07
1555 0.000000e+00
1556 0.000000e+00
1557 0.000000e+00
1558 0.000000e+00
1559 0.000000e+00
1560 1.408013e-05
1561 1.436698e-05
1562 1.301017e-05
1563 1.026416e-05
1564 7.626103e-06
1565 5.910356e-06
1566 3.828674e-06
1567 2.438408e-06
1568 1.444134e-06
1569 8.715964e-07
1570 0.000000e+00
1571 0.000000e+00
1572 0.000000e+00
1573 0.000000e+00
1574 0.000000e+00
1575 1.104370e-05
1576 1.169338e-05
1577 1.115861e-05
1578 9.269097e-06
1579 6.930785e-06
1580 5.289533e-06
1581 3.836655e-06
1582 2.281809e-06
1583 1.407646e-06
1584 8.437064e-07
1585 0.000000e+00
1586 0.000000e+00
1587 0.000000e+00
1588 0.000000e+00
1589 0.000000e+00
1590 8.676166e-06
1591 9.465505e-06
1592 9.435366e-06
1593 8.264860e-06
1594 6.345701e-06
1595 4.741764e-06
1596 3.655344e-06
1597 2.201606e-06
1598 1.430893e-06
1599 8.378243e-07
1600 4.885257e-07
1601 0.000000e+00
1602 0.000000e+00
1603 0.000000e+00
1604 0.000000e+00
1605 6.680743e-06
1606 7.482645e-06
1607 7.748824e-06
1608 7.151469e-06
1609 5.728647e-06
1610 4.248381e-06
1611 3.292622e-06
1612 2.205158e-06
1613 1.368642e-06
1614 7.966810e-07
1615 4.702729e-07
1616 0.000000e+00
1617 0.000000e+00
1618 0.000000e+00
1619 0.000000e+00
1620 4.771843e-06
1621 5.481072e-06
1622 5.882851e-06
1623 5.718317e-06
1624 4.846816e-06
1625 3.649593e-06
1626 2.762182e-06
1627 2.067667e-06
1628 1.205103e-06
1629 7.555319e-07
1630 4.392753e-07
1631 2.509789e-07
1632 0.000000e+00
1633 0.000000e+00
1634 0.000000e+00
1635 2.918733e-06
1636 3.441811e-06
1637 3.830339e-06
1638 3.925816e-06
1639 3.568404e-06
1640 2.818958e-06
1641 2.092495e-06
1642 1.626705e-06
1643 1.045060e-06
1644 6.608496e-07
1645 3.777723e-07
1646 2.147701e-07
1647 0.000000e+00
1648 0.000000e+00
1649 0.000000e+00
1650 0.000000e+00
1651 0.000000e+00
1652 0.000000e+00
1653 0.000000e+00
1654 0.000000e+00
1655 0.000000e+00
1656 0.000000e+00
1657 0.000000e+00
1658 0.000000e+00
1659 0.000000e+00
1660 0.000000e+00
1661 0.000000e+00
1662 0.000000e+00
1663 0.000000e+00
1664 0.000000e+00
1665 1.153173e-06
1666 9.515833e-07
1667 7.226832e-07
1668 5.479183e-07
1669 3.882245e-07
1670 2.439908e-07
1671 1.540508e-07
1672 9.545398e-08
1673 0.000000e+00
1674 0.000000e+00
1675 0.000000e+00
1676 0.000000e+00
1677 0.000000e+00
1678 0.000000e+00
1679 0.000000e+00
1680 1.005930e-06
1681 9.124199e-07
1682 7.275105e-07
1683 5.452942e-07
1684 4.166179e-07
1685 2.788981e-07
1686 1.748140e-07
1687 1.072887e-07
1688 6.606610e-08
1689 0.000000e+00
1690 0.000000e+00
1691 0.000000e+00
1692 0.000000e+00
1693 0.000000e+00
1694 0.000000e+00
1695 8.666127e-07
1696 8.410910e-07
1697 7.162294e-07
1698 5.445381e-07
1699 4.115168e-07
1700 3.055088e-07
1701 1.868887e-07
1702 1.187617e-07
1703 7.161325e-08
1704 4.376145e-08
1705 0.000000e+00
1706 0.000000e+00
1707 0.000000e+00
1708 0.000000e+00
1709 0.000000e+00
1710 7.386356e-07
1711 7.528506e-07
1712 6.815527e-07
1713 5.391381e-07
1714 4.017422e-07
1715 3.095062e-07
1716 2.023165e-07
1717 1.274795e-07
1718 7.616014e-08
1719 4.595485e-08
1720 0.000000e+00
1721 0.000000e+00
1722 0.000000e+00
1723 0.000000e+00
1724 0.000000e+00
1725 6.292060e-07
1726 6.656472e-07
1727 6.346832e-07
1728 5.276954e-07
1729 3.956661e-07
1730 3.016871e-07
1731 2.179664e-07
1732 1.308398e-07
1733 8.100883e-08
1734 4.842497e-08
1735 0.000000e+00
1736 0.000000e+00
1737 0.000000e+00
1738 0.000000e+00
1739 0.000000e+00
1740 5.339217e-07
1741 5.821146e-07
1742 5.797366e-07
1743 5.077381e-07
1744 3.905488e-07
1745 2.922018e-07
1746 2.240683e-07
1747 1.364434e-07
1748 8.774819e-08
1749 5.142287e-08
1750 3.015133e-08
1751 0.000000e+00
1752 0.000000e+00
1753 0.000000e+00
1754 0.000000e+00
1755 4.468384e-07
1756 5.002197e-07
1757 5.175934e-07
1758 4.773601e-07
1759 3.826736e-07
1760 2.842624e-07
1761 2.198381e-07
1762 1.473857e-07
1763 9.123064e-08
1764 5.347821e-08
1765 3.146884e-08
1766 0.000000e+00
1767 0.000000e+00
1768 0.000000e+00
1769 0.000000e+00
1770 3.634254e-07
1771 4.172981e-07
1772 4.476142e-07
1773 4.347750e-07
1774 3.685182e-07
1775 2.778664e-07
1776 2.103569e-07
1777 1.568447e-07
1778 9.219693e-08
1779 5.768719e-08
1780 3.352869e-08
1781 1.915084e-08
1782 0.000000e+00
1783 0.000000e+00
1784 0.000000e+00
1785 6.033933e-07
1786 5.826518e-07
1787 5.593537e-07
1788 5.179958e-07
1789 4.439095e-07
1790 3.407574e-07
1791 2.486550e-07
1792 1.886789e-07
1793 1.238267e-07
1794 7.810785e-08
1795 4.622492e-08
1796 2.699834e-08
1797 0.000000e+00
1798 0.000000e+00
1799 0.000000e+00
1800 1.376045e-08
1801 1.158472e-08
1802 9.361632e-09
1803 7.194220e-09
1804 5.283253e-09
1805 3.750868e-09
1806 2.596984e-09
1807 1.723938e-09
1808 1.096045e-09
1809 6.939462e-10
1810 4.344699e-10
1811 2.724429e-10
1812 1.711456e-10
1813 1.074471e-10
1814 6.704960e-11
1815 1.840017e-08
1816 1.437153e-08
1817 1.086893e-08
1818 7.862019e-09
1819 5.429009e-09
1820 3.688913e-09
1821 2.485828e-09
1822 1.658373e-09
1823 1.088999e-09
1824 7.173919e-10
1825 4.687521e-10
1826 3.026602e-10
1827 1.912474e-10
1828 1.174982e-10
1829 7.001653e-11
1830 2.398986e-08
1831 1.836901e-08
1832 1.348441e-08
1833 9.548315e-09
1834 6.408006e-09
1835 4.157851e-09
1836 2.709943e-09
1837 1.774761e-09
1838 1.178278e-09
1839 7.952833e-10
1840 5.382076e-10
1841 3.596244e-10
1842 2.333586e-10
1843 1.452573e-10
1844 8.618299e-11
1845 3.083685e-08
1846 2.393456e-08
1847 1.758689e-08
1848 1.246850e-08
1849 8.455292e-09
1850 5.417099e-09
1851 3.461882e-09
1852 2.225414e-09
1853 1.466296e-09
1854 9.898444e-10
1855 6.768924e-10
1856 4.599521e-10
1857 3.046032e-10
1858 1.936256e-10
1859 1.169780e-10
1860 3.915778e-08
1861 3.125736e-08
1862 2.341943e-08
1863 1.681892e-08
1864 1.164613e-08
1865 7.600331e-09
1866 4.814565e-09
1867 3.074773e-09
1868 1.993131e-09
1869 1.325172e-09
1870 8.985064e-10
1871 6.111457e-10
1872 4.088607e-10
1873 2.644901e-10
1874 1.634378e-10
1875 4.789101e-08
1876 3.927643e-08
1877 3.005205e-08
1878 2.186226e-08
1879 1.536078e-08
1880 1.025378e-08
1881 6.488290e-09
1882 4.128576e-09
1883 2.636254e-09
1884 1.726788e-09
1885 1.157632e-09
1886 7.843794e-10
1887 5.272486e-10
1888 3.452791e-10
1889 2.172438e-10
1890 5.729334e-08
1891 4.820333e-08
1892 3.774449e-08
1893 2.786518e-08
1894 1.980649e-08
1895 1.349528e-08
1896 8.632908e-09
1897 5.452769e-09
1898 3.448903e-09
1899 2.226931e-09
1900 1.472547e-09
1901 9.900393e-10
1902 6.656354e-10
1903 4.393895e-10
1904 2.804426e-10
1905 6.795023e-08
1906 5.866294e-08
1907 4.708669e-08
1908 3.540442e-08
1909 2.545374e-08
1910 1.764246e-08
1911 1.151408e-08
1912 7.222951e-09
1913 4.554701e-09
1914 2.895627e-09
1915 1.883587e-09
1916 1.251437e-09
1917 8.377691e-10
1918 5.551433e-10
1919 3.582497e-10
1920 8.108974e-08
1921 7.194375e-08
1922 5.943306e-08
1923 4.577007e-08
1924 3.339772e-08
1925 2.349758e-08
1926 1.572519e-08
1927 9.905390e-09
1928 6.219379e-09
1929 3.893254e-09
1930 2.487760e-09
1931 1.625078e-09
1932 1.076694e-09
1933 7.124199e-10
1934 4.630606e-10
1935 9.525238e-08
1936 8.749845e-08
1937 7.515652e-08
1938 6.009850e-08
1939 4.507011e-08
1940 3.231484e-08
1941 2.226821e-08
1942 1.444025e-08
1943 8.996004e-09
1944 5.588284e-09
1945 3.482948e-09
1946 2.210639e-09
1947 1.429653e-09
1948 9.329159e-10
1949 6.054212e-10
1950 2.107089e-07
1951 2.158247e-07
1952 2.101588e-07
1953 1.926644e-07
1954 1.648907e-07
1955 1.311748e-07
1956 9.773303e-08
1957 6.956183e-08
1958 4.749487e-08
1959 3.016311e-08
1960 1.823173e-08
1961 1.083848e-08
1962 6.362290e-09
1963 3.732305e-09
1964 2.209040e-09
