0 1.854950e-09
1 1.243375e-09
2 8.146007e-10
3 5.365279e-10
4 3.595410e-10
5 2.458744e-10
6 1.701583e-10
7 1.171884e-10
8 7.885615e-11
9 5.103366e-11
10 3.142509e-11
11 1.832663e-11
12 1.013684e-11
13 5.352199e-12
14 2.722097e-12
15 2.962030e-09
16 2.022606e-09
17 1.332311e-09
18 8.689745e-10
19 5.745526e-10
20 3.874881e-10
21 2.664380e-10
22 1.843213e-10
23 1.259249e-10
24 8.343590e-11
25 5.287105e-11
26 3.177726e-11
27 1.807749e-11
28 9.771601e-12
29 5.059800e-12
30 3.379081e-09
31 2.321285e-09
32 1.535074e-09
33 9.994728e-10
34 6.584599e-10
35 4.420811e-10
36 3.030438e-10
37 2.095930e-10
38 1.436406e-10
39 9.574610e-11
40 6.115875e-11
41 3.708750e-11
42 2.128539e-11
43 1.159560e-11
44 6.041554e-12
45 3.622961e-09
46 2.495851e-09
47 1.653781e-09
48 1.075962e-09
49 7.075949e-10
50 4.740422e-10
51 3.244365e-10
52 2.243565e-10
53 1.539845e-10
54 1.029370e-10
55 6.600182e-11
56 4.019597e-11
57 2.316591e-11
58 1.266562e-11
59 6.617829e-12
60 3.793212e-09
61 2.617728e-09
62 1.736538e-09
63 1.129249e-09
64 7.418450e-10
65 4.963322e-10
66 3.393911e-10
67 2.346876e-10
68 1.612227e-10
69 1.079638e-10
70 6.938695e-11
71 4.236528e-11
72 2.447598e-11
73 1.341151e-11
74 7.019275e-12
75 3.926106e-09
76 2.712988e-09
77 1.801180e-09
78 1.170935e-09
79 7.685783e-10
80 5.137021e-10
81 3.510145e-10
82 2.427098e-10
83 1.668459e-10
84 1.118773e-10
85 7.202446e-11
86 4.405617e-11
87 2.549818e-11
88 1.399296e-11
89 7.332436e-12
90 4.037439e-09
91 2.792786e-09
92 1.855445e-09
93 1.205800e-09
94 7.909994e-10
95 5.282874e-10
96 3.607990e-10
97 2.494689e-10
98 1.715859e-10
99 1.151670e-10
100 7.423755e-11
101 4.547614e-11
102 2.635718e-11
103 1.448123e-11
104 7.595245e-12
105 4.136404e-09
106 2.863558e-09
107 1.903601e-09
108 1.236818e-09
109 8.109336e-10
110 5.412612e-10
111 3.694804e-10
112 2.554636e-10
113 1.757846e-10
114 1.180835e-10
115 7.620472e-11
116 4.673683e-11
117 2.711907e-11
118 1.491484e-11
119 7.828540e-12
120 4.233802e-09
121 2.933294e-09
122 1.951000e-09
123 1.267270e-09
124 8.305085e-10
125 5.540061e-10
126 3.780311e-10
127 2.613609e-10
128 1.799145e-10
129 1.209599e-10
130 7.813906e-11
131 4.797666e-11
132 2.786848e-11
133 1.534098e-11
134 8.057904e-12
135 4.357452e-09
136 3.021849e-09
137 2.011148e-09
138 1.306085e-09
139 8.554225e-10
140 5.702066e-10
141 3.888715e-10
142 2.688519e-10
143 1.851654e-10
144 1.246045e-10
145 8.059537e-11
146 4.955210e-11
147 2.882120e-11
148 1.588265e-11
149 8.349506e-12
150 5.652143e-09
151 3.973128e-09
152 2.679914e-09
153 1.742143e-09
154 1.133559e-09
155 7.481138e-10
156 5.053935e-10
157 3.478618e-10
158 2.402768e-10
159 1.633275e-10
160 1.073083e-10
161 6.725176e-11
162 3.989921e-11
163 2.239493e-11
164 1.195403e-11
165 7.028738e-09
166 4.991731e-09
167 3.408207e-09
168 2.229182e-09
169 1.443035e-09
170 9.460064e-10
171 6.333691e-10
172 4.335886e-10
173 2.993963e-10
174 2.047236e-10
175 1.360268e-10
176 8.650972e-11
177 5.218224e-11
178 2.976957e-11
179 1.611673e-11
180 7.874031e-09
181 5.619151e-09
182 3.858910e-09
183 2.533259e-09
184 1.636710e-09
185 1.069906e-09
186 7.131466e-10
187 4.864838e-10
188 3.357373e-10
189 2.301823e-10
190 1.537139e-10
191 9.841906e-11
192 5.981710e-11
193 3.438484e-11
194 1.874016e-11
195 8.467348e-09
196 6.060129e-09
197 4.175536e-09
198 2.747262e-09
199 1.772611e-09
200 1.156874e-09
201 7.691403e-10
202 5.237634e-10
203 3.613655e-10
204 2.480957e-10
205 1.661312e-10
206 1.067849e-10
207 6.518822e-11
208 3.763326e-11
209 2.058774e-11
210 8.932639e-09
211 6.404767e-09
212 4.422775e-09
213 2.913788e-09
214 1.879000e-09
215 1.224757e-09
216 8.129072e-10
217 5.528017e-10
218 3.814100e-10
219 2.620728e-10
220 1.758323e-10
221 1.133187e-10
222 6.938138e-11
223 4.017117e-11
224 2.203154e-11
225 9.320647e-09
226 6.692485e-09
227 4.628742e-09
228 3.053204e-09
229 1.967610e-09
230 1.281426e-09
231 8.494331e-10
232 5.771740e-10
233 3.980315e-10
234 2.737150e-10
235 1.839230e-10
236 1.187696e-10
237 7.287396e-11
238 4.228013e-11
239 2.322940e-11
240 9.664890e-09
241 6.948306e-09
242 4.812513e-09
243 3.177403e-09
244 2.046322e-09
245 1.331817e-09
246 8.820298e-10
247 5.988425e-10
248 4.129144e-10
249 2.841189e-10
250 1.911281e-10
251 1.236186e-10
252 7.598836e-11
253 4.416331e-11
254 2.430070e-11
255 1.000462e-08
256 7.200575e-09
257 4.993372e-09
258 3.299003e-09
259 2.124194e-09
260 1.381315e-09
261 9.138569e-10
262 6.200934e-10
263 4.275930e-10
264 2.943566e-10
265 1.982658e-10
266 1.284229e-10
267 7.906506e-11
268 4.602340e-11
269 2.535674e-11
270 1.043364e-08
271 7.520327e-09
272 5.222502e-09
273 3.453640e-09
274 2.222503e-09
275 1.444347e-09
276 9.544478e-10
277 6.470466e-10
278 4.460651e-10
279 3.072655e-10
280 2.072235e-10
281 1.345090e-10
282 8.294675e-11
283 4.837054e-11
284 2.669227e-11
285 9.346723e-09
286 6.733088e-09
287 4.676482e-09
288 3.105887e-09
289 2.002616e-09
290 1.302874e-09
291 8.609760e-10
292 5.826791e-10
293 4.006562e-10
294 2.752535e-10
295 1.852533e-10
296 1.201061e-10
297 7.413637e-11
298 4.331949e-11
299 2.397391e-11
300 1.094135e-08
301 7.945926e-09
302 5.564181e-09
303 3.731021e-09
304 2.408394e-09
305 1.560155e-09
306 1.024022e-09
307 6.886844e-10
308 4.718590e-10
309 3.243928e-10
310 2.195296e-10
311 1.436358e-10
312 8.969455e-11
313 5.307484e-11
314 2.972951e-11
315 1.208806e-08
316 8.821254e-09
317 6.205453e-09
318 4.183329e-09
319 2.703680e-09
320 1.746952e-09
321 1.142668e-09
322 7.655890e-10
323 5.233030e-10
324 3.598721e-10
325 2.442626e-10
326 1.606288e-10
327 1.009515e-10
328 6.015480e-11
329 3.392205e-11
330 1.298392e-08
331 9.506001e-09
332 6.707636e-09
333 4.537434e-09
334 2.934969e-09
335 1.893471e-09
336 1.235755e-09
337 8.257633e-10
338 5.635718e-10
339 3.876648e-10
340 2.635967e-10
341 1.739126e-10
342 1.097536e-10
343 6.569133e-11
344 3.720176e-11
345 1.373527e-08
346 1.007842e-08
347 7.127837e-09
348 4.833154e-09
349 3.128008e-09
350 2.015518e-09
351 1.313311e-09
352 8.761236e-10
353 5.972766e-10
354 4.109032e-10
355 2.797907e-10
356 1.850454e-10
357 1.171302e-10
358 7.032747e-11
359 3.994772e-11
360 1.440205e-08
361 1.058820e-08
362 7.500524e-09
363 5.096306e-09
364 3.300307e-09
365 2.124384e-09
366 1.382578e-09
367 9.208161e-10
368 6.272213e-10
369 4.315462e-10
370 2.941788e-10
371 1.949207e-10
372 1.236707e-10
373 7.444427e-11
374 4.238463e-11
375 1.505807e-08
376 1.108786e-08
377 7.866895e-09
378 5.355209e-09
379 3.468989e-09
380 2.231087e-09
381 1.450489e-09
382 9.648065e-10
383 6.566209e-10
384 4.518642e-10
385 3.083296e-10
386 2.046568e-10
387 1.301247e-10
388 7.850239e-11
389 4.478814e-11
390 1.589069e-08
391 1.172362e-08
392 8.332524e-09
393 5.683395e-09
394 3.683506e-09
395 2.366657e-09
396 1.536687e-09
397 1.020520e-09
398 6.939848e-10
399 4.777155e-10
400 3.263471e-10
401 2.170191e-10
402 1.383154e-10
403 8.365705e-11
404 4.783113e-11
405 1.330417e-08
406 9.780572e-09
407 6.919607e-09
408 4.704485e-09
409 3.056432e-09
410 1.968548e-09
411 1.283228e-09
412 8.542540e-10
413 5.812198e-10
414 3.990634e-10
415 2.714701e-10
416 1.795511e-10
417 1.138049e-10
418 6.850615e-11
419 3.904306e-11
420 1.511854e-08
421 1.120700e-08
422 7.979350e-09
423 5.468517e-09
424 3.573792e-09
425 2.294491e-09
426 1.490233e-09
427 9.857880e-10
428 6.672491e-10
429 4.574677e-10
430 3.119385e-10
431 2.075475e-10
432 1.326879e-10
433 8.069164e-11
434 4.647676e-11
435 1.655305e-08
436 1.233682e-08
437 8.820011e-09
438 6.074745e-09
439 3.985516e-09
440 2.554505e-09
441 1.655088e-09
442 1.090469e-09
443 7.359362e-10
444 5.038657e-10
445 3.440293e-10
446 2.297456e-10
447 1.476684e-10
448 9.037188e-11
449 5.239308e-11
450 1.775906e-08
451 1.328592e-08
452 9.526289e-09
453 6.584285e-09
454 4.330939e-09
455 2.772642e-09
456 1.793561e-09
457 1.178398e-09
458 7.934084e-10
459 5.428137e-10
460 3.710091e-10
461 2.484004e-10
462 1.602638e-10
463 9.851134e-11
464 5.736813e-11
465 1.882691e-08
466 1.412971e-08
467 1.015332e-08
468 7.035435e-09
469 4.638056e-09
470 2.966306e-09
471 1.916646e-09
472 1.256338e-09
473 8.444796e-10
474 5.773799e-10
475 3.949024e-10
476 2.649294e-10
477 1.714201e-10
478 1.057215e-10
479 6.177457e-11
480 1.987869e-08
481 1.495656e-08
482 1.076857e-08
483 7.479406e-09
484 4.939708e-09
485 3.156963e-09
486 2.037330e-09
487 1.332982e-09
488 8.945985e-10
489 6.113653e-10
490 4.184073e-10
491 2.812098e-10
492 1.824070e-10
493 1.128178e-10
494 6.611410e-11
495 2.121005e-08
496 1.600625e-08
497 1.155088e-08
498 8.044119e-09
499 5.322790e-09
500 3.398578e-09
501 2.190448e-09
502 1.430235e-09
503 9.582641e-10
504 6.544296e-10
505 4.482374e-10
506 3.018642e-10
507 1.963515e-10
508 1.218328e-10
509 7.160755e-11
510 1.763284e-08
511 1.323183e-08
512 9.502184e-09
513 6.577139e-09
514 4.344102e-09
515 2.783323e-09
516 1.800159e-09
517 1.180480e-09
518 7.930518e-10
519 5.416003e-10
520 3.697820e-10
521 2.476064e-10
522 1.599618e-10
523 9.856927e-11
524 5.759628e-11
525 1.971362e-08
526 1.492409e-08
527 1.078220e-08
528 7.511538e-09
529 4.998879e-09
530 3.203639e-09
531 2.064958e-09
532 1.346885e-09
533 9.002221e-10
534 6.127168e-10
535 4.184132e-10
536 2.812274e-10
537 1.828880e-10
538 1.136648e-10
539 6.705001e-11
540 2.147165e-08
541 1.635464e-08
542 1.186719e-08
543 8.302684e-09
544 5.551862e-09
545 3.559418e-09
546 2.289227e-09
547 1.487838e-09
548 9.906736e-10
549 6.728887e-10
550 4.595900e-10
551 3.096785e-10
552 2.022924e-10
553 1.264474e-10
554 7.506125e-11
555 2.303087e-08
556 1.762742e-08
557 1.282980e-08
558 9.004913e-09
559 6.045178e-09
560 3.875815e-09
561 2.489075e-09
562 1.613146e-09
563 1.071337e-09
564 7.263942e-10
565 4.961566e-10
566 3.349539e-10
567 2.195298e-10
568 1.378044e-10
569 8.217946e-11
570 2.457046e-08
571 1.887833e-08
572 1.377463e-08
573 9.696360e-09
574 6.528200e-09
575 4.186466e-09
576 2.684686e-09
577 1.736192e-09
578 1.150383e-09
579 7.788566e-10
580 5.320506e-10
581 3.597840e-10
582 2.364620e-10
583 1.489594e-10
584 8.917253e-11
585 2.651082e-08
586 2.045947e-08
587 1.497530e-08
588 1.057104e-08
589 7.142414e-09
590 4.581106e-09
591 2.933069e-09
592 1.892023e-09
593 1.250669e-09
594 8.455174e-10
595 5.776409e-10
596 3.912753e-10
597 2.579432e-10
598 1.631101e-10
599 9.803595e-11
600 2.249885e-08
601 1.725005e-08
602 1.257151e-08
603 8.827088e-09
604 5.936839e-09
605 3.818625e-09
606 2.450429e-09
607 1.588367e-09
608 1.053546e-09
609 7.130741e-10
610 4.863092e-10
611 3.279924e-10
612 2.149279e-10
613 1.350126e-10
614 8.064624e-11
615 2.493501e-08
616 1.930056e-08
617 1.416035e-08
618 9.997257e-09
619 6.772085e-09
620 4.372642e-09
621 2.796549e-09
622 1.806199e-09
623 1.191074e-09
624 8.027041e-10
625 5.466940e-10
626 3.694580e-10
627 2.433298e-10
628 1.539776e-10
629 9.277700e-11
630 2.710262e-08
631 2.112749e-08
632 1.557594e-08
633 1.103984e-08
634 7.519294e-09
635 4.867059e-09
636 3.105951e-09
637 2.000615e-09
638 1.314124e-09
639 8.827014e-10
640 6.005003e-10
641 4.064119e-10
642 2.686416e-10
643 1.708844e-10
644 1.035942e-10
645 2.923858e-08
646 2.292224e-08
647 1.696375e-08
648 1.206440e-08
649 8.250851e-09
650 5.352785e-09
651 3.409233e-09
652 2.191418e-09
653 1.434555e-09
654 9.610506e-10
655 6.533171e-10
656 4.427103e-10
657 2.935012e-10
658 1.874870e-10
659 1.142192e-10
660 3.193537e-08
661 2.519588e-08
662 1.872856e-08
663 1.336407e-08
664 9.179467e-09
665 5.968852e-09
666 3.794695e-09
667 2.433450e-09
668 1.587415e-09
669 1.060695e-09
670 7.203132e-10
671 4.887035e-10
672 3.250095e-10
673 2.085328e-10
674 1.276804e-10
675 2.813719e-08
676 2.206834e-08
677 1.635238e-08
678 1.162722e-08
679 7.952287e-09
680 5.175639e-09
681 3.298463e-09
682 2.122150e-09
683 1.388266e-09
684 9.291356e-10
685 6.306006e-10
686 4.266197e-10
687 2.824938e-10
688 1.803476e-10
689 1.098912e-10
690 3.107413e-08
691 2.462895e-08
692 1.838948e-08
693 1.314857e-08
694 9.054445e-09
695 5.930008e-09
696 3.772437e-09
697 2.420326e-09
698 1.573908e-09
699 1.047736e-09
700 7.089503e-10
701 4.798161e-10
702 3.188864e-10
703 2.048698e-10
704 1.258477e-10
705 3.396618e-08
706 2.714246e-08
707 2.039027e-08
708 1.464290e-08
709 1.013546e-08
710 6.671087e-09
711 4.237711e-09
712 2.713100e-09
713 1.755944e-09
714 1.164192e-09
715 7.859118e-10
716 5.320876e-10
717 3.546437e-10
718 2.289630e-10
719 1.415297e-10
720 3.762314e-08
721 3.033027e-08
722 2.293032e-08
723 1.653766e-08
724 1.150822e-08
725 7.611894e-09
726 4.828576e-09
727 3.084608e-09
728 1.987085e-09
729 1.311805e-09
730 8.835547e-10
731 5.983631e-10
732 3.999926e-10
733 2.595165e-10
734 1.614084e-10
735 3.493381e-08
736 2.808668e-08
737 2.121523e-08
738 1.528977e-08
739 1.061698e-08
740 7.026953e-09
741 4.472061e-09
742 2.858359e-09
743 1.844324e-09
744 1.218183e-09
745 8.197103e-10
746 5.540440e-10
747 3.694281e-10
748 2.390686e-10
749 1.483679e-10
750 3.882275e-08
751 3.158399e-08
752 2.409437e-08
753 1.747829e-08
754 1.221640e-08
755 8.153619e-09
756 5.196619e-09
757 3.310776e-09
758 2.123874e-09
759 1.393888e-09
760 9.333931e-10
761 6.299823e-10
762 4.209995e-10
763 2.739426e-10
764 1.713664e-10
765 4.374938e-08
766 3.602289e-08
767 2.774031e-08
768 2.025576e-08
769 1.424609e-08
770 9.582486e-09
771 6.115734e-09
772 3.883840e-09
773 2.478505e-09
774 1.616661e-09
775 1.077581e-09
776 7.262060e-10
777 4.863679e-10
778 3.181473e-10
779 2.005099e-10
780 4.403632e-08
781 3.643336e-08
782 2.820791e-08
783 2.068434e-08
784 1.458212e-08
785 9.850393e-09
786 6.324505e-09
787 4.008182e-09
788 2.556866e-09
789 1.661755e-09
790 1.102952e-09
791 7.409766e-10
792 4.955106e-10
793 3.242600e-10
794 2.048254e-10
795 5.083165e-08
796 4.278425e-08
797 3.363493e-08
798 2.493602e-08
799 1.772912e-08
800 1.211108e-08
801 7.839181e-09
802 4.947023e-09
803 3.140560e-09
804 2.021139e-09
805 1.329670e-09
806 8.886195e-10
807 5.942409e-10
808 3.907797e-10
809 2.490516e-10
810 6.116610e-08
811 5.287545e-08
812 4.269134e-08
813 3.234532e-08
814 2.334406e-08
815 1.620847e-08
816 1.070972e-08
817 6.767923e-09
818 4.269435e-09
819 2.706094e-09
820 1.750280e-09
821 1.153437e-09
822 7.661198e-10
823 5.046995e-10
824 3.247530e-10
825 5.170782e-07
826 3.908177e-07
827 2.958632e-07
828 2.044880e-07
829 1.285927e-07
830 8.133842e-08
831 5.107402e-08
832 3.306128e-08
833 2.238070e-08
834 0.000000e+00
835 0.000000e+00
836 0.000000e+00
837 0.000000e+00
838 0.000000e+00
839 0.000000e+00
840 6.686483e-07
841 5.061659e-07
842 3.832117e-07
843 2.673933e-07
844 1.681074e-07
845 1.065482e-07
846 6.675115e-08
847 4.307712e-08
848 2.905952e-08
849 0.000000e+00
850 0.000000e+00
851 0.000000e+00
852 0.000000e+00
853 0.000000e+00
854 0.000000e+00
855 7.750674e-07
856 5.871874e-07
857 4.445677e-07
858 3.115878e-07
859 1.958954e-07
860 1.242710e-07
861 7.777110e-08
862 5.011721e-08
863 3.375236e-08
864 0.000000e+00
865 0.000000e+00
866 0.000000e+00
867 0.000000e+00
868 0.000000e+00
869 0.000000e+00
870 8.580515e-07
871 6.503674e-07
872 4.924099e-07
873 3.460456e-07
874 2.175543e-07
875 1.380855e-07
876 8.636406e-08
877 5.560568e-08
878 3.741141e-08
879 0.000000e+00
880 0.000000e+00
881 0.000000e+00
882 0.000000e+00
883 0.000000e+00
884 0.000000e+00
885 9.276169e-07
886 7.033228e-07
887 5.325156e-07
888 3.749278e-07
889 2.357151e-07
890 1.496658e-07
891 9.356551e-08
892 6.020628e-08
893 4.047842e-08
894 0.000000e+00
895 0.000000e+00
896 0.000000e+00
897 0.000000e+00
898 0.000000e+00
899 0.000000e+00
900 9.895280e-07
901 7.504519e-07
902 5.682089e-07
903 4.006352e-07
904 2.518777e-07
905 1.599733e-07
906 9.997477e-08
907 6.430250e-08
908 4.320833e-08
909 0.000000e+00
910 0.000000e+00
911 0.000000e+00
912 0.000000e+00
913 0.000000e+00
914 0.000000e+00
915 1.050352e-06
916 7.967574e-07
917 6.032748e-07
918 4.258861e-07
919 2.677560e-07
920 1.700985e-07
921 1.062725e-07
922 6.832515e-08
923 4.589051e-08
924 0.000000e+00
925 0.000000e+00
926 0.000000e+00
927 0.000000e+00
928 0.000000e+00
929 0.000000e+00
930 1.127590e-06
931 8.555622e-07
932 6.477924e-07
933 4.579505e-07
934 2.879184e-07
935 1.829568e-07
936 1.142691e-07
937 7.343352e-08
938 4.929644e-08
939 0.000000e+00
940 0.000000e+00
941 0.000000e+00
942 0.000000e+00
943 0.000000e+00
944 0.000000e+00
945 3.740575e-07
946 3.004786e-07
947 2.246224e-07
948 1.726431e-07
949 1.176105e-07
950 7.363669e-08
951 4.559447e-08
952 2.842240e-08
953 1.818303e-08
954 1.216987e-08
955 0.000000e+00
956 0.000000e+00
957 0.000000e+00
958 0.000000e+00
959 0.000000e+00
960 5.084933e-07
961 4.104907e-07
962 3.070853e-07
963 2.357797e-07
964 1.621182e-07
965 1.010954e-07
966 6.281192e-08
967 3.909924e-08
968 2.495195e-08
969 1.665762e-08
970 0.000000e+00
971 0.000000e+00
972 0.000000e+00
973 0.000000e+00
974 0.000000e+00
975 6.135025e-07
976 4.964496e-07
977 3.715370e-07
978 2.851129e-07
979 1.969133e-07
980 1.225721e-07
981 7.627903e-08
982 4.744907e-08
983 3.024478e-08
984 2.016580e-08
985 0.000000e+00
986 0.000000e+00
987 0.000000e+00
988 0.000000e+00
989 0.000000e+00
990 7.014568e-07
991 5.684512e-07
992 4.255221e-07
993 3.264423e-07
994 2.260555e-07
995 1.405573e-07
996 8.755811e-08
997 5.444165e-08
998 3.467726e-08
999 2.310406e-08
1000 0.000000e+00
1001 0.000000e+00
1002 0.000000e+00
1003 0.000000e+00
1004 0.000000e+00
1005 7.797203e-07
1006 6.325134e-07
1007 4.735544e-07
1008 3.632112e-07
1009 2.519848e-07
1010 1.565602e-07
1011 9.759370e-08
1012 6.066319e-08
1013 3.862139e-08
1014 2.571814e-08
1015 0.000000e+00
1016 0.000000e+00
1017 0.000000e+00
1018 0.000000e+00
1019 0.000000e+00
1020 8.566149e-07
1021 6.954512e-07
1022 5.207433e-07
1023 3.993325e-07
1024 2.774617e-07
1025 1.722839e-07
1026 1.074531e-07
1027 6.677657e-08
1028 4.249666e-08
1029 2.828687e-08
1030 0.000000e+00
1031 0.000000e+00
1032 0.000000e+00
1033 0.000000e+00
1034 0.000000e+00
1035 9.542693e-07
1036 7.753845e-07
1037 5.806793e-07
1038 4.452128e-07
1039 3.098109e-07
1040 1.922507e-07
1041 1.199755e-07
1042 7.454048e-08
1043 4.741786e-08
1044 3.154906e-08
1045 0.000000e+00
1046 0.000000e+00
1047 0.000000e+00
1048 0.000000e+00
1049 0.000000e+00
1050 3.051620e-07
1051 2.651609e-07
1052 2.034545e-07
1053 1.526980e-07
1054 1.164678e-07
1055 7.169574e-08
1056 4.656341e-08
1057 2.825136e-08
1058 1.747769e-08
1059 1.125015e-08
1060 0.000000e+00
1061 0.000000e+00
1062 0.000000e+00
1063 0.000000e+00
1064 0.000000e+00
1065 4.205757e-07
1066 3.669956e-07
1067 2.823874e-07
1068 2.117116e-07
1069 1.618196e-07
1070 1.001655e-07
1071 6.498767e-08
1072 3.938396e-08
1073 2.434957e-08
1074 1.564167e-08
1075 0.000000e+00
1076 0.000000e+00
1077 0.000000e+00
1078 0.000000e+00
1079 0.000000e+00
1080 5.171489e-07
1081 4.521946e-07
1082 3.484356e-07
1083 2.610903e-07
1084 1.997682e-07
1085 1.240022e-07
1086 8.040865e-08
1087 4.870196e-08
1088 3.010228e-08
1089 1.931736e-08
1090 0.000000e+00
1091 0.000000e+00
1092 0.000000e+00
1093 0.000000e+00
1094 0.000000e+00
1095 6.029813e-07
1096 5.279201e-07
1097 4.071501e-07
1098 3.049846e-07
1099 2.335077e-07
1100 1.451897e-07
1101 9.411590e-08
1102 5.698495e-08
1103 3.521541e-08
1104 2.258478e-08
1105 0.000000e+00
1106 0.000000e+00
1107 0.000000e+00
1108 0.000000e+00
1109 0.000000e+00
1110 6.873098e-07
1111 6.023285e-07
1112 4.648444e-07
1113 3.481141e-07
1114 2.666508e-07
1115 1.660059e-07
1116 1.075834e-07
1117 6.512374e-08
1118 4.023863e-08
1119 2.579505e-08
1120 0.000000e+00
1121 0.000000e+00
1122 0.000000e+00
1123 0.000000e+00
1124 0.000000e+00
1125 7.944196e-07
1126 6.968449e-07
1127 5.381172e-07
1128 4.028926e-07
1129 3.087493e-07
1130 1.924458e-07
1131 1.246883e-07
1132 7.546077e-08
1133 4.661946e-08
1134 2.987205e-08
1135 0.000000e+00
1136 0.000000e+00
1137 0.000000e+00
1138 0.000000e+00
1139 0.000000e+00
1140 1.537429e-07
1141 1.411064e-07
1142 1.128108e-07
1143 8.385281e-08
1144 6.485769e-08
1145 4.358413e-08
1146 2.736422e-08
1147 1.652451e-08
1148 1.018656e-08
1149 6.407680e-09
1150 4.209601e-09
1151 0.000000e+00
1152 0.000000e+00
1153 0.000000e+00
1154 0.000000e+00
1155 2.694585e-07
1156 2.489657e-07
1157 2.003616e-07
1158 1.490384e-07
1159 1.150439e-07
1160 7.845321e-08
1161 4.880305e-08
1162 2.961994e-08
1163 1.824011e-08
1164 1.144475e-08
1165 7.489952e-09
1166 0.000000e+00
1167 0.000000e+00
1168 0.000000e+00
1169 0.000000e+00
1170 3.708245e-07
1171 3.436470e-07
1172 2.773997e-07
1173 2.064376e-07
1174 1.591933e-07
1175 1.092659e-07
1176 6.770401e-08
1177 4.120152e-08
1178 2.535456e-08
1179 1.588753e-08
1180 1.037971e-08
1181 0.000000e+00
1182 0.000000e+00
1183 0.000000e+00
1184 0.000000e+00
1185 4.606439e-07
1186 4.275326e-07
1187 3.456427e-07
1188 2.572873e-07
1189 1.983004e-07
1190 1.365577e-07
1191 8.444704e-08
1192 5.146092e-08
1193 3.165759e-08
1194 1.982351e-08
1195 1.293981e-08
1196 0.000000e+00
1197 0.000000e+00
1198 0.000000e+00
1199 0.000000e+00
1200 5.488285e-07
1201 5.099070e-07
1202 4.126624e-07
1203 3.072169e-07
1204 2.367015e-07
1205 1.633547e-07
1206 1.008854e-07
1207 6.153358e-08
1208 3.784574e-08
1209 2.368776e-08
1210 1.545370e-08
1211 0.000000e+00
1212 0.000000e+00
1213 0.000000e+00
1214 0.000000e+00
1215 6.608418e-07
1216 6.145305e-07
1217 4.977670e-07
1218 3.706390e-07
1219 2.854728e-07
1220 1.974000e-07
1221 1.217684e-07
1222 7.432411e-08
1223 4.570454e-08
1224 2.859631e-08
1225 1.864638e-08
1226 0.000000e+00
1227 0.000000e+00
1228 0.000000e+00
1229 0.000000e+00
1230 1.503226e-07
1231 1.448089e-07
1232 1.217621e-07
1233 9.153076e-08
1234 6.947676e-08
1235 5.145130e-08
1236 3.063397e-08
1237 1.944171e-08
1238 1.180889e-08
1239 7.248304e-09
1240 4.634492e-09
1241 0.000000e+00
1242 0.000000e+00
1243 0.000000e+00
1244 0.000000e+00
1245 2.528457e-07
1246 2.446987e-07
1247 2.069179e-07
1248 1.559638e-07
1249 1.181061e-07
1250 8.806703e-08
1251 5.246350e-08
1252 3.349153e-08
1253 2.028581e-08
1254 1.240558e-08
1255 7.908158e-09
1256 0.000000e+00
1257 0.000000e+00
1258 0.000000e+00
1259 0.000000e+00
1260 3.450385e-07
1261 3.345932e-07
1262 2.836233e-07
1263 2.140479e-07
1264 1.619265e-07
1265 1.210810e-07
1266 7.217530e-08
1267 4.617986e-08
1268 2.793604e-08
1269 1.705910e-08
1270 1.085997e-08
1271 0.000000e+00
1272 0.000000e+00
1273 0.000000e+00
1274 0.000000e+00
1275 4.352861e-07
1276 4.225774e-07
1277 3.587007e-07
1278 2.708869e-07
1279 2.048112e-07
1280 1.533918e-07
1281 9.145828e-08
1282 5.859221e-08
1283 3.542053e-08
1284 2.161340e-08
1285 1.374896e-08
1286 0.000000e+00
1287 0.000000e+00
1288 0.000000e+00
1289 0.000000e+00
1290 5.498992e-07
1291 5.343402e-07
1292 4.540570e-07
1293 3.430882e-07
1294 2.592823e-07
1295 1.944217e-07
1296 1.159526e-07
1297 7.435841e-08
1298 4.492859e-08
1299 2.739728e-08
1300 1.741800e-08
1301 0.000000e+00
1302 0.000000e+00
1303 0.000000e+00
1304 0.000000e+00
1305 1.548618e-07
1306 1.549019e-07
1307 1.364951e-07
1308 1.053195e-07
1309 7.857148e-08
1310 6.071730e-08
1311 3.723372e-08
1312 2.431169e-08
1313 1.444802e-08
1314 8.686418e-09
1315 5.408232e-09
1316 0.000000e+00
1317 0.000000e+00
1318 0.000000e+00
1319 0.000000e+00
1320 2.485733e-07
1321 2.493984e-07
1322 2.206644e-07
1323 1.707997e-07
1324 1.273029e-07
1325 9.848454e-08
1326 6.084553e-08
1327 3.963624e-08
1328 2.352344e-08
1329 1.414896e-08
1330 8.787933e-09
1331 0.000000e+00
1332 0.000000e+00
1333 0.000000e+00
1334 0.000000e+00
1335 3.399609e-07
1336 3.415517e-07
1337 3.027521e-07
1338 2.346573e-07
1339 1.748325e-07
1340 1.353177e-07
1341 8.387989e-08
1342 5.458129e-08
1343 3.237438e-08
1344 1.947644e-08
1345 1.208426e-08
1346 0.000000e+00
1347 0.000000e+00
1348 0.000000e+00
1349 0.000000e+00
1350 4.558994e-07
1351 4.584581e-07
1352 4.068866e-07
1353 3.156715e-07
1354 2.351277e-07
1355 1.820410e-07
1356 1.130998e-07
1357 7.354083e-08
1358 4.360452e-08
1359 2.623577e-08
1360 1.626628e-08
1361 0.000000e+00
1362 0.000000e+00
1363 0.000000e+00
1364 0.000000e+00
1365 1.655243e-07
1366 1.706816e-07
1367 1.567818e-07
1368 1.251477e-07
1369 9.283723e-08
1370 7.195510e-08
1371 4.796993e-08
1372 3.008963e-08
1373 1.780622e-08
1374 1.077628e-08
1375 6.583917e-09
1376 4.191160e-09
1377 0.000000e+00
1378 0.000000e+00
1379 0.000000e+00
1380 2.577719e-07
1381 2.663055e-07
1382 2.452763e-07
1383 1.963009e-07
1384 1.456472e-07
1385 1.127961e-07
1386 7.568140e-08
1387 4.726234e-08
1388 2.801460e-08
1389 1.695376e-08
1390 1.035228e-08
1391 6.577654e-09
1392 0.000000e+00
1393 0.000000e+00
1394 0.000000e+00
1395 3.741937e-07
1396 3.869759e-07
1397 3.569386e-07
1398 2.860721e-07
1399 2.122748e-07
1400 1.643242e-07
1401 1.106330e-07
1402 6.892615e-08
1403 4.089158e-08
1404 2.474633e-08
1405 1.510582e-08
1406 9.588475e-09
1407 0.000000e+00
1408 0.000000e+00
1409 0.000000e+00
1410 9.334065e-08
1411 9.841794e-08
1412 9.332599e-08
1413 7.692754e-08
1414 5.733443e-08
1415 4.391638e-08
1416 3.147467e-08
1417 1.879194e-08
1418 1.144920e-08
1419 6.890834e-09
1420 4.175170e-09
1421 2.600787e-09
1422 0.000000e+00
1423 0.000000e+00
1424 0.000000e+00
1425 1.855848e-07
1426 1.962737e-07
1427 1.869461e-07
1428 1.548846e-07
1429 1.156309e-07
1430 8.836471e-08
1431 6.390549e-08
1432 3.797672e-08
1433 2.331434e-08
1434 1.399884e-08
1435 8.452994e-09
1436 5.250646e-09
1437 0.000000e+00
1438 0.000000e+00
1439 0.000000e+00
1440 3.019795e-07
1441 3.197701e-07
1442 3.051342e-07
1443 2.533233e-07
1444 1.892577e-07
1445 1.444928e-07
1446 1.048734e-07
1447 6.221446e-08
1448 3.831035e-08
1449 2.298140e-08
1450 1.385738e-08
1451 8.597692e-09
1452 0.000000e+00
1453 0.000000e+00
1454 0.000000e+00
1455 1.205985e-07
1456 1.301465e-07
1457 1.276682e-07
1458 1.095210e-07
1459 8.298560e-08
1460 6.245382e-08
1461 4.745252e-08
1462 2.791695e-08
1463 1.796818e-08
1464 1.061884e-08
1465 6.237332e-09
1466 3.803376e-09
1467 0.000000e+00
1468 0.000000e+00
1469 0.000000e+00
1470 2.368728e-07
1471 2.560751e-07
1472 2.518543e-07
1473 2.167693e-07
1474 1.645652e-07
1475 1.236914e-07
1476 9.425642e-08
1477 5.559291e-08
1478 3.588340e-08
1479 2.117438e-08
1480 1.241157e-08
1481 7.552564e-09
1482 0.000000e+00
1483 0.000000e+00
1484 0.000000e+00
1485 1.764646e-07
1486 1.944087e-07
1487 1.965566e-07
1488 1.754178e-07
1489 1.364350e-07
1490 1.014230e-07
1491 7.883428e-08
1492 4.885018e-08
1493 3.170901e-08
1494 1.842649e-08
1495 1.074888e-08
1496 6.375311e-09
1497 3.942621e-09
1498 0.000000e+00
1499 0.000000e+00
1500 7.061463e-05
1501 5.317113e-05
1502 4.062475e-05
1503 2.869886e-05
1504 1.785707e-05
1505 1.132706e-05
1506 7.086054e-06
1507 4.551449e-06
1508 3.060340e-06
1509 0.000000e+00
1510 0.000000e+00
1511 0.000000e+00
1512 0.000000e+00
1513 0.000000e+00
1514 0.000000e+00
1515 5.596517e-05
1516 4.542306e-05
1517 3.387207e-05
1518 2.608587e-05
1519 1.817639e-05
1520 1.124140e-05
1521 6.956853e-06
1522 4.337857e-06
1523 2.764637e-06
1524 1.840273e-06
1525 0.000000e+00
1526 0.000000e+00
1527 0.000000e+00
1528 0.000000e+00
1529 0.000000e+00
1530 4.414859e-05
1531 3.878053e-05
1532 2.989378e-05
1533 2.233384e-05
1534 1.724584e-05
1535 1.061949e-05
1536 6.971114e-06
1537 4.206256e-06
1538 2.586891e-06
1539 1.656391e-06
1540 0.000000e+00
1541 0.000000e+00
1542 0.000000e+00
1543 0.000000e+00
1544 0.000000e+00
1545 3.567162e-05
1546 3.323503e-05
1547 2.692371e-05
1548 2.000533e-05
1549 1.543550e-05
1550 1.070292e-05
1551 6.586085e-06
1552 3.992682e-06
1553 2.463565e-06
1554 1.544101e-06
1555 1.006419e-06
1556 0.000000e+00
1557 0.000000e+00
1558 0.000000e+00
1559 0.000000e+00
1560 2.941865e-05
1561 2.863915e-05
1562 2.436349e-05
1563 1.838932e-05
1564 1.388480e-05
1565 1.047358e-05
1566 6.185518e-06
1567 3.986933e-06
1568 2.409124e-06
1569 1.466483e-06
1570 9.328936e-07
1571 0.000000e+00
1572 0.000000e+00
1573 0.000000e+00
1574 0.000000e+00
1575 2.455962e-05
1576 2.473942e-05
1577 2.199210e-05
1578 1.706067e-05
1579 1.268983e-05
1580 9.860380e-06
1581 6.103462e-06
1582 3.998327e-06
1583 2.365967e-06
1584 1.419269e-06
1585 8.784915e-07
1586 0.000000e+00
1587 0.000000e+00
1588 0.000000e+00
1589 0.000000e+00
1590 2.067391e-05
1591 2.141323e-05
1592 1.978734e-05
1593 1.587118e-05
1594 1.176429e-05
1595 9.115834e-06
1596 6.154236e-06
1597 3.831409e-06
1598 2.262932e-06
1599 1.373446e-06
1600 8.374947e-07
1601 5.313589e-07
1602 0.000000e+00
1603 0.000000e+00
1604 0.000000e+00
1605 1.747536e-05
1606 1.853179e-05
1607 1.771732e-05
1608 1.473032e-05
1609 1.100012e-05
1610 8.393577e-06
1611 6.122347e-06
1612 3.610491e-06
1613 2.224013e-06
1614 1.334001e-06
1615 8.064944e-07
1616 4.996627e-07
1617 0.000000e+00
1618 0.000000e+00
1619 0.000000e+00
1620 1.472524e-05
1621 1.594121e-05
1622 1.570879e-05
1623 1.354722e-05
1624 1.028831e-05
1625 7.724224e-06
1626 5.910172e-06
1627 3.472031e-06
1628 2.253550e-06
1629 1.329045e-06
1630 7.756583e-07
1631 4.721051e-07
1632 0.000000e+00
1633 0.000000e+00
1634 0.000000e+00
1635 1.221656e-05
1636 1.347823e-05
1637 1.365502e-05
1638 1.221694e-05
1639 9.514336e-06
1640 7.065420e-06
1641 5.502462e-06
1642 3.416127e-06
1643 2.223597e-06
1644 1.290021e-06
1645 7.521080e-07
1646 4.448840e-07
1647 2.746894e-07
1648 0.000000e+00
1649 0.000000e+00
1650 1.340299e-06
1651 1.017721e-06
1652 7.706659e-07
1653 5.464904e-07
1654 3.435954e-07
1655 2.184673e-07
1656 1.363525e-07
1657 8.754140e-08
1658 5.870141e-08
1659 0.000000e+00
1660 0.000000e+00
1661 0.000000e+00
1662 0.000000e+00
1663 0.000000e+00
1664 0.000000e+00
1665 1.223401e-06
1666 9.958934e-07
1667 7.460998e-07
1668 5.718715e-07
1669 3.991494e-07
1670 2.473911e-07
1671 1.545564e-07
1672 9.598043e-08
1673 6.100749e-08
1674 4.055667e-08
1675 0.000000e+00
1676 0.000000e+00
1677 0.000000e+00
1678 0.000000e+00
1679 0.000000e+00
1680 1.089763e-06
1681 9.576258e-07
1682 7.403761e-07
1683 5.541279e-07
1684 4.249809e-07
1685 2.654373e-07
1686 1.719186e-07
1687 1.040015e-07
1688 6.423607e-08
1689 4.113133e-08
1690 0.000000e+00
1691 0.000000e+00
1692 0.000000e+00
1693 0.000000e+00
1694 0.000000e+00
1695 9.694671e-07
1696 9.029746e-07
1697 7.325096e-07
1698 5.455851e-07
1699 4.200474e-07
1700 2.913572e-07
1701 1.793997e-07
1702 1.096669e-07
1703 6.739885e-08
1704 4.213983e-08
1705 2.745555e-08
1706 0.000000e+00
1707 0.000000e+00
1708 0.000000e+00
1709 0.000000e+00
1710 8.660154e-07
1711 8.427064e-07
1712 7.172373e-07
1713 5.423855e-07
1714 4.096559e-07
1715 3.077167e-07
1716 1.835788e-07
1717 1.178875e-07
1718 7.117796e-08
1719 4.336701e-08
1720 2.754789e-08
1721 0.000000e+00
1722 0.000000e+00
1723 0.000000e+00
1724 0.000000e+00
1725 7.757450e-07
1726 7.811220e-07
1727 6.943745e-07
1728 5.393434e-07
1729 4.016154e-07
1730 3.110621e-07
1731 1.937830e-07
1732 1.258901e-07
1733 7.461016e-08
1734 4.489868e-08
1735 2.781403e-08
1736 0.000000e+00
1737 0.000000e+00
1738 0.000000e+00
1739 0.000000e+00
1740 6.954357e-07
1741 7.200854e-07
1742 6.652463e-07
1743 5.339666e-07
1744 3.962733e-07
1745 3.066278e-07
1746 2.071593e-07
1747 1.287568e-07
1748 7.645574e-08
1749 4.626770e-08
1750 2.823467e-08
1751 1.790370e-08
1752 0.000000e+00
1753 0.000000e+00
1754 0.000000e+00
1755 6.230296e-07
1756 6.605250e-07
1757 6.312723e-07
1758 5.249832e-07
1759 3.924470e-07
1760 2.994019e-07
1761 2.179226e-07
1762 1.291042e-07
1763 7.969224e-08
1764 4.776950e-08
1765 2.877131e-08
1766 1.783500e-08
1767 0.000000e+00
1768 0.000000e+00
1769 0.000000e+00
1770 5.564328e-07
1771 6.022634e-07
1772 5.932655e-07
1773 5.116127e-07
1774 3.888335e-07
1775 2.920592e-07
1776 2.229147e-07
1777 1.316682e-07
1778 8.512329e-08
1779 5.018780e-08
1780 2.938323e-08
1781 1.785908e-08
1782 0.000000e+00
1783 0.000000e+00
1784 0.000000e+00
1785 4.935656e-07
1786 5.444572e-07
1787 5.514137e-07
1788 4.932169e-07
1789 3.842888e-07
1790 2.855628e-07
1791 2.220253e-07
1792 1.382125e-07
1793 8.954863e-08
1794 5.200068e-08
1795 3.036430e-08
1796 1.798231e-08
1797 1.110384e-08
1798 0.000000e+00
1799 0.000000e+00
1800 4.699021e-09
1801 3.266419e-09
1802 2.177307e-09
1803 1.413081e-09
1804 9.241476e-10
1805 6.149266e-10
1806 4.188509e-10
1807 2.895436e-10
1808 1.996720e-10
1809 1.346821e-10
1810 8.738184e-11
1811 5.390378e-11
1812 3.145209e-11
1813 1.737896e-11
1814 9.154846e-12
1815 1.162625e-08
1816 8.404798e-09
1817 5.857426e-09
1818 3.882354e-09
1819 2.494998e-09
1820 1.618490e-09
1821 1.066673e-09
1822 7.217840e-10
1823 4.975157e-10
1824 3.432092e-10
1825 2.321639e-10
1826 1.512554e-10
1827 9.371964e-11
1828 5.488486e-11
1829 3.039663e-11
1830 1.819129e-08
1831 1.347874e-08
1832 9.618136e-09
1833 6.590528e-09
1834 4.274584e-09
1835 2.741535e-09
1836 1.774934e-09
1837 1.174844e-09
1838 7.972577e-10
1839 5.488951e-10
1840 3.759500e-10
1841 2.510921e-10
1842 1.608836e-10
1843 9.783570e-11
1844 5.623614e-11
1845 2.489616e-08
1846 1.891181e-08
1847 1.370938e-08
1848 9.601302e-09
1849 6.379230e-09
1850 4.065610e-09
1851 2.614522e-09
1852 1.699114e-09
1853 1.134117e-09
1854 7.736058e-10
1855 5.307020e-10
1856 3.588596e-10
1857 2.348195e-10
1858 1.466887e-10
1859 8.681192e-11
1860 3.188919e-08
1861 2.483820e-08
1862 1.829173e-08
1863 1.299010e-08
1864 8.835646e-09
1865 5.669223e-09
1866 3.619567e-09
1867 2.323371e-09
1868 1.527598e-09
1869 1.029530e-09
1870 7.035216e-10
1871 4.782805e-10
1872 3.172774e-10
1873 2.021957e-10
1874 1.225328e-10
1875 3.940872e-08
1876 3.148453e-08
1877 2.359831e-08
1878 1.695487e-08
1879 1.174627e-08
1880 7.670346e-09
1881 4.857068e-09
1882 3.101826e-09
1883 2.009796e-09
1884 1.335638e-09
1885 9.054833e-10
1886 6.158817e-10
1887 4.121213e-10
1888 2.667075e-10
1889 1.649015e-10
1890 4.773953e-08
1891 3.913107e-08
1892 2.993585e-08
1893 2.177174e-08
1894 1.529579e-08
1895 1.020581e-08
1896 6.456894e-09
1897 4.109360e-09
1898 2.624378e-09
1899 1.719473e-09
1900 1.152917e-09
1901 7.813134e-10
1902 5.251718e-10
1903 3.438636e-10
1904 2.162921e-10
1905 5.735172e-08
1906 4.826684e-08
1907 3.780490e-08
1908 2.791231e-08
1909 1.984370e-08
1910 1.352124e-08
1911 8.651027e-09
1912 5.464333e-09
1913 3.456085e-09
1914 2.231199e-09
1915 1.475081e-09
1916 9.916807e-10
1917 6.667204e-10
1918 4.401229e-10
1919 2.809323e-10
1920 6.961209e-08
1921 6.031961e-08
1922 4.862339e-08
1923 3.667255e-08
1924 2.641626e-08
1925 1.835011e-08
1926 1.201815e-08
1927 7.538956e-09
1928 4.752243e-09
1929 3.014058e-09
1930 1.955664e-09
1931 1.296421e-09
1932 8.668401e-10
1933 5.744502e-10
1934 3.711764e-10
1935 9.149218e-08
1936 8.280781e-08
1937 6.994717e-08
1938 5.503045e-08
1939 4.078128e-08
1940 2.900651e-08
1941 1.975061e-08
1942 1.264265e-08
1943 7.898104e-09
1944 4.918777e-09
1945 3.097506e-09
1946 1.990368e-09
1947 1.301284e-09
1948 8.548835e-10
1949 5.555866e-10
1950 2.107089e-07
1951 2.158247e-07
1952 2.101588e-07
1953 1.926644e-07
1954 1.648907e-07
1955 1.311748e-07
1956 9.773303e-08
1957 6.956183e-08
1958 4.749487e-08
1959 3.016311e-08
1960 1.823173e-08
1961 1.083848e-08
1962 6.362290e-09
1963 3.732305e-09
1964 2.209040e-09
