0 2.320678e-09
1 1.568648e-09
2 1.027325e-09
3 6.693419e-10
4 4.414482e-10
5 2.958692e-10
6 2.006475e-10
7 1.356664e-10
8 8.975096e-11
9 5.709969e-11
10 3.448236e-11
11 1.965481e-11
12 1.059064e-11
13 5.445877e-12
14 2.715760e-12
15 3.726912e-09
16 2.571726e-09
17 1.705173e-09
18 1.105035e-09
19 7.209896e-10
20 4.770469e-10
21 3.211845e-10
22 2.177372e-10
23 1.461037e-10
24 9.517714e-11
25 5.921767e-11
26 3.485898e-11
27 1.935394e-11
28 1.019038e-11
29 5.153441e-12
30 4.236881e-09
31 2.941027e-09
32 1.960377e-09
33 1.270913e-09
34 8.266128e-10
35 5.449882e-10
36 3.658000e-10
37 2.478603e-10
38 1.667334e-10
39 1.092275e-10
40 6.850136e-11
41 4.068663e-11
42 2.280032e-11
43 1.209677e-11
44 6.148206e-12
45 4.532279e-09
46 3.154776e-09
47 2.108276e-09
48 1.366758e-09
49 8.879373e-10
50 5.843417e-10
51 3.916252e-10
52 2.652613e-10
53 1.786667e-10
54 1.173448e-10
55 7.386060e-11
56 4.404943e-11
57 2.478752e-11
58 1.319796e-11
59 6.723653e-12
60 4.737640e-09
61 3.303627e-09
62 2.210821e-09
63 1.433534e-09
64 9.304957e-10
65 6.117300e-10
66 4.096078e-10
67 2.774045e-10
68 1.870036e-10
69 1.230191e-10
70 7.760273e-11
71 4.640005e-11
72 2.617363e-11
73 1.396728e-11
74 7.126036e-12
75 4.897337e-09
76 3.419086e-09
77 2.290622e-09
78 1.485328e-09
79 9.635671e-10
80 6.329939e-10
81 4.235435e-10
82 2.867942e-10
83 1.934019e-10
84 1.273810e-10
85 8.049449e-11
86 4.821215e-11
87 2.724811e-11
88 1.455930e-11
89 7.435113e-12
90 5.028697e-09
91 3.513782e-09
92 2.356287e-09
93 1.528013e-09
94 9.906988e-10
95 6.504413e-10
96 4.350027e-10
97 2.945606e-10
98 1.987462e-10
99 1.310134e-10
100 8.288581e-11
101 4.971108e-11
102 2.812963e-11
103 1.504926e-11
104 7.691004e-12
105 5.145701e-09
106 3.599279e-09
107 2.415256e-09
108 1.566192e-09
109 1.015085e-09
110 6.661108e-10
111 4.452886e-10
112 3.014878e-10
113 2.035233e-10
114 1.342499e-10
115 8.503943e-11
116 5.105982e-11
117 2.892546e-11
118 1.549144e-11
119 7.920889e-12
120 5.258350e-09
121 3.680658e-09
122 2.472140e-09
123 1.603299e-09
124 1.038649e-09
125 6.812947e-10
126 4.552388e-10
127 3.080870e-10
128 2.080249e-10
129 1.373892e-10
130 8.705769e-11
131 5.235200e-11
132 2.969210e-11
133 1.591457e-11
134 8.142940e-12
135 5.398064e-09
136 3.780152e-09
137 2.541426e-09
138 1.648122e-09
139 1.067318e-09
140 6.996911e-10
141 4.673900e-10
142 3.163512e-10
143 2.137042e-10
144 1.411820e-10
145 8.959903e-11
146 5.393841e-11
147 3.062507e-11
148 1.643340e-11
149 8.412513e-12
150 7.228471e-09
151 5.138972e-09
152 3.512767e-09
153 2.296402e-09
154 1.478975e-09
155 9.617248e-10
156 6.359691e-10
157 4.277050e-10
158 2.893697e-10
159 1.931827e-10
160 1.247445e-10
161 7.674983e-11
162 4.462863e-11
163 2.447925e-11
164 1.274373e-11
165 8.980212e-09
166 6.450990e-09
167 4.463372e-09
168 2.949055e-09
169 1.895296e-09
170 1.226558e-09
171 8.042778e-10
172 5.376397e-10
173 3.632997e-10
174 2.436636e-10
175 1.589942e-10
176 9.929768e-11
177 5.874051e-11
178 3.278424e-11
179 1.731345e-11
180 1.003435e-08
181 7.242695e-09
182 5.038516e-09
183 3.346494e-09
184 2.150174e-09
185 1.388418e-09
186 9.068609e-10
187 6.045297e-10
188 4.080962e-10
189 2.742540e-10
190 1.797196e-10
191 1.129867e-10
192 6.733859e-11
193 3.787208e-11
194 2.012667e-11
195 1.077251e-08
196 7.798071e-09
197 5.441702e-09
198 3.625089e-09
199 2.329205e-09
200 1.501704e-09
201 9.790763e-10
202 6.514309e-10
203 4.395064e-10
204 2.956113e-10
205 1.942577e-10
206 1.225623e-10
207 7.335580e-11
208 4.143700e-11
209 2.210362e-11
210 1.134059e-08
211 8.226127e-09
212 5.751698e-09
213 3.839321e-09
214 2.466831e-09
215 1.589152e-09
216 1.034585e-09
217 6.877359e-10
218 4.636859e-10
219 3.121260e-10
220 2.054770e-10
221 1.299772e-10
222 7.800049e-11
223 4.417669e-11
224 2.362562e-11
225 1.181123e-08
226 8.579829e-09
227 6.008522e-09
228 4.016256e-09
229 2.580188e-09
230 1.661013e-09
231 1.080105e-09
232 7.173553e-10
233 4.836280e-10
234 3.257308e-10
235 2.147110e-10
236 1.360520e-10
237 8.182695e-11
238 4.644118e-11
239 2.487481e-11
240 1.223361e-08
241 8.896596e-09
242 6.238998e-09
243 4.175611e-09
244 2.682193e-09
245 1.726026e-09
246 1.121512e-09
247 7.441847e-10
248 5.015191e-10
249 3.379218e-10
250 2.230170e-10
251 1.415432e-10
252 8.526963e-11
253 4.848387e-11
254 2.600624e-11
255 1.263834e-08
256 9.202158e-09
257 6.461966e-09
258 4.329679e-09
259 2.781076e-09
260 1.788321e-09
261 1.161095e-09
262 7.701366e-10
263 5.187956e-10
264 3.497209e-10
265 2.310252e-10
266 1.468251e-10
267 8.863006e-11
268 5.046733e-11
269 2.709054e-11
270 1.313614e-08
271 9.575254e-09
272 6.732372e-09
273 4.516178e-09
274 2.900437e-09
275 1.864589e-09
276 1.209805e-09
277 8.017185e-10
278 5.399068e-10
279 3.641229e-10
280 2.408573e-10
281 1.532320e-10
282 9.264327e-11
283 5.284487e-11
284 2.841864e-11
285 1.196228e-08
286 8.732657e-09
287 6.140172e-09
288 4.138115e-09
289 2.670519e-09
290 1.716426e-09
291 1.113475e-09
292 7.360261e-10
293 4.943294e-10
294 3.324401e-10
295 2.195033e-10
296 1.397367e-10
297 8.463101e-11
298 4.847621e-11
299 2.620570e-11
300 1.396620e-08
301 1.029091e-08
302 7.292928e-09
303 4.964196e-09
304 3.222036e-09
305 2.063369e-09
306 1.333008e-09
307 8.756833e-10
308 5.854898e-10
309 3.936496e-10
310 2.610333e-10
311 1.675964e-10
312 1.027017e-10
313 5.957304e-11
314 3.260807e-11
315 1.539595e-08
316 1.140610e-08
317 8.117828e-09
318 5.556670e-09
319 3.619236e-09
320 2.313286e-09
321 1.491215e-09
322 9.760039e-10
323 6.508812e-10
324 4.374802e-10
325 2.908577e-10
326 1.876027e-10
327 1.156567e-10
328 6.755891e-11
329 3.722455e-11
330 1.649741e-08
331 1.226704e-08
332 8.755242e-09
333 6.012800e-09
334 3.925703e-09
335 2.506412e-09
336 1.613325e-09
337 1.053580e-09
338 7.014066e-10
339 4.713802e-10
340 3.138477e-10
341 2.030497e-10
342 1.256687e-10
343 7.369497e-11
344 4.078436e-11
345 1.741177e-08
346 1.298040e-08
347 9.282277e-09
348 6.389627e-09
349 4.179047e-09
350 2.666034e-09
351 1.714329e-09
352 1.117613e-09
353 7.432240e-10
354 4.993922e-10
355 3.329244e-10
356 2.158302e-10
357 1.339279e-10
358 7.882861e-11
359 4.373310e-11
360 1.822734e-08
361 1.361456e-08
362 9.751882e-09
363 6.727658e-09
364 4.405049e-09
365 2.808071e-09
366 1.804487e-09
367 1.174597e-09
368 7.803684e-10
369 5.243476e-10
370 3.498838e-10
371 2.272094e-10
372 1.413324e-10
373 8.335766e-11
374 4.637052e-11
375 1.901346e-08
376 1.423061e-08
377 1.020770e-08
378 7.054040e-09
379 4.623572e-09
380 2.946757e-09
381 1.891897e-09
382 1.230132e-09
383 8.165546e-10
384 5.486009e-10
385 3.663001e-10
386 2.382300e-10
387 1.485087e-10
388 8.776719e-11
389 4.890962e-11
390 1.997309e-08
391 1.497817e-08
392 1.076152e-08
393 7.451769e-09
394 4.890254e-09
395 3.114032e-09
396 1.997813e-09
397 1.297398e-09
398 8.605419e-10
399 5.780645e-10
400 3.863308e-10
401 2.516480e-10
402 1.571987e-10
403 9.311506e-11
404 5.205110e-11
405 1.693994e-08
406 1.266579e-08
407 9.071489e-09
408 6.256234e-09
409 4.111565e-09
410 2.625589e-09
411 1.688952e-09
412 1.098772e-09
413 7.290295e-10
414 4.887137e-10
415 3.253264e-10
416 2.109400e-10
417 1.311596e-10
418 7.741182e-11
419 4.315244e-11
420 1.919254e-08
421 1.449090e-08
422 1.044690e-08
423 7.259689e-09
424 4.811073e-09
425 3.071695e-09
426 1.970076e-09
427 1.274850e-09
428 8.416049e-10
429 5.628487e-10
430 3.752306e-10
431 2.445886e-10
432 1.532839e-10
433 9.137941e-11
434 5.148750e-11
435 2.094906e-08
436 1.591298e-08
437 1.152152e-08
438 8.042616e-09
439 5.356743e-09
440 3.421056e-09
441 2.190038e-09
442 1.412517e-09
443 9.296521e-10
444 6.207197e-10
445 4.140890e-10
446 2.707947e-10
447 1.705707e-10
448 1.022859e-10
449 5.799998e-11
450 2.239575e-08
451 1.709282e-08
452 1.240937e-08
453 8.689224e-09
454 5.809084e-09
455 3.710072e-09
456 2.372224e-09
457 1.526544e-09
458 1.002549e-09
459 6.685805e-10
460 4.463664e-10
461 2.925075e-10
462 1.848583e-10
463 1.113196e-10
464 6.340767e-11
465 2.369368e-08
466 1.814217e-08
467 1.320229e-08
468 9.267137e-09
469 6.211337e-09
470 3.967381e-09
471 2.534168e-09
472 1.627881e-09
473 1.067311e-09
474 7.113244e-10
475 4.750685e-10
476 3.118128e-10
477 1.975897e-10
478 1.193640e-10
479 6.820386e-11
480 2.494617e-08
481 1.915664e-08
482 1.397092e-08
483 9.825780e-09
484 6.601872e-09
485 4.218157e-09
486 2.691691e-09
487 1.726213e-09
488 1.130326e-09
489 7.527001e-10
490 5.029367e-10
491 3.305553e-10
492 2.099412e-10
493 1.271654e-10
494 7.286518e-11
495 2.647162e-08
496 2.039178e-08
497 1.490458e-08
498 1.050695e-08
499 7.074867e-09
500 4.520232e-09
501 2.882455e-09
502 1.845734e-09
503 1.206725e-09
504 8.029715e-10
505 5.366833e-10
506 3.533348e-10
507 2.249901e-10
508 1.366437e-10
509 7.857876e-11
510 2.231787e-08
511 1.709383e-08
512 1.244289e-08
513 8.725968e-09
514 5.855197e-09
515 3.754232e-09
516 2.397180e-09
517 1.541337e-09
518 1.010134e-09
519 6.720626e-10
520 4.479262e-10
521 2.935259e-10
522 1.857732e-10
523 1.121689e-10
524 6.413804e-11
525 2.485044e-08
526 1.922256e-08
527 1.409380e-08
528 9.941628e-09
529 6.722757e-09
530 4.327850e-09
531 2.755488e-09
532 1.765872e-09
533 1.151092e-09
534 7.629704e-10
535 5.081939e-10
536 3.340059e-10
537 2.126515e-10
538 1.294295e-10
539 7.470809e-11
540 2.695319e-08
541 2.099070e-08
542 1.546393e-08
543 1.094897e-08
544 7.443986e-09
545 4.804694e-09
546 3.053178e-09
547 1.952569e-09
548 1.268553e-09
549 8.384796e-10
550 5.583454e-10
551 3.676155e-10
552 2.349520e-10
553 1.437959e-10
554 8.349429e-11
555 2.882617e-08
556 2.256884e-08
557 1.668377e-08
558 1.185021e-08
559 8.086421e-09
560 5.229747e-09
561 3.318405e-09
562 2.118601e-09
563 1.372862e-09
564 9.059969e-10
565 6.029451e-10
566 3.975445e-10
567 2.548408e-10
568 1.565524e-10
569 9.130549e-11
570 3.064120e-08
571 2.409934e-08
572 1.786669e-08
573 1.272188e-08
574 8.709105e-09
575 5.643047e-09
576 3.575788e-09
577 2.279825e-09
578 1.474066e-09
579 9.713016e-10
580 6.463581e-10
581 4.266211e-10
582 2.741152e-10
583 1.689352e-10
584 9.889395e-11
585 3.285069e-08
586 2.595315e-08
587 1.930536e-08
588 1.378138e-08
589 9.464308e-09
590 6.142504e-09
591 3.888155e-09
592 2.475620e-09
593 1.597080e-09
594 1.050524e-09
595 6.987769e-10
596 4.618542e-10
597 2.975734e-10
598 1.839923e-10
599 1.081479e-10
600 2.822761e-08
601 2.214408e-08
602 1.640547e-08
603 1.166127e-08
604 7.966367e-09
605 5.173684e-09
606 3.283174e-09
607 2.097545e-09
608 1.356952e-09
609 8.938129e-10
610 5.937920e-10
611 3.910864e-10
612 2.506603e-10
613 1.540951e-10
614 9.003908e-11
615 3.111378e-08
616 2.465983e-08
617 1.841245e-08
618 1.315770e-08
619 9.050923e-09
620 5.916259e-09
621 3.748974e-09
622 2.389683e-09
623 1.538252e-09
624 1.008379e-09
625 6.685835e-10
626 4.407605e-10
627 2.836648e-10
628 1.755817e-10
629 1.034282e-10
630 3.369298e-08
631 2.690615e-08
632 2.019850e-08
633 1.449395e-08
634 1.001778e-08
635 6.578584e-09
636 4.164494e-09
637 2.650465e-09
638 1.699463e-09
639 1.110808e-09
640 7.351853e-10
641 4.850767e-10
642 3.131187e-10
643 1.947161e-10
644 1.153537e-10
645 3.618490e-08
646 2.907759e-08
647 2.192909e-08
648 1.578624e-08
649 1.095304e-08
650 7.219728e-09
651 4.566607e-09
652 2.902623e-09
653 1.855565e-09
654 1.209879e-09
655 7.999141e-10
656 5.279807e-10
657 3.416175e-10
658 2.132038e-10
659 1.269059e-10
660 3.923211e-08
661 3.173165e-08
662 2.403961e-08
663 1.736128e-08
664 1.209151e-08
665 7.999611e-09
666 5.056257e-09
667 3.209860e-09
668 2.045534e-09
669 1.330270e-09
670 8.781808e-10
671 5.801692e-10
672 3.763594e-10
673 2.358148e-10
674 1.410348e-10
675 3.488159e-08
676 2.803476e-08
677 2.116912e-08
678 1.524691e-08
679 1.057559e-08
680 6.985935e-09
681 4.430716e-09
682 2.815644e-09
683 1.800049e-09
684 1.172306e-09
685 7.738476e-10
686 5.100148e-10
687 3.296430e-10
688 2.055795e-10
689 1.223870e-10
690 3.832695e-08
691 3.113484e-08
692 2.371879e-08
693 1.718542e-08
694 1.199244e-08
695 7.982459e-09
696 5.071310e-09
697 3.214349e-09
698 2.045640e-09
699 1.325876e-09
700 8.719352e-10
701 5.743340e-10
702 3.722422e-10
703 2.334098e-10
704 1.399778e-10
705 4.165949e-08
706 3.413701e-08
707 2.618301e-08
708 1.906255e-08
709 1.336359e-08
710 8.947709e-09
711 5.691405e-09
712 3.600212e-09
713 2.283274e-09
714 1.474218e-09
715 9.670281e-10
716 6.365179e-10
717 4.134159e-10
718 2.603166e-10
719 1.570026e-10
720 4.572739e-08
721 3.779812e-08
722 2.918812e-08
723 2.134749e-08
724 1.503146e-08
725 1.012113e-08
726 6.445833e-09
727 4.069657e-09
728 2.572589e-09
729 1.654906e-09
730 1.082417e-09
731 7.124110e-10
732 4.635416e-10
733 2.930673e-10
734 1.778074e-10
735 4.279627e-08
736 3.527290e-08
737 2.721349e-08
738 1.990058e-08
739 1.399353e-08
740 9.414511e-09
741 6.017986e-09
742 3.799427e-09
743 2.407452e-09
744 1.548847e-09
745 1.012067e-09
746 6.648782e-10
747 4.317204e-10
748 2.723632e-10
749 1.648311e-10
750 4.722305e-08
751 3.938880e-08
752 3.071436e-08
753 2.262919e-08
754 1.600810e-08
755 1.085823e-08
756 6.979064e-09
757 4.394135e-09
758 2.775775e-09
759 1.775002e-09
760 1.153829e-09
761 7.560773e-10
762 4.914685e-10
763 3.113622e-10
764 1.897921e-10
765 5.261112e-08
766 4.440055e-08
767 3.496622e-08
768 2.594638e-08
769 1.845601e-08
770 1.261300e-08
771 8.147403e-09
772 5.116605e-09
773 3.223445e-09
774 2.050128e-09
775 1.326186e-09
776 8.670873e-10
777 5.641508e-10
778 3.588678e-10
779 2.201839e-10
780 5.306505e-08
781 4.498457e-08
782 3.562667e-08
783 2.656463e-08
784 1.895296e-08
785 1.299356e-08
786 8.446739e-09
787 5.308726e-09
788 3.344054e-09
789 2.119428e-09
790 1.366130e-09
791 8.901009e-10
792 5.779371e-10
793 3.676443e-10
794 2.259221e-10
795 6.034757e-08
796 5.198580e-08
797 4.180565e-08
798 3.154713e-08
799 2.269591e-08
800 1.571166e-08
801 1.032558e-08
802 6.487878e-09
803 4.074585e-09
804 2.562333e-09
805 1.638308e-09
806 1.061348e-09
807 6.880420e-10
808 4.389458e-10
809 2.717201e-10
810 7.090893e-08
811 6.254389e-08
812 5.155109e-08
813 3.974984e-08
814 2.903616e-08
815 2.037607e-08
816 1.365094e-08
817 8.662924e-09
818 5.409629e-09
819 3.372905e-09
820 2.126735e-09
821 1.359536e-09
822 8.744607e-10
823 5.576039e-10
824 3.473706e-10
825 5.961804e-07
826 4.525617e-07
827 3.422048e-07
828 2.409012e-07
829 1.516349e-07
830 9.614165e-08
831 5.992455e-08
832 0.000000e+00
833 0.000000e+00
834 0.000000e+00
835 0.000000e+00
836 0.000000e+00
837 0.000000e+00
838 0.000000e+00
839 0.000000e+00
840 7.357161e-07
841 5.594594e-07
842 4.229575e-07
843 2.997599e-07
844 1.889112e-07
845 1.198909e-07
846 7.461823e-08
847 0.000000e+00
848 0.000000e+00
849 0.000000e+00
850 0.000000e+00
851 0.000000e+00
852 0.000000e+00
853 0.000000e+00
854 0.000000e+00
855 8.332600e-07
856 6.341730e-07
857 4.794011e-07
858 3.409088e-07
859 2.149717e-07
860 1.364929e-07
861 8.489052e-08
862 0.000000e+00
863 0.000000e+00
864 0.000000e+00
865 0.000000e+00
866 0.000000e+00
867 0.000000e+00
868 0.000000e+00
869 0.000000e+00
870 9.086119e-07
871 6.918944e-07
872 5.230057e-07
873 3.726930e-07
874 2.351035e-07
875 1.493177e-07
876 9.282545e-08
877 0.000000e+00
878 0.000000e+00
879 0.000000e+00
880 0.000000e+00
881 0.000000e+00
882 0.000000e+00
883 0.000000e+00
884 0.000000e+00
885 9.709311e-07
886 7.396450e-07
887 5.590790e-07
888 3.989864e-07
889 2.517574e-07
890 1.599275e-07
891 9.939029e-08
892 0.000000e+00
893 0.000000e+00
894 0.000000e+00
895 0.000000e+00
896 0.000000e+00
897 0.000000e+00
898 0.000000e+00
899 0.000000e+00
900 1.026506e-06
901 7.822187e-07
902 5.912400e-07
903 4.224284e-07
904 2.666049e-07
905 1.693863e-07
906 1.052437e-07
907 0.000000e+00
908 0.000000e+00
909 0.000000e+00
910 0.000000e+00
911 0.000000e+00
912 0.000000e+00
913 0.000000e+00
914 0.000000e+00
915 1.080409e-06
916 8.235090e-07
917 6.224334e-07
918 4.451675e-07
919 2.810042e-07
920 1.785611e-07
921 1.109203e-07
922 0.000000e+00
923 0.000000e+00
924 0.000000e+00
925 0.000000e+00
926 0.000000e+00
927 0.000000e+00
928 0.000000e+00
929 0.000000e+00
930 1.146029e-06
931 8.737766e-07
932 6.604033e-07
933 4.728514e-07
934 2.985355e-07
935 1.897317e-07
936 1.178309e-07
937 0.000000e+00
938 0.000000e+00
939 0.000000e+00
940 0.000000e+00
941 0.000000e+00
942 0.000000e+00
943 0.000000e+00
944 0.000000e+00
945 2.677963e-07
946 2.179780e-07
947 1.631311e-07
948 1.251429e-07
949 8.738211e-08
950 5.405268e-08
951 3.368023e-08
952 2.087461e-08
953 0.000000e+00
954 0.000000e+00
955 0.000000e+00
956 0.000000e+00
957 0.000000e+00
958 0.000000e+00
959 0.000000e+00
960 4.383759e-07
961 3.599212e-07
962 2.699908e-07
963 2.065521e-07
964 1.463575e-07
965 9.009208e-08
966 5.652332e-08
967 3.493079e-08
968 0.000000e+00
969 0.000000e+00
970 0.000000e+00
971 0.000000e+00
972 0.000000e+00
973 0.000000e+00
974 0.000000e+00
975 5.618497e-07
976 4.629454e-07
977 3.476477e-07
978 2.656550e-07
979 1.893029e-07
980 1.163654e-07
981 7.319918e-08
982 4.517921e-08
983 0.000000e+00
984 0.000000e+00
985 0.000000e+00
986 0.000000e+00
987 0.000000e+00
988 0.000000e+00
989 0.000000e+00
990 6.570559e-07
991 5.423699e-07
992 4.075174e-07
993 3.112290e-07
994 2.224110e-07
995 1.366218e-07
996 8.605424e-08
997 5.307987e-08
998 0.000000e+00
999 0.000000e+00
1000 0.000000e+00
1001 0.000000e+00
1002 0.000000e+00
1003 0.000000e+00
1004 0.000000e+00
1005 7.357914e-07
1006 6.080652e-07
1007 4.570341e-07
1008 3.489216e-07
1009 2.497899e-07
1010 1.533732e-07
1011 9.668526e-08
1012 5.961470e-08
1013 0.000000e+00
1014 0.000000e+00
1015 0.000000e+00
1016 0.000000e+00
1017 0.000000e+00
1018 0.000000e+00
1019 0.000000e+00
1020 8.059948e-07
1021 6.666414e-07
1022 5.011940e-07
1023 3.825291e-07
1024 2.742038e-07
1025 1.683109e-07
1026 1.061646e-07
1027 6.544041e-08
1028 0.000000e+00
1029 0.000000e+00
1030 0.000000e+00
1031 0.000000e+00
1032 0.000000e+00
1033 0.000000e+00
1034 0.000000e+00
1035 8.740851e-07
1036 7.234489e-07
1037 5.440145e-07
1038 4.151232e-07
1039 2.978797e-07
1040 1.827991e-07
1041 1.153574e-07
1042 7.109088e-08
1043 0.000000e+00
1044 0.000000e+00
1045 0.000000e+00
1046 0.000000e+00
1047 0.000000e+00
1048 0.000000e+00
1049 0.000000e+00
1050 9.570126e-07
1051 7.926217e-07
1052 5.961573e-07
1053 4.548113e-07
1054 3.267111e-07
1055 2.004394e-07
1056 1.265519e-07
1057 7.797139e-08
1058 0.000000e+00
1059 0.000000e+00
1060 0.000000e+00
1061 0.000000e+00
1062 0.000000e+00
1063 0.000000e+00
1064 0.000000e+00
1065 2.305287e-07
1066 2.040344e-07
1067 1.584434e-07
1068 1.183159e-07
1069 9.115201e-08
1070 5.731514e-08
1071 3.710425e-08
1072 2.234540e-08
1073 1.373660e-08
1074 0.000000e+00
1075 0.000000e+00
1076 0.000000e+00
1077 0.000000e+00
1078 0.000000e+00
1079 0.000000e+00
1080 3.631405e-07
1081 3.233801e-07
1082 2.523346e-07
1083 1.882449e-07
1084 1.451924e-07
1085 9.230835e-08
1086 5.946949e-08
1087 3.580677e-08
1088 2.201055e-08
1089 0.000000e+00
1090 0.000000e+00
1091 0.000000e+00
1092 0.000000e+00
1093 0.000000e+00
1094 0.000000e+00
1095 4.667367e-07
1096 4.167027e-07
1097 3.258272e-07
1098 2.429881e-07
1099 1.874793e-07
1100 1.197578e-07
1101 7.698801e-08
1102 4.635855e-08
1103 2.849502e-08
1104 0.000000e+00
1105 0.000000e+00
1106 0.000000e+00
1107 0.000000e+00
1108 0.000000e+00
1109 0.000000e+00
1110 5.522435e-07
1111 4.937254e-07
1112 3.864798e-07
1113 2.881665e-07
1114 2.223812e-07
1115 1.424086e-07
1116 9.144547e-08
1117 5.506633e-08
1118 3.384645e-08
1119 0.000000e+00
1120 0.000000e+00
1121 0.000000e+00
1122 0.000000e+00
1123 0.000000e+00
1124 0.000000e+00
1125 6.284950e-07
1126 5.624043e-07
1127 4.405620e-07
1128 3.284505e-07
1129 2.535015e-07
1130 1.626044e-07
1131 1.043364e-07
1132 6.283058e-08
1133 3.861803e-08
1134 0.000000e+00
1135 0.000000e+00
1136 0.000000e+00
1137 0.000000e+00
1138 0.000000e+00
1139 0.000000e+00
1140 7.024497e-07
1141 6.290148e-07
1142 4.930154e-07
1143 3.675213e-07
1144 2.836846e-07
1145 1.821911e-07
1146 1.168381e-07
1147 7.036099e-08
1148 4.324591e-08
1149 0.000000e+00
1150 0.000000e+00
1151 0.000000e+00
1152 0.000000e+00
1153 0.000000e+00
1154 0.000000e+00
1155 7.924871e-07
1156 7.101214e-07
1157 5.568840e-07
1158 4.150949e-07
1159 3.204363e-07
1160 2.060433e-07
1161 1.320607e-07
1162 7.953069e-08
1163 4.888071e-08
1164 0.000000e+00
1165 0.000000e+00
1166 0.000000e+00
1167 0.000000e+00
1168 0.000000e+00
1169 0.000000e+00
1170 2.147139e-07
1171 2.019488e-07
1172 1.654127e-07
1173 1.233594e-07
1174 9.466837e-08
1175 6.697824e-08
1176 4.070650e-08
1177 2.504228e-08
1178 1.533082e-08
1179 0.000000e+00
1180 0.000000e+00
1181 0.000000e+00
1182 0.000000e+00
1183 0.000000e+00
1184 0.000000e+00
1185 3.224775e-07
1186 3.044618e-07
1187 2.504424e-07
1188 1.870053e-07
1189 1.432579e-07
1190 1.021279e-07
1191 6.184383e-08
1192 3.823090e-08
1193 2.336758e-08
1194 0.000000e+00
1195 0.000000e+00
1196 0.000000e+00
1197 0.000000e+00
1198 0.000000e+00
1199 0.000000e+00
1200 4.113491e-07
1201 3.890224e-07
1202 3.205897e-07
1203 2.395153e-07
1204 1.833436e-07
1205 1.311332e-07
1206 7.928743e-08
1207 4.911828e-08
1208 3.000102e-08
1209 0.000000e+00
1210 0.000000e+00
1211 0.000000e+00
1212 0.000000e+00
1213 0.000000e+00
1214 0.000000e+00
1215 4.904903e-07
1216 4.643216e-07
1217 3.830497e-07
1218 2.862770e-07
1219 2.190391e-07
1220 1.569610e-07
1221 9.482086e-08
1222 5.881283e-08
1223 3.590732e-08
1224 0.000000e+00
1225 0.000000e+00
1226 0.000000e+00
1227 0.000000e+00
1228 0.000000e+00
1229 0.000000e+00
1230 5.672522e-07
1231 5.373439e-07
1232 4.436369e-07
1233 3.316310e-07
1234 2.536616e-07
1235 1.820097e-07
1236 1.098847e-07
1237 6.821506e-08
1238 4.163622e-08
1239 0.000000e+00
1240 0.000000e+00
1241 0.000000e+00
1242 0.000000e+00
1243 0.000000e+00
1244 0.000000e+00
1245 6.607226e-07
1246 6.262779e-07
1247 5.174071e-07
1248 3.868574e-07
1249 2.958192e-07
1250 2.125155e-07
1251 1.282312e-07
1252 7.966402e-08
1253 4.861195e-08
1254 0.000000e+00
1255 0.000000e+00
1256 0.000000e+00
1257 0.000000e+00
1258 0.000000e+00
1259 0.000000e+00
1260 2.094508e-07
1261 2.058623e-07
1262 1.773675e-07
1263 1.349551e-07
1264 1.014310e-07
1265 7.718820e-08
1266 4.618964e-08
1267 2.994870e-08
1268 1.794720e-08
1269 1.081875e-08
1270 0.000000e+00
1271 0.000000e+00
1272 0.000000e+00
1273 0.000000e+00
1274 0.000000e+00
1275 3.003911e-07
1276 2.959309e-07
1277 2.557337e-07
1278 1.949429e-07
1279 1.463671e-07
1280 1.116278e-07
1281 6.701117e-08
1282 4.348793e-08
1283 2.602588e-08
1284 1.567436e-08
1285 0.000000e+00
1286 0.000000e+00
1287 0.000000e+00
1288 0.000000e+00
1289 0.000000e+00
1290 3.809731e-07
1291 3.757326e-07
1292 3.251583e-07
1293 2.480822e-07
1294 1.861748e-07
1295 1.421342e-07
1296 8.543657e-08
1297 5.548674e-08
1298 3.317788e-08
1299 1.997471e-08
1300 0.000000e+00
1301 0.000000e+00
1302 0.000000e+00
1303 0.000000e+00
1304 0.000000e+00
1305 4.591069e-07
1306 4.531090e-07
1307 3.924718e-07
1308 2.996050e-07
1309 2.247717e-07
1310 1.717126e-07
1311 1.033091e-07
1312 6.711481e-08
1313 4.011481e-08
1314 2.414488e-08
1315 0.000000e+00
1316 0.000000e+00
1317 0.000000e+00
1318 0.000000e+00
1319 0.000000e+00
1320 5.542493e-07
1321 5.473290e-07
1322 4.743958e-07
1323 3.623103e-07
1324 2.717454e-07
1325 2.077296e-07
1326 1.250720e-07
1327 8.127412e-08
1328 4.856179e-08
1329 2.922408e-08
1330 0.000000e+00
1331 0.000000e+00
1332 0.000000e+00
1333 0.000000e+00
1334 0.000000e+00
1335 1.189750e-07
1336 1.204553e-07
1337 1.078686e-07
1338 8.423037e-08
1339 6.260804e-08
1340 4.860314e-08
1341 3.062811e-08
1342 1.982857e-08
1343 1.170189e-08
1344 7.025873e-09
1345 0.000000e+00
1346 0.000000e+00
1347 0.000000e+00
1348 0.000000e+00
1349 0.000000e+00
1350 2.102156e-07
1351 2.135945e-07
1352 1.922399e-07
1353 1.507471e-07
1354 1.119866e-07
1355 8.693857e-08
1356 5.538971e-08
1357 3.564784e-08
1358 2.102959e-08
1359 1.264312e-08
1360 0.000000e+00
1361 0.000000e+00
1362 0.000000e+00
1363 0.000000e+00
1364 0.000000e+00
1365 2.916033e-07
1366 2.967173e-07
1367 2.675688e-07
1368 2.101801e-07
1369 1.561063e-07
1370 1.211801e-07
1371 7.754071e-08
1372 4.978599e-08
1373 2.936952e-08
1374 1.766557e-08
1375 0.000000e+00
1376 0.000000e+00
1377 0.000000e+00
1378 0.000000e+00
1379 0.000000e+00
1380 3.703191e-07
1381 3.770996e-07
1382 3.404131e-07
1383 2.676330e-07
1384 1.987573e-07
1385 1.542846e-07
1386 9.895398e-08
1387 6.345453e-08
1388 3.743117e-08
1389 2.251996e-08
1390 0.000000e+00
1391 0.000000e+00
1392 0.000000e+00
1393 0.000000e+00
1394 0.000000e+00
1395 4.661542e-07
1396 4.749637e-07
1397 4.291055e-07
1398 3.375844e-07
1399 2.506862e-07
1400 1.945960e-07
1401 1.250249e-07
1402 8.009163e-08
1403 4.724940e-08
1404 2.843206e-08
1405 0.000000e+00
1406 0.000000e+00
1407 0.000000e+00
1408 0.000000e+00
1409 0.000000e+00
1410 1.343633e-07
1411 1.398865e-07
1412 1.302554e-07
1413 1.053414e-07
1414 7.821391e-08
1415 6.038214e-08
1416 4.152522e-08
1417 2.547710e-08
1418 1.517558e-08
1419 9.164405e-09
1420 0.000000e+00
1421 0.000000e+00
1422 0.000000e+00
1423 0.000000e+00
1424 0.000000e+00
1425 2.164893e-07
1426 2.258592e-07
1427 2.109425e-07
1428 1.711350e-07
1429 1.271387e-07
1430 9.802902e-08
1431 6.789049e-08
1432 4.145263e-08
1433 2.477635e-08
1434 1.495042e-08
1435 0.000000e+00
1436 0.000000e+00
1437 0.000000e+00
1438 0.000000e+00
1439 0.000000e+00
1440 2.953329e-07
1441 3.083884e-07
1442 2.883929e-07
1443 2.342826e-07
1444 1.740976e-07
1445 1.341603e-07
1446 9.319178e-08
1447 5.678393e-08
1448 3.399075e-08
1449 2.050339e-08
1450 0.000000e+00
1451 0.000000e+00
1452 0.000000e+00
1453 0.000000e+00
1454 0.000000e+00
1455 3.912902e-07
1456 4.088334e-07
1457 3.826521e-07
1458 3.111460e-07
1459 2.312507e-07
1460 1.781397e-07
1461 1.239802e-07
1462 7.544500e-08
1463 4.520374e-08
1464 2.726163e-08
1465 0.000000e+00
1466 0.000000e+00
1467 0.000000e+00
1468 0.000000e+00
1469 0.000000e+00
1470 7.111783e-08
1471 7.549156e-08
1472 7.228623e-08
1473 6.023160e-08
1474 4.503874e-08
1475 3.433146e-08
1476 2.509044e-08
1477 1.480440e-08
1478 9.149991e-09
1479 5.471552e-09
1480 0.000000e+00
1481 0.000000e+00
1482 0.000000e+00
1483 0.000000e+00
1484 0.000000e+00
1485 1.518033e-07
1486 1.616796e-07
1487 1.555789e-07
1488 1.303928e-07
1489 9.773606e-08
1490 7.430229e-08
1491 5.478745e-08
1492 3.223976e-08
1493 2.010494e-08
1494 1.198922e-08
1495 0.000000e+00
1496 0.000000e+00
1497 0.000000e+00
1498 0.000000e+00
1499 0.000000e+00
1500 2.306479e-07
1501 2.459421e-07
1502 2.370692e-07
1503 1.991014e-07
1504 1.493691e-07
1505 1.134504e-07
1506 8.390258e-08
1507 4.933893e-08
1508 3.086123e-08
1509 1.838621e-08
1510 0.000000e+00
1511 0.000000e+00
1512 0.000000e+00
1513 0.000000e+00
1514 0.000000e+00
1515 3.263169e-07
1516 3.481799e-07
1517 3.359377e-07
1518 2.824504e-07
1519 2.120016e-07
1520 1.609394e-07
1521 1.192174e-07
1522 7.007924e-08
1523 4.390701e-08
1524 2.614465e-08
1525 0.000000e+00
1526 0.000000e+00
1527 0.000000e+00
1528 0.000000e+00
1529 0.000000e+00
1530 9.488234e-08
1531 1.028248e-07
1532 1.014904e-07
1533 8.773266e-08
1534 6.675719e-08
1535 5.009079e-08
1536 3.833280e-08
1537 2.263879e-08
1538 1.467115e-08
1539 8.629265e-09
1540 5.025268e-09
1541 0.000000e+00
1542 0.000000e+00
1543 0.000000e+00
1544 0.000000e+00
1545 1.738013e-07
1546 1.886914e-07
1547 1.867355e-07
1548 1.619926e-07
1549 1.235311e-07
1550 9.257825e-08
1551 7.102005e-08
1552 4.210759e-08
1553 2.734008e-08
1554 1.605564e-08
1555 9.338114e-09
1556 0.000000e+00
1557 0.000000e+00
1558 0.000000e+00
1559 0.000000e+00
1560 2.688957e-07
1561 2.921509e-07
1562 2.894399e-07
1563 2.514381e-07
1564 1.919162e-07
1565 1.437567e-07
1566 1.103907e-07
1567 6.555519e-08
1568 4.259591e-08
1569 2.499912e-08
1570 1.453235e-08
1571 0.000000e+00
1572 0.000000e+00
1573 0.000000e+00
1574 0.000000e+00
1575 1.225295e-07
1576 1.351661e-07
1577 1.369168e-07
1578 1.225039e-07
1579 9.545342e-08
1580 7.091791e-08
1581 5.516054e-08
1582 3.431529e-08
1583 2.224505e-08
1584 1.289942e-08
1585 7.512385e-09
1586 0.000000e+00
1587 0.000000e+00
1588 0.000000e+00
1589 0.000000e+00
1590 2.169248e-07
1591 2.395322e-07
1592 2.429818e-07
1593 2.178267e-07
1594 1.700028e-07
1595 1.262645e-07
1596 9.822507e-08
1597 6.137073e-08
1598 3.970670e-08
1599 2.301189e-08
1600 1.341535e-08
1601 0.000000e+00
1602 0.000000e+00
1603 0.000000e+00
1604 0.000000e+00
1605 6.394536e-05
1606 4.836735e-05
1607 3.681912e-05
1608 2.644773e-05
1609 1.644313e-05
1610 1.048312e-05
1611 6.511521e-06
1612 0.000000e+00
1613 0.000000e+00
1614 0.000000e+00
1615 0.000000e+00
1616 0.000000e+00
1617 0.000000e+00
1618 0.000000e+00
1619 0.000000e+00
1620 5.104764e-05
1621 4.225942e-05
1622 3.165636e-05
1623 2.419791e-05
1624 1.748808e-05
1625 1.060428e-05
1626 6.679027e-06
1627 4.129216e-06
1628 0.000000e+00
1629 0.000000e+00
1630 0.000000e+00
1631 0.000000e+00
1632 0.000000e+00
1633 0.000000e+00
1634 0.000000e+00
1635 4.023644e-05
1636 3.610772e-05
1637 2.827928e-05
1638 2.102822e-05
1639 1.632499e-05
1640 1.042314e-05
1641 6.751180e-06
1642 4.041353e-06
1643 2.481096e-06
1644 0.000000e+00
1645 0.000000e+00
1646 0.000000e+00
1647 0.000000e+00
1648 0.000000e+00
1649 0.000000e+00
1650 3.254813e-05
1651 3.090394e-05
1652 2.554022e-05
1653 1.906133e-05
1654 1.458204e-05
1655 1.052651e-05
1656 6.303349e-06
1657 3.903943e-06
1658 2.387358e-06
1659 0.000000e+00
1660 0.000000e+00
1661 0.000000e+00
1662 0.000000e+00
1663 0.000000e+00
1664 0.000000e+00
1665 2.700188e-05
1666 2.670568e-05
1667 2.317436e-05
1668 1.768431e-05
1669 1.324843e-05
1670 1.017682e-05
1671 6.077914e-06
1672 3.981187e-06
1673 2.377950e-06
1674 1.423799e-06
1675 0.000000e+00
1676 0.000000e+00
1677 0.000000e+00
1678 0.000000e+00
1679 0.000000e+00
1680 2.277676e-05
1681 2.323966e-05
1682 2.102473e-05
1683 1.654136e-05
1684 1.226778e-05
1685 9.545121e-06
1686 6.125241e-06
1687 3.942467e-06
1688 2.317308e-06
1689 1.395448e-06
1690 0.000000e+00
1691 0.000000e+00
1692 0.000000e+00
1693 0.000000e+00
1694 0.000000e+00
1695 1.942694e-05
1696 2.032309e-05
1697 1.904956e-05
1698 1.549969e-05
1699 1.150942e-05
1700 8.869473e-06
1701 6.193261e-06
1702 3.757098e-06
1703 2.242677e-06
1704 1.355413e-06
1705 0.000000e+00
1706 0.000000e+00
1707 0.000000e+00
1708 0.000000e+00
1709 0.000000e+00
1710 1.672613e-05
1711 1.786665e-05
1712 1.726371e-05
1713 1.453180e-05
1714 1.090296e-05
1715 8.271879e-06
1716 6.152725e-06
1717 3.596234e-06
1718 2.257564e-06
1719 1.343690e-06
1720 0.000000e+00
1721 0.000000e+00
1722 0.000000e+00
1723 0.000000e+00
1724 0.000000e+00
1725 1.444178e-05
1726 1.570692e-05
1727 1.558333e-05
1728 1.355650e-05
1729 1.034907e-05
1730 7.744999e-06
1731 5.965710e-06
1732 3.531329e-06
1733 2.306419e-06
1734 1.353257e-06
1735 7.832423e-07
1736 0.000000e+00
1737 0.000000e+00
1738 0.000000e+00
1739 0.000000e+00
1740 1.244364e-05
1741 1.375417e-05
1742 1.397209e-05
1743 1.254624e-05
1744 9.798879e-06
1745 7.271929e-06
1746 5.665697e-06
1747 3.542722e-06
1748 2.298289e-06
1749 1.329979e-06
1750 7.752769e-07
1751 0.000000e+00
1752 0.000000e+00
1753 0.000000e+00
1754 0.000000e+00
1755 1.332655e-06
1756 1.016963e-06
1757 7.684821e-07
1758 5.512213e-07
1759 3.486013e-07
1760 2.214657e-07
1761 1.375147e-07
1762 0.000000e+00
1763 0.000000e+00
1764 0.000000e+00
1765 0.000000e+00
1766 0.000000e+00
1767 0.000000e+00
1768 0.000000e+00
1769 0.000000e+00
1770 1.192751e-06
1771 9.895071e-07
1772 7.447024e-07
1773 5.677838e-07
1774 4.082116e-07
1775 2.508349e-07
1776 1.584645e-07
1777 9.756384e-08
1778 0.000000e+00
1779 0.000000e+00
1780 0.000000e+00
1781 0.000000e+00
1782 0.000000e+00
1783 0.000000e+00
1784 0.000000e+00
1785 1.048604e-06
1786 9.409530e-07
1787 7.385861e-07
1788 5.507598e-07
1789 4.245978e-07
1790 2.740607e-07
1791 1.752506e-07
1792 1.056437e-07
1793 6.492784e-08
1794 0.000000e+00
1795 0.000000e+00
1796 0.000000e+00
1797 0.000000e+00
1798 0.000000e+00
1799 0.000000e+00
1800 9.266429e-07
1801 8.793850e-07
1802 7.271626e-07
1803 5.441914e-07
1804 4.158313e-07
1805 2.989141e-07
1806 1.805307e-07
1807 1.122787e-07
1808 6.850435e-08
1809 0.000000e+00
1810 0.000000e+00
1811 0.000000e+00
1812 0.000000e+00
1813 0.000000e+00
1814 0.000000e+00
1815 8.249857e-07
1816 8.154489e-07
1817 7.074164e-07
1818 5.408780e-07
1819 4.057186e-07
1820 3.097351e-07
1821 1.872483e-07
1822 1.215590e-07
1823 7.252775e-08
1824 4.368663e-08
1825 0.000000e+00
1826 0.000000e+00
1827 0.000000e+00
1828 0.000000e+00
1829 0.000000e+00
1830 7.389268e-07
1831 7.535433e-07
1832 6.813163e-07
1833 5.366254e-07
1834 3.987497e-07
1835 3.090807e-07
1836 1.993073e-07
1837 1.274436e-07
1838 7.521447e-08
1839 4.523203e-08
1840 0.000000e+00
1841 0.000000e+00
1842 0.000000e+00
1843 0.000000e+00
1844 0.000000e+00
1845 6.644279e-07
1846 6.947980e-07
1847 6.507364e-07
1848 5.297120e-07
1849 3.940923e-07
1850 3.032708e-07
1851 2.115129e-07
1852 1.285934e-07
1853 7.727894e-08
1854 4.657153e-08
1855 0.000000e+00
1856 0.000000e+00
1857 0.000000e+00
1858 0.000000e+00
1859 0.000000e+00
1860 5.986310e-07
1861 6.392300e-07
1862 6.171404e-07
1863 5.194600e-07
1864 3.903781e-07
1865 2.962102e-07
1866 2.195355e-07
1867 1.291783e-07
1868 8.107562e-08
1869 4.826942e-08
1870 0.000000e+00
1871 0.000000e+00
1872 0.000000e+00
1873 0.000000e+00
1874 0.000000e+00
1875 5.395196e-07
1876 5.866109e-07
1877 5.815297e-07
1878 5.057145e-07
1879 3.865503e-07
1880 2.895517e-07
1881 2.222455e-07
1882 1.323416e-07
1883 8.586085e-08
1884 5.032937e-08
1885 2.934787e-08
1886 0.000000e+00
1887 0.000000e+00
1888 0.000000e+00
1889 0.000000e+00
1890 4.851144e-07
1891 5.360744e-07
1892 5.441606e-07
1893 4.883515e-07
1894 3.817397e-07
1895 2.836566e-07
1896 2.204511e-07
1897 1.382500e-07
1898 8.913015e-08
1899 5.166558e-08
1900 3.014260e-08
1901 0.000000e+00
1902 0.000000e+00
1903 0.000000e+00
1904 0.000000e+00
1905 5.792423e-09
1906 4.066962e-09
1907 2.738210e-09
1908 1.776354e-09
1909 1.149129e-09
1910 7.523657e-10
1911 5.018887e-10
1912 3.396548e-10
1913 2.296323e-10
1914 1.520251e-10
1915 9.675176e-11
1916 5.842660e-11
1917 3.328230e-11
1918 1.790434e-11
1919 9.180644e-12
1920 1.455004e-08
1921 1.063944e-08
1922 7.502597e-09
1923 5.047853e-09
1924 3.243152e-09
1925 2.081688e-09
1926 1.347802e-09
1927 8.912513e-10
1928 6.000386e-10
1929 4.051184e-10
1930 2.686406e-10
1931 1.715628e-10
1932 1.041555e-10
1933 5.967864e-11
1934 3.218780e-11
1935 2.270658e-08
1936 1.711463e-08
1937 1.233938e-08
1938 8.582025e-09
1939 5.648485e-09
1940 3.592408e-09
1941 2.300723e-09
1942 1.489404e-09
1943 9.858394e-10
1944 6.620342e-10
1945 4.432937e-10
1946 2.898908e-10
1947 1.819720e-10
1948 1.083983e-10
1949 6.084204e-11
1950 3.081589e-08
1951 2.391676e-08
1952 1.756320e-08
1953 1.244115e-08
1954 8.424090e-09
1955 5.386101e-09
1956 3.427206e-09
1957 2.186852e-09
1958 1.424880e-09
1959 9.463630e-10
1960 6.330465e-10
1961 4.182450e-10
1962 2.677440e-10
1963 1.636725e-10
1964 9.466324e-11
1965 3.914360e-08
1966 3.124741e-08
1967 2.340211e-08
1968 1.679784e-08
1969 1.161858e-08
1970 7.569180e-09
1971 4.778871e-09
1972 3.034222e-09
1973 1.948002e-09
1974 1.276837e-09
1975 8.486800e-10
1976 5.624781e-10
1977 3.643472e-10
1978 2.268947e-10
1979 1.343475e-10
1980 4.787355e-08
1981 3.925813e-08
1982 3.003571e-08
1983 2.184025e-08
1984 1.533414e-08
1985 1.021987e-08
1986 6.450597e-09
1987 4.084701e-09
1988 2.587451e-09
1989 1.673623e-09
1990 1.101884e-09
1991 7.288230e-10
1992 4.752091e-10
1993 3.000269e-10
1994 1.810391e-10
1995 5.727131e-08
1996 4.818937e-08
1997 3.772488e-08
1998 2.784176e-08
1999 1.977890e-08
2000 1.345865e-08
2001 8.592352e-09
2002 5.405721e-09
2003 3.396279e-09
2004 2.169261e-09
2005 1.411438e-09
2006 9.280371e-10
2007 6.063032e-10
2008 3.864786e-10
2009 2.367752e-10
2010 6.792696e-08
2011 5.863720e-08
2012 4.706296e-08
2013 3.537897e-08
2014 2.542560e-08
2015 1.760350e-08
2016 1.147068e-08
2017 7.173153e-09
2018 4.498024e-09
2019 2.833035e-09
2020 1.816914e-09
2021 1.182992e-09
2022 7.709493e-10
2023 4.942101e-10
2024 3.064826e-10
2025 8.106838e-08
2026 7.193501e-08
2027 5.941100e-08
2028 4.574190e-08
2029 3.337066e-08
2030 2.345957e-08
2031 1.567823e-08
2032 9.854086e-09
2033 6.158631e-09
2034 3.826602e-09
2035 2.415365e-09
2036 1.549557e-09
2037 1.001772e-09
2038 6.423865e-10
2039 4.020909e-10
2040 1.024580e-07
2041 9.435181e-08
2042 8.121201e-08
2043 6.506535e-08
2044 4.886501e-08
2045 3.505794e-08
2046 2.416028e-08
2047 1.566329e-08
2048 9.725106e-09
2049 6.005700e-09
2050 3.704282e-09
2051 2.314684e-09
2052 1.464467e-09
2053 9.288361e-10
2054 5.823625e-10
2055 2.108771e-07
2056 2.159168e-07
2057 2.101652e-07
2058 1.926302e-07
2059 1.648388e-07
2060 1.311198e-07
2061 9.770162e-08
2062 6.951758e-08
2063 4.741979e-08
2064 3.006807e-08
2065 1.813399e-08
2066 1.072952e-08
2067 6.245084e-09
2068 3.613319e-09
2069 2.095581e-09
