0 2.321984e-09
1 1.572168e-09
2 1.032346e-09
3 6.757643e-10
4 4.490588e-10
5 3.044191e-10
6 2.097707e-10
7 1.448483e-10
8 9.851048e-11
9 6.491635e-11
10 4.095525e-11
11 2.454900e-11
12 1.393537e-11
13 7.518198e-12
14 3.891202e-12
15 3.727770e-09
16 2.575000e-09
17 1.710629e-09
18 1.112590e-09
19 7.301206e-10
20 4.875290e-10
21 3.326006e-10
22 2.296296e-10
23 1.578216e-10
24 1.060830e-10
25 6.868145e-11
26 4.240112e-11
27 2.478646e-11
28 1.372092e-11
29 7.241324e-12
30 4.238189e-09
31 2.944365e-09
32 1.966382e-09
33 1.278723e-09
34 8.362064e-10
35 5.560035e-10
36 3.779250e-10
37 2.605682e-10
38 1.794116e-10
39 1.211250e-10
40 7.895426e-11
41 4.913481e-11
42 2.896644e-11
43 1.616216e-11
44 8.585285e-12
45 4.532706e-09
46 3.157712e-09
47 2.113876e-09
48 1.374781e-09
49 8.976476e-10
50 5.957105e-10
51 4.041614e-10
52 2.784573e-10
53 1.919309e-10
54 1.298093e-10
55 8.488704e-11
56 5.301789e-11
57 3.138596e-11
58 1.757373e-11
59 9.360392e-12
60 4.738574e-09
61 3.306874e-09
62 2.216682e-09
63 1.441592e-09
64 9.404673e-10
65 6.233317e-10
66 4.224186e-10
67 2.909318e-10
68 2.006412e-10
69 1.358710e-10
70 8.901824e-11
71 5.573409e-11
72 3.307479e-11
73 1.855916e-11
74 9.902722e-12
75 4.898254e-09
76 3.421843e-09
77 2.296447e-09
78 1.493424e-09
79 9.735300e-10
80 6.447383e-10
81 4.365577e-10
82 3.005769e-10
83 2.072748e-10
84 1.405726e-10
85 9.221775e-11
86 5.782719e-11
87 3.437251e-11
88 1.932156e-11
89 1.031999e-11
90 5.029363e-09
91 3.517110e-09
92 2.362347e-09
93 1.536232e-09
94 1.000920e-09
95 6.624489e-10
96 4.482521e-10
97 3.085490e-10
98 2.129073e-10
99 1.444536e-10
100 9.486850e-11
101 5.956273e-11
102 3.545371e-11
103 1.995044e-11
104 1.066484e-11
105 5.146447e-09
106 3.602317e-09
107 2.421129e-09
108 1.574503e-09
109 1.025327e-09
110 6.781226e-10
111 4.586480e-10
112 3.156579e-10
113 2.177869e-10
114 1.478879e-10
115 9.722392e-11
116 6.111162e-11
117 3.641282e-11
118 2.050772e-11
119 1.097422e-11
120 5.259585e-09
121 3.684130e-09
122 2.478252e-09
123 1.611319e-09
124 1.049013e-09
125 6.934428e-10
126 4.687953e-10
127 3.225877e-10
128 2.225903e-10
129 1.512093e-10
130 9.948987e-11
131 6.261135e-11
132 3.734452e-11
133 2.105253e-11
134 1.127444e-11
135 5.398446e-09
136 3.784581e-09
137 2.546867e-09
138 1.656220e-09
139 1.077600e-09
140 7.119019e-10
141 4.809675e-10
142 3.308978e-10
143 2.284273e-10
144 1.553248e-10
145 1.023000e-10
146 6.442588e-11
147 3.847354e-11
148 2.171488e-11
149 1.163661e-11
150 7.228463e-09
151 5.142557e-09
152 3.518908e-09
153 2.305214e-09
154 1.490399e-09
155 9.753124e-10
156 6.510508e-10
157 4.443954e-10
158 3.066087e-10
159 2.100793e-10
160 1.403347e-10
161 9.010789e-11
162 5.500364e-11
163 3.172391e-11
164 1.731222e-11
165 8.980205e-09
166 6.453302e-09
167 4.469832e-09
168 2.958500e-09
169 1.907508e-09
170 1.241260e-09
171 8.208029e-10
172 5.561854e-10
173 3.826179e-10
174 2.629068e-10
175 1.771280e-10
176 1.151835e-10
177 7.141867e-11
178 4.186789e-11
179 2.319684e-11
180 1.003342e-08
181 7.245782e-09
182 5.044639e-09
183 3.356074e-09
184 2.162786e-09
185 1.403795e-09
186 9.245238e-10
187 6.241337e-10
188 4.285786e-10
189 2.948070e-10
190 1.993801e-10
191 1.303668e-10
192 8.138378e-11
193 4.807212e-11
194 2.680822e-11
195 1.077147e-08
196 7.800523e-09
197 5.447619e-09
198 3.634270e-09
199 2.341881e-09
200 1.517546e-09
201 9.971597e-10
202 6.714500e-10
203 4.608330e-10
204 3.171601e-10
205 2.149161e-10
206 1.410154e-10
207 8.837691e-11
208 5.241507e-11
209 2.934405e-11
210 1.134075e-08
211 8.228530e-09
212 5.758538e-09
213 3.849109e-09
214 2.480061e-09
215 1.605249e-09
216 1.053171e-09
217 7.083239e-10
218 4.856906e-10
219 3.344562e-10
220 2.269500e-10
221 1.491916e-10
222 9.376095e-11
223 5.576228e-11
224 3.129830e-11
225 1.180970e-08
226 8.581178e-09
227 6.014319e-09
228 4.025981e-09
229 2.593290e-09
230 1.677478e-09
231 1.099269e-09
232 7.385606e-10
233 5.061925e-10
234 3.486743e-10
235 2.368330e-10
236 1.559600e-10
237 9.819760e-11
238 5.852531e-11
239 3.290046e-11
240 1.223104e-08
241 8.897409e-09
242 6.244340e-09
243 4.184781e-09
244 2.695311e-09
245 1.742321e-09
246 1.140755e-09
247 7.656454e-10
248 5.244830e-10
249 3.614457e-10
250 2.457206e-10
251 1.620238e-10
252 1.021858e-10
253 6.099909e-11
254 3.435024e-11
255 1.263685e-08
256 9.203419e-09
257 6.465927e-09
258 4.339430e-09
259 2.794641e-09
260 1.805396e-09
261 1.180650e-09
262 7.919939e-10
263 5.422859e-10
264 3.736681e-10
265 2.542827e-10
266 1.678649e-10
267 1.060182e-10
268 6.340560e-11
269 3.574760e-11
270 1.313432e-08
271 9.576998e-09
272 6.737314e-09
273 4.525490e-09
274 2.913977e-09
275 1.881709e-09
276 1.229576e-09
277 8.239051e-10
278 5.638709e-10
279 3.887845e-10
280 2.647912e-10
281 1.750463e-10
282 1.107389e-10
283 6.630784e-11
284 3.744524e-11
285 1.196199e-08
286 8.734813e-09
287 6.146302e-09
288 4.147670e-09
289 2.683517e-09
290 1.732440e-09
291 1.132252e-09
292 7.569262e-10
293 5.164286e-10
294 3.549709e-10
295 2.413274e-10
296 1.594191e-10
297 1.009847e-10
298 6.065937e-11
299 3.440084e-11
300 1.396429e-08
301 1.029299e-08
302 7.298016e-09
303 4.973543e-09
304 3.235334e-09
305 2.080380e-09
306 1.352673e-09
307 8.979262e-10
308 6.092627e-10
309 4.181970e-10
310 2.852011e-10
311 1.897443e-10
312 1.214100e-10
313 7.380493e-11
314 4.238708e-11
315 1.539246e-08
316 1.140684e-08
317 8.122804e-09
318 5.565182e-09
319 3.632371e-09
320 2.330590e-09
321 1.511664e-09
322 9.992759e-10
323 6.760956e-10
324 4.635509e-10
325 3.165547e-10
326 2.114562e-10
327 1.360458e-10
328 8.325204e-11
329 4.813371e-11
330 1.649582e-08
331 1.226806e-08
332 8.760336e-09
333 6.022280e-09
334 3.939625e-09
335 2.524031e-09
336 1.634357e-09
337 1.077470e-09
338 7.275052e-10
339 4.986042e-10
340 3.408485e-10
341 2.282412e-10
342 1.473640e-10
343 9.054315e-11
344 5.256694e-11
345 1.740710e-08
346 1.298078e-08
347 9.287568e-09
348 6.400741e-09
349 4.193173e-09
350 2.684182e-09
351 1.735983e-09
352 1.142176e-09
353 7.701077e-10
354 5.275560e-10
355 3.609386e-10
356 2.421073e-10
357 1.567045e-10
358 9.657266e-11
359 5.622489e-11
360 1.822184e-08
361 1.361379e-08
362 9.756135e-09
363 6.736829e-09
364 4.419035e-09
365 2.826330e-09
366 1.826364e-09
367 1.199669e-09
368 8.079145e-10
369 5.532536e-10
370 3.787546e-10
371 2.544359e-10
372 1.650213e-10
373 1.019313e-10
374 5.950287e-11
375 1.901134e-08
376 1.423110e-08
377 1.021261e-08
378 7.064512e-09
379 4.638485e-09
380 2.965147e-09
381 1.914339e-09
382 1.255775e-09
383 8.448278e-10
384 5.782660e-10
385 3.961216e-10
386 2.664350e-10
387 1.731271e-10
388 1.071588e-10
389 6.267592e-11
390 1.996878e-08
391 1.497639e-08
392 1.076531e-08
393 7.461300e-09
394 4.905115e-09
395 3.132785e-09
396 2.020964e-09
397 1.323700e-09
398 8.895336e-10
399 6.087020e-10
400 4.172169e-10
401 2.810029e-10
402 1.829455e-10
403 1.134809e-10
404 6.653031e-11
405 1.693544e-08
406 1.266718e-08
407 9.076001e-09
408 6.265409e-09
409 4.125701e-09
410 2.643073e-09
411 1.709946e-09
412 1.122776e-09
413 7.549164e-10
414 5.159157e-10
415 3.524553e-10
416 2.363781e-10
417 1.531556e-10
418 9.461363e-11
419 5.530642e-11
420 1.918862e-08
421 1.449073e-08
422 1.045142e-08
423 7.267901e-09
424 4.824807e-09
425 3.090119e-09
426 1.992305e-09
427 1.300097e-09
428 8.693562e-10
429 5.919843e-10
430 4.044907e-10
431 2.723293e-10
432 1.777100e-10
433 1.108152e-10
434 6.545211e-11
435 2.094536e-08
436 1.591369e-08
437 1.152733e-08
438 8.051517e-09
439 5.371561e-09
440 3.439978e-09
441 2.213053e-09
442 1.438758e-09
443 9.585689e-10
444 6.513572e-10
445 4.452096e-10
446 3.004388e-10
447 1.968948e-10
448 1.234614e-10
449 7.337702e-11
450 2.239382e-08
451 1.709059e-08
452 1.241572e-08
453 8.698806e-09
454 5.824336e-09
455 3.729488e-09
456 2.395686e-09
457 1.553498e-09
458 1.032562e-09
459 7.005359e-10
460 4.787572e-10
461 3.236580e-10
462 2.127325e-10
463 1.339201e-10
464 7.991650e-11
465 2.369106e-08
466 1.814103e-08
467 1.320576e-08
468 9.276516e-09
469 6.226305e-09
470 3.987405e-09
471 2.558320e-09
472 1.655767e-09
473 1.098219e-09
474 7.441955e-10
475 5.086742e-10
476 3.444281e-10
477 2.268199e-10
478 1.432403e-10
479 8.577852e-11
480 2.494274e-08
481 1.915537e-08
482 1.397453e-08
483 9.836176e-09
484 6.616724e-09
485 4.237820e-09
486 2.716217e-09
487 1.754631e-09
488 1.161932e-09
489 7.866019e-10
490 5.377306e-10
491 3.643765e-10
492 2.405317e-10
493 1.522631e-10
494 9.143452e-11
495 2.646616e-08
496 2.038982e-08
497 1.490725e-08
498 1.051461e-08
499 7.089688e-09
500 4.540917e-09
501 2.907990e-09
502 1.875171e-09
503 1.239457e-09
504 8.381435e-10
505 5.730371e-10
506 3.887920e-10
507 2.572016e-10
508 1.632384e-10
509 9.831189e-11
510 2.230954e-08
511 1.709079e-08
512 1.244773e-08
513 8.734794e-09
514 5.869193e-09
515 3.773225e-09
516 2.420331e-09
517 1.568181e-09
518 1.039621e-09
519 7.034163e-10
520 4.799094e-10
521 3.242705e-10
522 2.133433e-10
523 1.345964e-10
524 8.061830e-11
525 2.484584e-08
526 1.922071e-08
527 1.409853e-08
528 9.949310e-09
529 6.737098e-09
530 4.347531e-09
531 2.779478e-09
532 1.793777e-09
533 1.182150e-09
534 7.962830e-10
535 5.424656e-10
536 3.671773e-10
537 2.427827e-10
538 1.542664e-10
539 9.321187e-11
540 2.694558e-08
541 2.099081e-08
542 1.546732e-08
543 1.095954e-08
544 7.459377e-09
545 4.825275e-09
546 3.078127e-09
547 1.981351e-09
548 1.300912e-09
549 8.734037e-10
550 5.942604e-10
551 4.027595e-10
552 2.671255e-10
553 1.705970e-10
554 1.036723e-10
555 2.882318e-08
556 2.256598e-08
557 1.668846e-08
558 1.185919e-08
559 8.101983e-09
560 5.250709e-09
561 3.344128e-09
562 2.148613e-09
563 1.406225e-09
564 9.421137e-10
565 6.404346e-10
566 4.345557e-10
567 2.888544e-10
568 1.851511e-10
569 1.130260e-10
570 3.063681e-08
571 2.409583e-08
572 1.786951e-08
573 1.273001e-08
574 8.723037e-09
575 5.663500e-09
576 3.601857e-09
577 2.310433e-09
578 1.508515e-09
579 1.008673e-09
580 6.852132e-10
581 4.651886e-10
582 3.099168e-10
583 1.992554e-10
584 1.220562e-10
585 3.284129e-08
586 2.594964e-08
587 1.930662e-08
588 1.378819e-08
589 9.480086e-09
590 6.164418e-09
591 3.915283e-09
592 2.507327e-09
593 1.632717e-09
594 1.089456e-09
595 7.396556e-10
596 5.025889e-10
597 3.355558e-10
598 2.163881e-10
599 1.330493e-10
600 2.821851e-08
601 2.214153e-08
602 1.640966e-08
603 1.166885e-08
604 7.981373e-09
605 5.194318e-09
606 3.308389e-09
607 2.126830e-09
608 1.389787e-09
609 9.292848e-10
610 6.306315e-10
611 4.271357e-10
612 2.839131e-10
613 1.820066e-10
614 1.112485e-10
615 3.111065e-08
616 2.466078e-08
617 1.841356e-08
618 1.316791e-08
619 9.066329e-09
620 5.937261e-09
621 3.775004e-09
622 2.420312e-09
623 1.572569e-09
624 1.045786e-09
625 7.074526e-10
626 4.793283e-10
627 3.195366e-10
628 2.060813e-10
629 1.269215e-10
630 3.368877e-08
631 2.690401e-08
632 2.020062e-08
633 1.450210e-08
634 1.003316e-08
635 6.599892e-09
636 4.191327e-09
637 2.681992e-09
638 1.735005e-09
639 1.149618e-09
640 7.759916e-10
641 5.258893e-10
642 3.513237e-10
643 2.275544e-10
644 1.409584e-10
645 3.618133e-08
646 2.907585e-08
647 2.193116e-08
648 1.579530e-08
649 1.096758e-08
650 7.240800e-09
651 4.594247e-09
652 2.935098e-09
653 1.892427e-09
654 1.250337e-09
655 8.422752e-10
656 5.707324e-10
657 3.821253e-10
658 2.483064e-10
659 1.544873e-10
660 3.921966e-08
661 3.172012e-08
662 2.403724e-08
663 1.736738e-08
664 1.210729e-08
665 8.022314e-09
666 5.084847e-09
667 3.243621e-09
668 2.084015e-09
669 1.372544e-09
670 9.230937e-10
671 6.256141e-10
672 4.196295e-10
673 2.736344e-10
674 1.709998e-10
675 3.487771e-08
676 2.803374e-08
677 2.117163e-08
678 1.525671e-08
679 1.059113e-08
680 7.007503e-09
681 4.457604e-09
682 2.847437e-09
683 1.836016e-09
684 1.211833e-09
685 8.152505e-10
686 5.515024e-10
687 3.686732e-10
688 2.393578e-10
689 1.488821e-10
690 3.831819e-08
691 3.113320e-08
692 2.371734e-08
693 1.719423e-08
694 1.200757e-08
695 8.004060e-09
696 5.099076e-09
697 3.247339e-09
698 2.083026e-09
699 1.367070e-09
700 9.156228e-10
701 6.185255e-10
702 4.141157e-10
703 2.701319e-10
704 1.691989e-10
705 4.165458e-08
706 3.413098e-08
707 2.618365e-08
708 1.906927e-08
709 1.337751e-08
710 8.968845e-09
711 5.719408e-09
712 3.634240e-09
713 2.322266e-09
714 1.517308e-09
715 1.012729e-09
716 6.831768e-10
717 4.581493e-10
718 2.998963e-10
719 1.888402e-10
720 4.571389e-08
721 3.778678e-08
722 2.918738e-08
723 2.135400e-08
724 1.504690e-08
725 1.014419e-08
726 6.474449e-09
727 4.105325e-09
728 2.613513e-09
729 1.700178e-09
730 1.131006e-09
731 7.621654e-10
732 5.117462e-10
733 3.361796e-10
734 2.127894e-10
735 4.278678e-08
736 3.527046e-08
737 2.721615e-08
738 1.990894e-08
739 1.400841e-08
740 9.436330e-09
741 6.046541e-09
742 3.833559e-09
743 2.446581e-09
744 1.592225e-09
745 1.058413e-09
746 7.121863e-10
747 4.770227e-10
748 3.126808e-10
749 1.974797e-10
750 4.721398e-08
751 3.938159e-08
752 3.071158e-08
753 2.263594e-08
754 1.602127e-08
755 1.088015e-08
756 7.008246e-09
757 4.429413e-09
758 2.816705e-09
759 1.820586e-09
760 1.202759e-09
761 8.063392e-10
762 5.403636e-10
763 3.552830e-10
764 2.257964e-10
765 5.259623e-08
766 4.438841e-08
767 3.496686e-08
768 2.595156e-08
769 1.847067e-08
770 1.263592e-08
771 8.177904e-09
772 5.153605e-09
773 3.266579e-09
774 2.098260e-09
775 1.378315e-09
776 9.210736e-10
777 6.171047e-10
778 4.071855e-10
779 2.602609e-10
780 5.305518e-08
781 4.497648e-08
782 3.562287e-08
783 2.657053e-08
784 1.896560e-08
785 1.301548e-08
786 8.476877e-09
787 5.345345e-09
788 3.386910e-09
789 2.167479e-09
790 1.418105e-09
791 9.439596e-10
792 6.310080e-10
793 4.159412e-10
794 2.661989e-10
795 6.033005e-08
796 5.198033e-08
797 4.180479e-08
798 3.155187e-08
799 2.270952e-08
800 1.573424e-08
801 1.035522e-08
802 6.526066e-09
803 4.119733e-09
804 2.613338e-09
805 1.694037e-09
806 1.119641e-09
807 7.459449e-10
808 4.926575e-10
809 3.172226e-10
810 7.088472e-08
811 6.253656e-08
812 5.154806e-08
813 3.975255e-08
814 2.904810e-08
815 2.039740e-08
816 1.368135e-08
817 8.702000e-09
818 5.457143e-09
819 3.427476e-09
820 2.186935e-09
821 1.423263e-09
822 9.386108e-10
823 6.181461e-10
824 3.998453e-10
825 6.037099e-07
826 4.583754e-07
827 3.422747e-07
828 2.372954e-07
829 1.504493e-07
830 9.521920e-08
831 5.991368e-08
832 0.000000e+00
833 0.000000e+00
834 0.000000e+00
835 0.000000e+00
836 0.000000e+00
837 0.000000e+00
838 0.000000e+00
839 0.000000e+00
840 7.385971e-07
841 5.623465e-07
842 4.205177e-07
843 2.938755e-07
844 1.868910e-07
845 1.182857e-07
846 7.430503e-08
847 0.000000e+00
848 0.000000e+00
849 0.000000e+00
850 0.000000e+00
851 0.000000e+00
852 0.000000e+00
853 0.000000e+00
854 0.000000e+00
855 8.332291e-07
856 6.353208e-07
857 4.754382e-07
858 3.335907e-07
859 2.124939e-07
860 1.344919e-07
861 8.441722e-08
862 0.000000e+00
863 0.000000e+00
864 0.000000e+00
865 0.000000e+00
866 0.000000e+00
867 0.000000e+00
868 0.000000e+00
869 0.000000e+00
870 9.063250e-07
871 6.916898e-07
872 5.178661e-07
873 3.642657e-07
874 2.322673e-07
875 1.470066e-07
876 9.222840e-08
877 0.000000e+00
878 0.000000e+00
879 0.000000e+00
880 0.000000e+00
881 0.000000e+00
882 0.000000e+00
883 0.000000e+00
884 0.000000e+00
885 9.667851e-07
886 7.383123e-07
887 5.529574e-07
888 3.896382e-07
889 2.486219e-07
890 1.573611e-07
891 9.868880e-08
892 0.000000e+00
893 0.000000e+00
894 0.000000e+00
895 0.000000e+00
896 0.000000e+00
897 0.000000e+00
898 0.000000e+00
899 0.000000e+00
900 1.020690e-06
901 7.798890e-07
902 5.842468e-07
903 4.122587e-07
904 2.632042e-07
905 1.665914e-07
906 1.044502e-07
907 0.000000e+00
908 0.000000e+00
909 0.000000e+00
910 0.000000e+00
911 0.000000e+00
912 0.000000e+00
913 0.000000e+00
914 0.000000e+00
915 1.072975e-06
916 8.202130e-07
917 6.145962e-07
918 4.342066e-07
919 2.773483e-07
920 1.755436e-07
921 1.100375e-07
922 0.000000e+00
923 0.000000e+00
924 0.000000e+00
925 0.000000e+00
926 0.000000e+00
927 0.000000e+00
928 0.000000e+00
929 0.000000e+00
930 1.136617e-06
931 8.693052e-07
932 6.515405e-07
933 4.609236e-07
934 2.945657e-07
935 1.864419e-07
936 1.168394e-07
937 0.000000e+00
938 0.000000e+00
939 0.000000e+00
940 0.000000e+00
941 0.000000e+00
942 0.000000e+00
943 0.000000e+00
944 0.000000e+00
945 3.316396e-07
946 2.622377e-07
947 1.971502e-07
948 1.490171e-07
949 9.909875e-08
950 6.247602e-08
951 3.879847e-08
952 2.428979e-08
953 0.000000e+00
954 0.000000e+00
955 0.000000e+00
956 0.000000e+00
957 0.000000e+00
958 0.000000e+00
959 0.000000e+00
960 4.926664e-07
961 3.939954e-07
962 2.965594e-07
963 2.245083e-07
964 1.521028e-07
965 9.547246e-08
966 5.956798e-08
967 3.713944e-08
968 0.000000e+00
969 0.000000e+00
970 0.000000e+00
971 0.000000e+00
972 0.000000e+00
973 0.000000e+00
974 0.000000e+00
975 6.103328e-07
976 4.907401e-07
977 3.697444e-07
978 2.800255e-07
979 1.912889e-07
980 1.199458e-07
981 7.498227e-08
982 4.666383e-08
983 0.000000e+00
984 0.000000e+00
985 0.000000e+00
986 0.000000e+00
987 0.000000e+00
988 0.000000e+00
989 0.000000e+00
990 7.012311e-07
991 5.655365e-07
992 4.263252e-07
993 3.229507e-07
994 2.215844e-07
995 1.388781e-07
996 8.690214e-08
997 5.402864e-08
998 0.000000e+00
999 0.000000e+00
1000 0.000000e+00
1001 0.000000e+00
1002 0.000000e+00
1003 0.000000e+00
1004 0.000000e+00
1005 7.764323e-07
1006 6.273748e-07
1007 4.731106e-07
1008 3.584420e-07
1009 2.466345e-07
1010 1.545293e-07
1011 9.675737e-08
1012 6.011833e-08
1013 0.000000e+00
1014 0.000000e+00
1015 0.000000e+00
1016 0.000000e+00
1017 0.000000e+00
1018 0.000000e+00
1019 0.000000e+00
1020 8.434742e-07
1021 6.825107e-07
1022 5.148212e-07
1023 3.900868e-07
1024 2.689689e-07
1025 1.684869e-07
1026 1.055442e-07
1027 6.554813e-08
1028 0.000000e+00
1029 0.000000e+00
1030 0.000000e+00
1031 0.000000e+00
1032 0.000000e+00
1033 0.000000e+00
1034 0.000000e+00
1035 9.084939e-07
1036 7.359831e-07
1037 5.552801e-07
1038 4.207786e-07
1039 2.906330e-07
1040 1.820233e-07
1041 1.140664e-07
1042 7.081438e-08
1043 0.000000e+00
1044 0.000000e+00
1045 0.000000e+00
1046 0.000000e+00
1047 0.000000e+00
1048 0.000000e+00
1049 0.000000e+00
1050 9.876528e-07
1051 8.011051e-07
1052 6.045425e-07
1053 4.581516e-07
1054 3.170095e-07
1055 1.985055e-07
1056 1.244445e-07
1057 7.722610e-08
1058 0.000000e+00
1059 0.000000e+00
1060 0.000000e+00
1061 0.000000e+00
1062 0.000000e+00
1063 0.000000e+00
1064 0.000000e+00
1065 2.993081e-07
1066 2.546119e-07
1067 1.942333e-07
1068 1.468020e-07
1069 1.085273e-07
1070 6.747285e-08
1071 4.305878e-08
1072 2.633374e-08
1073 1.644221e-08
1074 0.000000e+00
1075 0.000000e+00
1076 0.000000e+00
1077 0.000000e+00
1078 0.000000e+00
1079 0.000000e+00
1080 4.266941e-07
1081 3.665199e-07
1082 2.812591e-07
1083 2.121171e-07
1084 1.579728e-07
1085 9.911250e-08
1086 6.317379e-08
1087 3.858480e-08
1088 2.402832e-08
1089 0.000000e+00
1090 0.000000e+00
1091 0.000000e+00
1092 0.000000e+00
1093 0.000000e+00
1094 0.000000e+00
1095 5.269695e-07
1096 4.548402e-07
1097 3.500913e-07
1098 2.637912e-07
1099 1.970745e-07
1100 1.242515e-07
1101 7.912250e-08
1102 4.831171e-08
1103 3.004846e-08
1104 0.000000e+00
1105 0.000000e+00
1106 0.000000e+00
1107 0.000000e+00
1108 0.000000e+00
1109 0.000000e+00
1110 6.098267e-07
1111 5.277976e-07
1112 4.069423e-07
1113 3.064730e-07
1114 2.293717e-07
1115 1.450191e-07
1116 9.229806e-08
1117 5.634977e-08
1118 3.502246e-08
1119 0.000000e+00
1120 0.000000e+00
1121 0.000000e+00
1122 0.000000e+00
1123 0.000000e+00
1124 0.000000e+00
1125 6.836839e-07
1126 5.928341e-07
1127 4.576293e-07
1128 3.445234e-07
1129 2.581670e-07
1130 1.635327e-07
1131 1.040444e-07
1132 6.351473e-08
1133 3.945672e-08
1134 0.000000e+00
1135 0.000000e+00
1136 0.000000e+00
1137 0.000000e+00
1138 0.000000e+00
1139 0.000000e+00
1140 7.553369e-07
1141 6.559019e-07
1142 5.067925e-07
1143 3.814320e-07
1144 2.860946e-07
1145 1.814881e-07
1146 1.154366e-07
1147 7.046429e-08
1148 4.375728e-08
1149 0.000000e+00
1150 0.000000e+00
1151 0.000000e+00
1152 0.000000e+00
1153 0.000000e+00
1154 0.000000e+00
1155 8.425751e-07
1156 7.327142e-07
1157 5.666530e-07
1158 4.263741e-07
1159 3.201022e-07
1160 2.033525e-07
1161 1.293069e-07
1162 7.892552e-08
1163 4.899392e-08
1164 0.000000e+00
1165 0.000000e+00
1166 0.000000e+00
1167 0.000000e+00
1168 0.000000e+00
1169 0.000000e+00
1170 2.777744e-07
1171 2.520823e-07
1172 2.004983e-07
1173 1.497726e-07
1174 1.148970e-07
1175 7.649540e-08
1176 4.803035e-08
1177 2.930034e-08
1178 1.802948e-08
1179 0.000000e+00
1180 0.000000e+00
1181 0.000000e+00
1182 0.000000e+00
1183 0.000000e+00
1184 0.000000e+00
1185 3.827090e-07
1186 3.496752e-07
1187 2.799255e-07
1188 2.092509e-07
1189 1.604073e-07
1190 1.081381e-07
1191 6.754960e-08
1192 4.137347e-08
1193 2.541387e-08
1194 0.000000e+00
1195 0.000000e+00
1196 0.000000e+00
1197 0.000000e+00
1198 0.000000e+00
1199 0.000000e+00
1200 4.698394e-07
1201 4.307715e-07
1202 3.459709e-07
1203 2.587378e-07
1204 1.982573e-07
1205 1.344858e-07
1206 8.381211e-08
1207 5.143870e-08
1208 3.156577e-08
1209 0.000000e+00
1210 0.000000e+00
1211 0.000000e+00
1212 0.000000e+00
1213 0.000000e+00
1214 0.000000e+00
1215 5.474439e-07
1216 5.029740e-07
1217 4.047903e-07
1218 3.028067e-07
1219 2.319658e-07
1220 1.579483e-07
1221 9.828949e-08
1222 6.039907e-08
1223 3.704351e-08
1224 0.000000e+00
1225 0.000000e+00
1226 0.000000e+00
1227 0.000000e+00
1228 0.000000e+00
1229 0.000000e+00
1230 6.227182e-07
1231 5.730055e-07
1232 4.618478e-07
1233 3.455515e-07
1234 2.646697e-07
1235 1.807027e-07
1236 1.123304e-07
1237 6.908873e-08
1238 4.235636e-08
1239 0.000000e+00
1240 0.000000e+00
1241 0.000000e+00
1242 0.000000e+00
1243 0.000000e+00
1244 0.000000e+00
1245 7.143353e-07
1246 6.582858e-07
1247 5.313208e-07
1248 3.975952e-07
1249 3.044846e-07
1250 2.084066e-07
1251 1.294283e-07
1252 7.967164e-08
1253 4.882535e-08
1254 0.000000e+00
1255 0.000000e+00
1256 0.000000e+00
1257 0.000000e+00
1258 0.000000e+00
1259 0.000000e+00
1260 1.602174e-07
1261 1.515492e-07
1262 1.252102e-07
1263 9.385924e-08
1264 7.166301e-08
1265 5.128511e-08
1266 3.117555e-08
1267 1.946769e-08
1268 1.186981e-08
1269 0.000000e+00
1270 0.000000e+00
1271 0.000000e+00
1272 0.000000e+00
1273 0.000000e+00
1274 0.000000e+00
1275 2.635902e-07
1276 2.517098e-07
1277 2.102467e-07
1278 1.583145e-07
1279 1.203972e-07
1280 8.748430e-08
1281 5.313428e-08
1282 3.346116e-08
1283 2.031172e-08
1284 0.000000e+00
1285 0.000000e+00
1286 0.000000e+00
1287 0.000000e+00
1288 0.000000e+00
1289 0.000000e+00
1290 3.532194e-07
1291 3.388083e-07
1292 2.845202e-07
1293 2.147642e-07
1294 1.630315e-07
1295 1.192389e-07
1296 7.250269e-08
1297 4.579601e-08
1298 2.774280e-08
1299 0.000000e+00
1300 0.000000e+00
1301 0.000000e+00
1302 0.000000e+00
1303 0.000000e+00
1304 0.000000e+00
1305 4.329238e-07
1306 4.162905e-07
1307 3.505810e-07
1308 2.649834e-07
1309 2.009564e-07
1310 1.474782e-07
1311 8.973731e-08
1312 5.676896e-08
1313 3.435415e-08
1314 0.000000e+00
1315 0.000000e+00
1316 0.000000e+00
1317 0.000000e+00
1318 0.000000e+00
1319 0.000000e+00
1320 5.102006e-07
1321 4.913774e-07
1322 4.146029e-07
1323 3.136649e-07
1324 2.377235e-07
1325 1.748536e-07
1326 1.064454e-07
1327 6.740391e-08
1328 4.076110e-08
1329 0.000000e+00
1330 0.000000e+00
1331 0.000000e+00
1332 0.000000e+00
1333 0.000000e+00
1334 0.000000e+00
1335 6.042982e-07
1336 5.828573e-07
1337 4.925677e-07
1338 3.729324e-07
1339 2.824863e-07
1340 2.081830e-07
1341 1.267770e-07
1342 8.034927e-08
1343 4.856123e-08
1344 0.000000e+00
1345 0.000000e+00
1346 0.000000e+00
1347 0.000000e+00
1348 0.000000e+00
1349 0.000000e+00
1350 1.648812e-07
1351 1.628447e-07
1352 1.414105e-07
1353 1.083938e-07
1354 8.133434e-08
1355 6.185327e-08
1356 3.785407e-08
1357 2.438242e-08
1358 1.458617e-08
1359 8.836360e-09
1360 0.000000e+00
1361 0.000000e+00
1362 0.000000e+00
1363 0.000000e+00
1364 0.000000e+00
1365 2.547932e-07
1366 2.532175e-07
1367 2.217031e-07
1368 1.709332e-07
1369 1.280170e-07
1370 9.772890e-08
1371 6.052997e-08
1372 3.887973e-08
1373 2.321958e-08
1374 1.405229e-08
1375 0.000000e+00
1376 0.000000e+00
1377 0.000000e+00
1378 0.000000e+00
1379 0.000000e+00
1380 3.357669e-07
1381 3.346784e-07
1382 2.941835e-07
1383 2.274650e-07
1384 1.702185e-07
1385 1.301460e-07
1386 8.108691e-08
1387 5.199715e-08
1388 3.103866e-08
1389 1.877554e-08
1390 0.000000e+00
1391 0.000000e+00
1392 0.000000e+00
1393 0.000000e+00
1394 0.000000e+00
1395 4.141071e-07
1396 4.134778e-07
1397 3.642831e-07
1398 2.821407e-07
1399 2.110338e-07
1400 1.615015e-07
1401 1.009649e-07
1402 6.468448e-08
1403 3.859989e-08
1404 2.334261e-08
1405 0.000000e+00
1406 0.000000e+00
1407 0.000000e+00
1408 0.000000e+00
1409 0.000000e+00
1410 5.094911e-07
1411 5.094341e-07
1412 4.496314e-07
1413 3.486984e-07
1414 2.607181e-07
1415 1.996714e-07
1416 1.251689e-07
1417 8.012865e-08
1418 4.780702e-08
1419 2.890392e-08
1420 0.000000e+00
1421 0.000000e+00
1422 0.000000e+00
1423 0.000000e+00
1424 0.000000e+00
1425 1.705562e-07
1426 1.743160e-07
1427 1.583229e-07
1428 1.254074e-07
1429 9.328517e-08
1430 7.207123e-08
1431 4.721101e-08
1432 2.978138e-08
1433 1.772377e-08
1434 1.069453e-08
1435 0.000000e+00
1436 0.000000e+00
1437 0.000000e+00
1438 0.000000e+00
1439 0.000000e+00
1440 2.521433e-07
1441 2.587279e-07
1442 2.363163e-07
1443 1.881875e-07
1444 1.400214e-07
1445 1.080772e-07
1446 7.166217e-08
1447 4.489846e-08
1448 2.680741e-08
1449 1.616719e-08
1450 0.000000e+00
1451 0.000000e+00
1452 0.000000e+00
1453 0.000000e+00
1454 0.000000e+00
1455 3.309662e-07
1456 3.402856e-07
1457 3.116781e-07
1458 2.488557e-07
1459 1.851913e-07
1460 1.428732e-07
1461 9.529741e-08
1462 5.951099e-08
1463 3.559182e-08
1464 2.145871e-08
1465 0.000000e+00
1466 0.000000e+00
1467 0.000000e+00
1468 0.000000e+00
1469 0.000000e+00
1470 4.268842e-07
1471 4.395286e-07
1472 4.033775e-07
1473 3.226789e-07
1474 2.401524e-07
1475 1.852136e-07
1476 1.240517e-07
1477 7.729083e-08
1478 4.627841e-08
1479 2.789642e-08
1480 0.000000e+00
1481 0.000000e+00
1482 0.000000e+00
1483 0.000000e+00
1484 0.000000e+00
1485 9.894112e-08
1486 1.033983e-07
1487 9.685565e-08
1488 7.892731e-08
1489 5.877398e-08
1490 4.517889e-08
1491 3.153924e-08
1492 1.918118e-08
1493 1.159865e-08
1494 6.984188e-09
1495 0.000000e+00
1496 0.000000e+00
1497 0.000000e+00
1498 0.000000e+00
1499 0.000000e+00
1500 1.788084e-07
1501 1.879373e-07
1502 1.775223e-07
1503 1.460109e-07
1504 1.090272e-07
1505 8.349485e-08
1506 5.929373e-08
1507 3.576917e-08
1508 2.187121e-08
1509 1.312741e-08
1510 0.000000e+00
1511 0.000000e+00
1512 0.000000e+00
1513 0.000000e+00
1514 0.000000e+00
1515 2.578173e-07
1516 2.716565e-07
1517 2.575374e-07
1518 2.126885e-07
1519 1.590327e-07
1520 1.215889e-07
1521 8.695247e-08
1522 5.231422e-08
1523 3.214046e-08
1524 1.926197e-08
1525 0.000000e+00
1526 0.000000e+00
1527 0.000000e+00
1528 0.000000e+00
1529 0.000000e+00
1530 3.537287e-07
1531 3.732766e-07
1532 3.546515e-07
1533 2.936130e-07
1534 2.197196e-07
1535 1.678225e-07
1536 1.205190e-07
1537 7.239292e-08
1538 4.459895e-08
1539 2.670532e-08
1540 0.000000e+00
1541 0.000000e+00
1542 0.000000e+00
1543 0.000000e+00
1544 0.000000e+00
1545 1.138232e-07
1546 1.220540e-07
1547 1.186569e-07
1548 1.007857e-07
1549 7.611145e-08
1550 5.753546e-08
1551 4.302612e-08
1552 2.550551e-08
1553 1.617399e-08
1554 9.593634e-09
1555 5.681312e-09
1556 0.000000e+00
1557 0.000000e+00
1558 0.000000e+00
1559 0.000000e+00
1560 1.925702e-07
1561 2.072297e-07
1562 2.025202e-07
1563 1.731603e-07
1564 1.312491e-07
1565 9.896926e-08
1566 7.449601e-08
1567 4.434062e-08
1568 2.825696e-08
1569 1.671083e-08
1570 9.865575e-09
1571 0.000000e+00
1572 0.000000e+00
1573 0.000000e+00
1574 0.000000e+00
1575 2.880934e-07
1576 3.105586e-07
1577 3.042741e-07
1578 2.609933e-07
1579 1.981799e-07
1580 1.492649e-07
1581 1.126922e-07
1582 6.721449e-08
1583 4.292515e-08
1584 2.535037e-08
1585 1.494589e-08
1586 0.000000e+00
1587 0.000000e+00
1588 0.000000e+00
1589 0.000000e+00
1590 1.332869e-07
1591 1.461223e-07
1592 1.467128e-07
1593 1.298152e-07
1594 1.004666e-07
1595 7.491226e-08
1596 5.786759e-08
1597 3.558198e-08
1598 2.296718e-08
1599 1.340270e-08
1600 7.835977e-09
1601 0.000000e+00
1602 0.000000e+00
1603 0.000000e+00
1604 0.000000e+00
1605 2.283560e-07
1606 2.509013e-07
1607 2.527289e-07
1608 2.246020e-07
1609 1.744186e-07
1610 1.299416e-07
1611 1.004821e-07
1612 6.230326e-08
1613 4.010422e-08
1614 2.338051e-08
1615 1.367864e-08
1616 0.000000e+00
1617 0.000000e+00
1618 0.000000e+00
1619 0.000000e+00
1620 5.255116e-05
1621 3.978519e-05
1622 3.017793e-05
1623 2.121187e-05
1624 1.332822e-05
1625 8.446809e-06
1626 5.283525e-06
1627 0.000000e+00
1628 0.000000e+00
1629 0.000000e+00
1630 0.000000e+00
1631 0.000000e+00
1632 0.000000e+00
1633 0.000000e+00
1634 0.000000e+00
1635 3.848334e-05
1636 3.105887e-05
1637 2.326121e-05
1638 1.783012e-05
1639 1.224956e-05
1640 7.646382e-06
1641 4.756227e-06
1642 2.958570e-06
1643 0.000000e+00
1644 0.000000e+00
1645 0.000000e+00
1646 0.000000e+00
1647 0.000000e+00
1648 0.000000e+00
1649 0.000000e+00
1650 2.964705e-05
1651 2.581311e-05
1652 1.985777e-05
1653 1.490536e-05
1654 1.134343e-05
1655 7.044878e-06
1656 4.550667e-06
1657 2.761904e-06
1658 1.709490e-06
1659 0.000000e+00
1660 0.000000e+00
1661 0.000000e+00
1662 0.000000e+00
1663 0.000000e+00
1664 0.000000e+00
1665 2.365711e-05
1666 2.187074e-05
1667 1.762914e-05
1668 1.313020e-05
1669 1.011742e-05
1670 6.917742e-06
1671 4.295964e-06
1672 2.618378e-06
1673 1.609489e-06
1674 0.000000e+00
1675 0.000000e+00
1676 0.000000e+00
1677 0.000000e+00
1678 0.000000e+00
1679 0.000000e+00
1680 1.934093e-05
1681 1.871961e-05
1682 1.584065e-05
1683 1.195493e-05
1684 9.050688e-06
1685 6.739215e-06
1686 4.034148e-06
1687 2.573147e-06
1688 1.556753e-06
1689 0.000000e+00
1690 0.000000e+00
1691 0.000000e+00
1692 0.000000e+00
1693 0.000000e+00
1694 0.000000e+00
1695 1.610197e-05
1696 1.615333e-05
1697 1.429530e-05
1698 1.107363e-05
1699 8.257249e-06
1700 6.377370e-06
1701 3.955094e-06
1702 2.565955e-06
1703 1.523776e-06
1704 9.174879e-07
1705 0.000000e+00
1706 0.000000e+00
1707 0.000000e+00
1708 0.000000e+00
1709 0.000000e+00
1710 1.356703e-05
1711 1.401100e-05
1712 1.290043e-05
1713 1.032650e-05
1714 7.665829e-06
1715 5.932181e-06
1716 3.981046e-06
1717 2.484093e-06
1718 1.475581e-06
1719 8.918560e-07
1720 0.000000e+00
1721 0.000000e+00
1722 0.000000e+00
1723 0.000000e+00
1724 0.000000e+00
1725 1.152676e-05
1726 1.219695e-05
1727 1.162778e-05
1728 9.646457e-06
1729 7.207950e-06
1730 5.504126e-06
1731 3.985682e-06
1732 2.370333e-06
1733 1.459061e-06
1734 8.749856e-07
1735 0.000000e+00
1736 0.000000e+00
1737 0.000000e+00
1738 0.000000e+00
1739 0.000000e+00
1740 9.835750e-06
1741 1.062924e-05
1742 1.044909e-05
1743 8.990033e-06
1744 6.825642e-06
1745 5.131562e-06
1746 3.905210e-06
1747 2.307594e-06
1748 1.486869e-06
1749 8.772944e-07
1750 5.146536e-07
1751 0.000000e+00
1752 0.000000e+00
1753 0.000000e+00
1754 0.000000e+00
1755 8.405767e-06
1756 9.257385e-06
1757 9.355392e-06
1758 8.345085e-06
1759 6.489442e-06
1760 4.825322e-06
1761 3.748010e-06
1762 2.322862e-06
1763 1.505867e-06
1764 8.753780e-07
1765 5.107172e-07
1766 0.000000e+00
1767 0.000000e+00
1768 0.000000e+00
1769 0.000000e+00
1770 1.317107e-06
1771 1.008859e-06
1772 7.565586e-07
1773 5.366098e-07
1774 3.436299e-07
1775 2.174498e-07
1776 1.362169e-07
1777 0.000000e+00
1778 0.000000e+00
1779 0.000000e+00
1780 0.000000e+00
1781 0.000000e+00
1782 0.000000e+00
1783 0.000000e+00
1784 0.000000e+00
1785 1.212264e-06
1786 9.862597e-07
1787 7.448086e-07
1788 5.643048e-07
1789 3.918088e-07
1790 2.454624e-07
1791 1.539991e-07
1792 9.548505e-08
1793 0.000000e+00
1794 0.000000e+00
1795 0.000000e+00
1796 0.000000e+00
1797 0.000000e+00
1798 0.000000e+00
1799 0.000000e+00
1800 1.090220e-06
1801 9.511139e-07
1802 7.369502e-07
1803 5.544221e-07
1804 4.164323e-07
1805 2.657225e-07
1806 1.687468e-07
1807 1.030245e-07
1808 6.391297e-08
1809 0.000000e+00
1810 0.000000e+00
1811 0.000000e+00
1812 0.000000e+00
1813 0.000000e+00
1814 0.000000e+00
1815 9.746726e-07
1816 9.008542e-07
1817 7.288103e-07
1818 5.458839e-07
1819 4.176077e-07
1820 2.871052e-07
1821 1.780897e-07
1822 1.098129e-07
1823 6.725492e-08
1824 0.000000e+00
1825 0.000000e+00
1826 0.000000e+00
1827 0.000000e+00
1828 0.000000e+00
1829 0.000000e+00
1830 8.717535e-07
1831 8.430126e-07
1832 7.142379e-07
1833 5.417237e-07
1834 4.100160e-07
1835 3.026799e-07
1836 1.848051e-07
1837 1.172177e-07
1838 7.076567e-08
1839 0.000000e+00
1840 0.000000e+00
1841 0.000000e+00
1842 0.000000e+00
1843 0.000000e+00
1844 0.000000e+00
1845 7.806972e-07
1846 7.824661e-07
1847 6.923174e-07
1848 5.381766e-07
1849 4.024012e-07
1850 3.080260e-07
1851 1.941979e-07
1852 1.240980e-07
1853 7.401936e-08
1854 4.474489e-08
1855 0.000000e+00
1856 0.000000e+00
1857 0.000000e+00
1858 0.000000e+00
1859 0.000000e+00
1860 6.996954e-07
1861 7.219735e-07
1862 6.641397e-07
1863 5.326530e-07
1864 3.967923e-07
1865 3.055919e-07
1866 2.058842e-07
1867 1.279181e-07
1868 7.677227e-08
1869 4.624763e-08
1870 0.000000e+00
1871 0.000000e+00
1872 0.000000e+00
1873 0.000000e+00
1874 0.000000e+00
1875 6.266848e-07
1876 6.626479e-07
1877 6.309699e-07
1878 5.238182e-07
1879 3.926557e-07
1880 2.995045e-07
1881 2.159453e-07
1882 1.296090e-07
1883 8.013377e-08
1884 4.793051e-08
1885 0.000000e+00
1886 0.000000e+00
1887 0.000000e+00
1888 0.000000e+00
1889 0.000000e+00
1890 5.600946e-07
1891 6.049111e-07
1892 5.939051e-07
1893 5.108814e-07
1894 3.888473e-07
1895 2.926408e-07
1896 2.212849e-07
1897 1.324074e-07
1898 8.462056e-08
1899 4.990633e-08
1900 2.942836e-08
1901 0.000000e+00
1902 0.000000e+00
1903 0.000000e+00
1904 0.000000e+00
1905 4.988748e-07
1906 5.491425e-07
1907 5.542727e-07
1908 4.940308e-07
1909 3.847878e-07
1910 2.866767e-07
1911 2.215874e-07
1912 1.383388e-07
1913 8.870268e-08
1914 5.171254e-08
1915 3.028660e-08
1916 0.000000e+00
1917 0.000000e+00
1918 0.000000e+00
1919 0.000000e+00
1920 5.792693e-09
1921 4.070084e-09
1922 2.744161e-09
1923 1.784917e-09
1924 1.159940e-09
1925 7.650975e-10
1926 5.161310e-10
1927 3.548699e-10
1928 2.451090e-10
1929 1.669359e-10
1930 1.102080e-10
1931 6.962318e-11
1932 4.170833e-11
1933 2.360623e-11
1934 1.267455e-11
1935 1.454728e-08
1936 1.064044e-08
1937 7.508168e-09
1938 5.057280e-09
1939 3.257434e-09
1940 2.099441e-09
1941 1.368590e-09
1942 9.150073e-10
1943 6.257636e-10
1944 4.316534e-10
1945 2.945920e-10
1946 1.953796e-10
1947 1.240980e-10
1948 7.463196e-11
1949 4.227722e-11
1950 2.270174e-08
1951 1.711397e-08
1952 1.234375e-08
1953 8.591942e-09
1954 5.663852e-09
1955 3.612519e-09
1956 2.325426e-09
1957 1.517808e-09
1958 1.017236e-09
1959 6.955274e-10
1960 4.773193e-10
1961 3.225152e-10
1962 2.109768e-10
1963 1.315602e-10
1964 7.749785e-11
1965 3.080943e-08
1966 2.391453e-08
1967 1.756650e-08
1968 1.245037e-08
1969 8.439784e-09
1970 5.407800e-09
1971 3.454230e-09
1972 2.218756e-09
1973 1.460638e-09
1974 9.853090e-10
1975 6.735649e-10
1976 4.582625e-10
1977 3.046339e-10
1978 1.945510e-10
1979 1.179223e-10
1980 3.913575e-08
1981 3.124543e-08
1982 2.340342e-08
1983 1.680661e-08
1984 1.163462e-08
1985 7.592418e-09
1986 4.808277e-09
1987 3.068912e-09
1988 1.987514e-09
1989 1.320426e-09
1990 8.948627e-10
1991 6.090499e-10
1992 4.085171e-10
1993 2.652702e-10
1994 1.643587e-10
1995 4.786415e-08
1996 3.925258e-08
1997 3.003405e-08
1998 2.184718e-08
1999 1.534959e-08
2000 1.024296e-08
2001 6.481584e-09
2002 4.121908e-09
2003 2.630204e-09
2004 1.721468e-09
2005 1.153376e-09
2006 7.816097e-10
2007 5.263635e-10
2008 3.457110e-10
2009 2.179441e-10
2010 5.726030e-08
2011 4.818209e-08
2012 3.772306e-08
2013 2.784768e-08
2014 1.979302e-08
2015 1.348148e-08
2016 8.624468e-09
2017 5.444784e-09
2018 3.442247e-09
2019 2.220897e-09
2020 1.467681e-09
2021 9.866848e-10
2022 6.642258e-10
2023 4.394084e-10
2024 2.808555e-10
2025 6.791453e-08
2026 5.862925e-08
2027 4.705901e-08
2028 3.538212e-08
2029 2.543826e-08
2030 1.762662e-08
2031 1.150313e-08
2032 7.214243e-09
2033 4.546812e-09
2034 2.888736e-09
2035 1.878111e-09
2036 1.247491e-09
2037 8.357316e-10
2038 5.546861e-10
2039 3.582834e-10
2040 8.105369e-08
2041 7.192371e-08
2042 5.940482e-08
2043 4.574353e-08
2044 3.338126e-08
2045 2.348105e-08
2046 1.571078e-08
2047 9.897020e-09
2048 6.210391e-09
2049 3.886362e-09
2050 2.481802e-09
2051 1.620389e-09
2052 1.074130e-09
2053 7.113704e-10
2054 4.625902e-10
2055 1.024417e-07
2056 9.433655e-08
2057 8.120088e-08
2058 6.506185e-08
2059 4.887067e-08
2060 3.507582e-08
2061 2.419112e-08
2062 1.570672e-08
2063 9.779764e-09
2064 6.070372e-09
2065 3.777322e-09
2066 2.393905e-09
2067 1.546592e-09
2068 1.009178e-09
2069 6.549227e-10
2070 2.106694e-07
2071 2.157895e-07
2072 2.100824e-07
2073 1.925726e-07
2074 1.647997e-07
2075 1.310995e-07
2076 9.771389e-08
2077 6.954200e-08
2078 4.746666e-08
2079 3.013621e-08
2080 1.822004e-08
2081 1.082952e-08
2082 6.355620e-09
2083 3.726929e-09
2084 2.204599e-09
