0 3.848734e-09
1 2.759324e-09
2 1.914598e-09
3 1.299709e-09
4 8.760893e-10
5 5.921988e-10
6 4.023601e-10
7 2.721627e-10
8 1.824363e-10
9 1.203392e-10
10 7.723513e-11
11 4.792023e-11
12 2.866011e-11
13 1.654688e-11
14 9.261237e-12
15 5.326298e-09
16 3.798388e-09
17 2.611628e-09
18 1.740323e-09
19 1.146346e-09
20 7.614014e-10
21 5.126013e-10
22 3.486776e-10
23 2.374980e-10
24 1.598444e-10
25 1.046713e-10
26 6.594411e-11
27 3.970823e-11
28 2.281448e-11
29 1.255047e-11
30 6.217143e-09
31 4.462927e-09
32 3.082364e-09
33 2.063286e-09
34 1.354683e-09
35 8.893267e-10
36 5.928755e-10
37 4.007751e-10
38 2.730008e-10
39 1.848112e-10
40 1.223340e-10
41 7.816008e-11
42 4.777225e-11
43 2.783481e-11
44 1.547287e-11
45 7.152199e-09
46 5.190322e-09
47 3.612265e-09
48 2.434454e-09
49 1.606656e-09
50 1.048331e-09
51 6.929379e-10
52 4.647329e-10
53 3.153191e-10
54 2.136403e-10
55 1.423117e-10
56 9.188888e-11
57 5.694868e-11
58 3.370211e-11
59 1.902260e-11
60 7.969069e-09
61 5.857856e-09
62 4.120172e-09
63 2.800374e-09
64 1.863840e-09
65 1.219622e-09
66 8.005892e-10
67 5.335381e-10
68 3.594487e-10
69 2.426778e-10
70 1.618393e-10
71 1.051501e-10
72 6.584890e-11
73 3.951069e-11
74 2.266507e-11
75 8.714946e-09
76 6.497105e-09
77 4.627232e-09
78 3.175001e-09
79 2.132095e-09
80 1.406009e-09
81 9.191102e-10
82 6.089077e-10
83 4.067301e-10
84 2.729740e-10
85 1.817542e-10
86 1.184541e-10
87 7.479118e-11
88 4.543811e-11
89 2.647919e-11
90 9.459261e-09
91 7.156224e-09
92 5.168130e-09
93 3.585148e-09
94 2.428614e-09
95 1.616391e-09
96 1.057581e-09
97 6.956005e-10
98 4.609276e-10
99 3.071202e-10
100 2.037013e-10
101 1.328951e-10
102 8.441395e-11
103 5.183466e-11
104 3.064934e-11
105 1.013116e-08
106 7.768458e-09
107 5.685672e-09
108 3.988036e-09
109 2.723227e-09
110 1.827759e-09
111 1.201511e-09
112 7.850001e-10
113 5.172690e-10
114 3.420127e-10
115 2.256876e-10
116 1.471046e-10
117 9.377403e-11
118 5.804081e-11
119 3.472310e-11
120 1.084755e-08
121 8.439855e-09
122 6.273341e-09
123 4.460871e-09
124 3.076472e-09
125 2.083259e-09
126 1.380879e-09
127 8.989451e-10
128 5.886437e-10
129 3.856230e-10
130 2.526945e-10
131 1.641470e-10
132 1.047813e-10
133 6.525716e-11
134 3.945499e-11
135 1.123977e-08
136 8.895676e-09
137 6.742196e-09
138 4.886073e-09
139 3.419612e-09
140 2.342666e-09
141 1.572239e-09
142 1.027159e-09
143 6.664720e-10
144 4.324284e-10
145 2.801353e-10
146 1.804659e-10
147 1.148657e-10
148 7.176283e-11
149 4.378496e-11
150 7.911602e-09
151 5.674738e-09
152 3.919744e-09
153 2.591592e-09
154 1.682207e-09
155 1.102438e-09
156 7.348564e-10
157 4.997423e-10
158 3.433986e-10
159 2.346186e-10
160 1.564469e-10
161 1.002918e-10
162 6.118519e-11
163 3.539237e-11
164 1.945499e-11
165 9.393498e-09
166 6.787050e-09
167 4.724421e-09
168 3.148199e-09
169 2.038276e-09
170 1.326649e-09
171 8.766115e-10
172 5.922510e-10
173 4.062121e-10
174 2.785372e-10
175 1.872727e-10
176 1.214714e-10
177 7.511688e-11
178 4.403633e-11
179 2.448275e-11
180 1.074868e-08
181 7.819342e-09
182 5.477572e-09
183 3.671695e-09
184 2.381000e-09
185 1.543792e-09
186 1.014104e-09
187 6.813474e-10
188 4.661314e-10
189 3.199087e-10
190 2.161481e-10
191 1.412622e-10
192 8.817655e-11
193 5.221919e-11
194 2.931354e-11
195 1.177725e-08
196 8.621957e-09
197 6.073443e-09
198 4.092105e-09
199 2.662220e-09
200 1.726755e-09
201 1.129762e-09
202 7.561933e-10
203 5.155237e-10
204 3.534507e-10
205 2.391682e-10
206 1.569441e-10
207 9.856968e-11
208 5.881369e-11
209 3.328714e-11
210 1.260703e-08
211 9.287782e-09
212 6.581029e-09
213 4.456783e-09
214 2.910010e-09
215 1.892611e-09
216 1.235217e-09
217 8.241072e-10
218 5.595331e-10
219 3.827313e-10
220 2.589478e-10
221 1.703264e-10
222 1.074639e-10
223 6.453046e-11
224 3.680867e-11
225 1.337496e-08
226 9.917966e-09
227 7.072418e-09
228 4.816559e-09
229 3.158289e-09
230 2.062017e-09
231 1.345362e-09
232 8.941148e-10
233 6.045649e-10
234 4.121443e-10
235 2.785252e-10
236 1.834193e-10
237 1.161400e-10
238 7.013460e-11
239 4.030675e-11
240 1.402879e-08
241 1.046675e-08
242 7.511104e-09
243 5.144945e-09
244 3.387988e-09
245 2.220502e-09
246 1.451294e-09
247 9.607861e-10
248 6.474622e-10
249 4.397831e-10
250 2.965531e-10
251 1.953029e-10
252 1.239598e-10
253 7.519650e-11
254 4.349891e-11
255 1.468678e-08
256 1.103370e-08
257 7.977765e-09
258 5.504320e-09
259 3.645002e-09
260 2.400553e-09
261 1.575093e-09
262 1.040021e-09
263 6.979873e-10
264 4.716884e-10
265 3.169494e-10
266 2.084904e-10
267 1.325110e-10
268 8.070720e-11
269 4.698798e-11
270 1.479752e-08
271 1.120908e-08
272 8.184863e-09
273 5.706701e-09
274 3.815748e-09
275 2.532119e-09
276 1.673586e-09
277 1.106317e-09
278 7.377333e-10
279 4.951202e-10
280 3.303659e-10
281 2.163192e-10
282 1.373122e-10
283 8.384726e-11
284 4.913153e-11
285 1.166006e-08
286 8.522979e-09
287 5.999277e-09
288 4.055584e-09
289 2.630911e-09
290 1.700613e-09
291 1.112768e-09
292 7.443494e-10
293 5.076157e-10
294 3.483860e-10
295 2.361289e-10
296 1.552253e-10
297 9.764600e-11
298 5.831515e-11
299 3.299219e-11
300 1.377382e-08
301 1.016583e-08
302 7.212708e-09
303 4.922028e-09
304 3.210070e-09
305 2.065861e-09
306 1.344345e-09
307 8.923419e-10
308 6.054111e-10
309 4.152169e-10
310 2.825215e-10
311 1.872588e-10
312 1.191252e-10
313 7.205234e-11
314 4.128694e-11
315 1.532165e-08
316 1.138192e-08
317 8.116770e-09
318 5.571183e-09
319 3.648493e-09
320 2.344871e-09
321 1.521136e-09
322 1.005235e-09
323 6.794277e-10
324 4.653393e-10
325 3.171529e-10
326 2.111228e-10
327 1.351609e-10
328 8.236639e-11
329 4.756679e-11
330 1.651322e-08
331 1.232928e-08
332 8.828228e-09
333 6.085398e-09
334 3.998603e-09
335 2.569951e-09
336 1.664037e-09
337 1.096114e-09
338 7.386825e-10
339 5.050881e-10
340 3.444816e-10
341 2.299123e-10
342 1.478005e-10
343 9.054498e-11
344 5.259152e-11
345 1.756168e-08
346 1.316900e-08
347 9.463752e-09
348 6.547926e-09
349 4.314837e-09
350 2.775429e-09
351 1.795611e-09
352 1.179642e-09
353 7.927628e-10
354 5.412672e-10
355 3.690823e-10
356 2.467426e-10
357 1.591189e-10
358 9.787794e-11
359 5.711502e-11
360 1.841492e-08
361 1.385771e-08
362 9.990816e-09
363 6.934350e-09
364 4.580918e-09
365 2.949490e-09
366 1.908333e-09
367 1.250918e-09
368 8.389942e-10
369 5.718512e-10
370 3.897691e-10
371 2.608199e-10
372 1.685327e-10
373 1.039774e-10
374 6.089994e-11
375 1.923057e-08
376 1.452362e-08
377 1.050719e-08
378 7.318136e-09
379 4.847853e-09
380 3.125967e-09
381 2.024630e-09
382 1.324883e-09
383 8.867245e-10
384 6.030524e-10
385 4.106569e-10
386 2.748473e-10
387 1.778602e-10
388 1.100143e-10
389 6.465382e-11
390 1.921364e-08
391 1.456126e-08
392 1.057380e-08
393 7.395334e-09
394 4.918535e-09
395 3.180859e-09
396 2.065916e-09
397 1.351865e-09
398 9.022540e-10
399 6.118176e-10
400 4.154682e-10
401 2.776034e-10
402 1.796327e-10
403 1.112666e-10
404 6.557601e-11
405 1.682892e-08
406 1.259628e-08
407 9.028800e-09
408 6.237279e-09
409 4.112693e-09
410 2.636393e-09
411 1.706442e-09
412 1.121037e-09
413 7.543343e-10
414 5.154050e-10
415 3.516892e-10
416 2.351384e-10
417 1.515701e-10
418 9.315341e-11
419 5.428427e-11
420 1.916630e-08
421 1.448390e-08
422 1.045247e-08
423 7.272509e-09
424 4.833298e-09
425 3.097382e-09
426 1.997909e-09
427 1.304466e-09
428 8.727603e-10
429 5.944129e-10
430 4.058552e-10
431 2.725524e-10
432 1.770124e-10
433 1.098346e-10
434 6.467519e-11
435 2.096465e-08
436 1.594674e-08
437 1.155991e-08
438 8.080223e-09
439 5.398115e-09
440 3.460621e-09
441 2.226963e-09
442 1.448462e-09
443 9.653444e-10
444 6.559578e-10
445 4.479396e-10
446 3.016349e-10
447 1.968303e-10
448 1.228737e-10
449 7.283799e-11
450 2.251112e-08
451 1.720544e-08
452 1.251254e-08
453 8.775806e-09
454 5.884936e-09
455 3.773524e-09
456 2.424429e-09
457 1.572697e-09
458 1.045212e-09
459 7.089830e-10
460 4.842066e-10
461 3.266597e-10
462 2.138874e-10
463 1.340919e-10
464 7.986172e-11
465 2.374425e-08
466 1.820768e-08
467 1.327301e-08
468 9.331405e-09
469 6.273298e-09
470 4.023577e-09
471 2.582555e-09
472 1.672121e-09
473 1.109092e-09
474 7.513799e-10
475 5.131451e-10
476 3.466419e-10
477 2.275080e-10
478 1.430592e-10
479 8.546896e-11
480 2.489015e-08
481 1.914257e-08
482 1.398314e-08
483 9.850543e-09
484 6.636552e-09
485 4.257589e-09
486 2.730838e-09
487 1.765235e-09
488 1.168979e-09
489 7.910685e-10
490 5.402330e-10
491 3.653247e-10
492 2.402002e-10
493 1.514081e-10
494 9.070738e-11
495 2.487411e-08
496 1.916877e-08
497 1.402064e-08
498 9.891082e-09
499 6.677258e-09
500 4.286383e-09
501 2.748759e-09
502 1.775224e-09
503 1.174033e-09
504 7.935428e-10
505 5.416129e-10
506 3.663262e-10
507 2.410876e-10
508 1.522027e-10
509 9.135752e-11
510 2.235225e-08
511 1.712675e-08
512 1.247753e-08
513 8.757638e-09
514 5.886461e-09
515 3.785409e-09
516 2.430082e-09
517 1.575457e-09
518 1.045256e-09
519 7.077680e-10
520 4.827168e-10
521 3.255183e-10
522 2.132364e-10
523 1.338756e-10
524 7.992677e-11
525 2.492769e-08
526 1.929319e-08
527 1.415481e-08
528 9.993474e-09
529 6.770281e-09
530 4.370807e-09
531 2.795847e-09
532 1.805333e-09
533 1.190638e-09
534 8.024179e-10
535 5.464835e-10
536 3.693227e-10
537 2.432300e-10
538 1.539082e-10
539 9.273000e-11
540 2.714018e-08
541 2.115635e-08
542 1.559801e-08
543 1.105720e-08
544 7.530380e-09
545 4.874626e-09
546 3.110956e-09
547 2.003527e-09
548 1.315847e-09
549 8.839483e-10
550 6.013766e-10
551 4.070195e-10
552 2.690399e-10
553 1.711395e-10
554 1.037554e-10
555 2.890322e-08
556 2.264019e-08
557 1.674778e-08
558 1.190481e-08
559 8.136116e-09
560 5.276180e-09
561 3.362035e-09
562 2.161462e-09
563 1.415690e-09
564 9.489057e-10
565 6.451156e-10
566 4.370533e-10
567 2.896025e-10
568 1.848682e-10
569 1.125382e-10
570 3.054163e-08
571 2.401961e-08
572 1.781655e-08
573 1.269285e-08
574 8.699381e-09
575 5.649966e-09
576 3.595679e-09
577 2.308406e-09
578 1.508598e-09
579 1.009431e-09
580 6.857916e-10
581 4.649838e-10
582 3.087278e-10
583 1.976363e-10
584 1.207039e-10
585 3.072328e-08
586 2.423594e-08
587 1.801406e-08
588 1.285432e-08
589 8.831762e-09
590 5.745551e-09
591 3.654075e-09
592 2.343656e-09
593 1.528764e-09
594 1.021222e-09
595 6.931077e-10
596 4.699911e-10
597 3.124311e-10
598 2.004072e-10
599 1.227054e-10
600 2.837923e-08
601 2.228287e-08
602 1.652293e-08
603 1.175642e-08
604 8.045842e-09
605 5.240075e-09
606 3.339235e-09
607 2.147601e-09
608 1.404039e-09
609 9.392612e-10
610 6.371869e-10
611 4.310901e-10
612 2.855487e-10
613 1.824116e-10
614 1.112389e-10
615 3.144144e-08
616 2.495345e-08
617 1.865458e-08
618 1.335009e-08
619 9.200348e-09
620 6.032428e-09
621 3.837647e-09
622 2.461076e-09
623 1.599022e-09
624 1.063682e-09
625 7.193622e-10
626 4.868030e-10
627 3.236464e-10
628 2.080822e-10
629 1.279558e-10
630 3.389173e-08
631 2.709435e-08
632 2.036289e-08
633 1.462870e-08
634 1.012739e-08
635 6.669158e-09
636 4.238918e-09
637 2.713249e-09
638 1.755879e-09
639 1.163720e-09
640 7.853679e-10
641 5.315326e-10
642 3.542145e-10
643 2.286798e-10
644 1.413745e-10
645 3.617336e-08
646 2.908801e-08
647 2.195676e-08
648 1.582261e-08
649 1.099307e-08
650 7.264009e-09
651 4.614281e-09
652 2.949240e-09
653 1.902682e-09
654 1.257323e-09
655 8.470081e-10
656 5.732723e-10
657 3.827442e-10
658 2.478983e-10
659 1.538948e-10
660 3.672605e-08
661 2.967475e-08
662 2.248363e-08
663 1.624279e-08
664 1.132077e-08
665 7.506754e-09
666 4.767611e-09
667 3.044418e-09
668 1.958895e-09
669 1.290846e-09
670 8.678314e-10
671 5.870494e-10
672 3.923348e-10
673 2.547306e-10
674 1.586802e-10
675 3.547693e-08
676 2.857729e-08
677 2.162238e-08
678 1.559785e-08
679 1.084356e-08
680 7.187359e-09
681 4.575997e-09
682 2.922960e-09
683 1.884227e-09
684 1.243177e-09
685 8.358687e-10
686 5.648046e-10
687 3.767272e-10
688 2.440021e-10
689 1.516223e-10
690 3.879260e-08
691 3.157093e-08
692 2.409065e-08
693 1.748280e-08
694 1.222261e-08
695 8.160174e-09
696 5.204167e-09
697 3.314493e-09
698 2.126454e-09
699 1.395088e-09
700 9.339527e-10
701 6.301426e-10
702 4.210483e-10
703 2.739658e-10
704 1.713971e-10
705 4.188797e-08
706 3.437653e-08
707 2.640693e-08
708 1.925392e-08
709 1.351810e-08
710 9.074522e-09
711 5.795110e-09
712 3.683638e-09
713 2.354928e-09
714 1.538253e-09
715 1.026243e-09
716 6.915408e-10
717 4.626471e-10
718 3.020731e-10
719 1.899451e-10
720 4.300910e-08
721 3.554736e-08
722 2.747403e-08
723 2.011047e-08
724 1.417678e-08
725 9.567648e-09
726 6.122696e-09
727 3.885069e-09
728 2.475993e-09
729 1.610911e-09
730 1.070827e-09
731 7.203089e-10
732 4.821335e-10
733 3.156346e-10
734 1.993253e-10
735 4.300660e-08
736 3.547455e-08
737 2.739290e-08
738 2.004851e-08
739 1.411213e-08
740 9.513271e-09
741 6.098697e-09
742 3.868801e-09
743 2.470063e-09
744 1.608049e-09
745 1.069126e-09
746 7.188547e-10
747 4.807023e-10
748 3.142719e-10
749 1.981823e-10
750 4.702574e-08
751 3.921517e-08
752 3.057635e-08
753 2.253319e-08
754 1.594869e-08
755 1.083051e-08
756 6.978608e-09
757 4.413628e-09
758 2.808672e-09
759 1.817033e-09
760 1.201192e-09
761 8.051092e-10
762 5.384745e-10
763 3.532243e-10
764 2.240688e-10
765 4.885815e-08
766 4.114347e-08
767 3.236310e-08
768 2.399377e-08
769 1.706647e-08
770 1.166893e-08
771 7.555687e-09
772 4.767980e-09
773 3.025749e-09
774 1.946672e-09
775 1.279821e-09
776 8.548792e-10
777 5.714889e-10
778 3.758228e-10
779 2.395956e-10
780 5.220864e-08
781 4.418260e-08
782 3.493150e-08
783 2.602285e-08
784 1.856013e-08
785 1.272390e-08
786 8.280690e-09
787 5.226019e-09
788 3.314558e-09
789 2.125048e-09
790 1.392530e-09
791 9.275497e-10
792 6.191581e-10
793 4.072248e-10
794 2.600384e-10
795 5.517583e-08
796 4.732790e-08
797 3.792839e-08
798 2.855033e-08
799 2.051112e-08
800 1.418553e-08
801 9.322566e-09
802 5.882219e-09
803 3.718916e-09
804 2.365238e-09
805 1.536783e-09
806 1.016698e-09
807 6.766347e-10
808 4.456308e-10
809 2.860983e-10
810 5.988822e-08
811 5.242577e-08
812 4.292203e-08
813 3.292830e-08
814 2.397370e-08
815 1.678457e-08
816 1.122409e-08
817 7.136622e-09
818 4.485597e-09
819 2.826392e-09
820 1.810266e-09
821 1.181245e-09
822 7.791658e-10
823 5.120777e-10
824 3.302444e-10
825 0.000000e+00
826 0.000000e+00
827 0.000000e+00
828 0.000000e+00
829 0.000000e+00
830 0.000000e+00
831 0.000000e+00
832 0.000000e+00
833 0.000000e+00
834 0.000000e+00
835 0.000000e+00
836 0.000000e+00
837 0.000000e+00
838 0.000000e+00
839 0.000000e+00
840 0.000000e+00
841 0.000000e+00
842 0.000000e+00
843 0.000000e+00
844 0.000000e+00
845 0.000000e+00
846 0.000000e+00
847 0.000000e+00
848 0.000000e+00
849 0.000000e+00
850 0.000000e+00
851 0.000000e+00
852 0.000000e+00
853 0.000000e+00
854 0.000000e+00
855 0.000000e+00
856 0.000000e+00
857 0.000000e+00
858 0.000000e+00
859 0.000000e+00
860 0.000000e+00
861 0.000000e+00
862 0.000000e+00
863 0.000000e+00
864 0.000000e+00
865 0.000000e+00
866 0.000000e+00
867 0.000000e+00
868 0.000000e+00
869 0.000000e+00
870 0.000000e+00
871 0.000000e+00
872 0.000000e+00
873 0.000000e+00
874 0.000000e+00
875 0.000000e+00
876 0.000000e+00
877 0.000000e+00
878 0.000000e+00
879 0.000000e+00
880 0.000000e+00
881 0.000000e+00
882 0.000000e+00
883 0.000000e+00
884 0.000000e+00
885 0.000000e+00
886 0.000000e+00
887 0.000000e+00
888 0.000000e+00
889 0.000000e+00
890 0.000000e+00
891 0.000000e+00
892 0.000000e+00
893 0.000000e+00
894 0.000000e+00
895 0.000000e+00
896 0.000000e+00
897 0.000000e+00
898 0.000000e+00
899 0.000000e+00
900 0.000000e+00
901 0.000000e+00
902 0.000000e+00
903 0.000000e+00
904 0.000000e+00
905 0.000000e+00
906 0.000000e+00
907 0.000000e+00
908 0.000000e+00
909 0.000000e+00
910 0.000000e+00
911 0.000000e+00
912 0.000000e+00
913 0.000000e+00
914 0.000000e+00
915 0.000000e+00
916 0.000000e+00
917 0.000000e+00
918 0.000000e+00
919 0.000000e+00
920 0.000000e+00
921 0.000000e+00
922 0.000000e+00
923 0.000000e+00
924 0.000000e+00
925 0.000000e+00
926 0.000000e+00
927 0.000000e+00
928 0.000000e+00
929 0.000000e+00
930 0.000000e+00
931 0.000000e+00
932 0.000000e+00
933 0.000000e+00
934 0.000000e+00
935 0.000000e+00
936 0.000000e+00
937 0.000000e+00
938 0.000000e+00
939 0.000000e+00
940 0.000000e+00
941 0.000000e+00
942 0.000000e+00
943 0.000000e+00
944 0.000000e+00
945 0.000000e+00
946 0.000000e+00
947 0.000000e+00
948 0.000000e+00
949 0.000000e+00
950 0.000000e+00
951 0.000000e+00
952 0.000000e+00
953 0.000000e+00
954 0.000000e+00
955 0.000000e+00
956 0.000000e+00
957 0.000000e+00
958 0.000000e+00
959 0.000000e+00
960 2.803436e-07
961 2.241603e-07
962 1.685786e-07
963 1.276257e-07
964 8.648107e-08
965 5.427478e-08
966 3.385009e-08
967 2.112205e-08
968 0.000000e+00
969 0.000000e+00
970 0.000000e+00
971 0.000000e+00
972 0.000000e+00
973 0.000000e+00
974 0.000000e+00
975 4.326237e-07
976 3.501566e-07
977 2.639821e-07
978 1.999563e-07
979 1.380356e-07
980 8.636237e-08
981 5.413413e-08
982 3.363526e-08
983 0.000000e+00
984 0.000000e+00
985 0.000000e+00
986 0.000000e+00
987 0.000000e+00
988 0.000000e+00
989 0.000000e+00
990 5.493248e-07
991 4.475381e-07
992 3.380392e-07
993 2.560178e-07
994 1.783185e-07
995 1.116071e-07
996 7.008639e-08
997 4.345345e-08
998 0.000000e+00
999 0.000000e+00
1000 0.000000e+00
1001 0.000000e+00
1002 0.000000e+00
1003 0.000000e+00
1004 0.000000e+00
1005 6.405142e-07
1006 5.237990e-07
1007 3.960976e-07
1008 2.999643e-07
1009 2.099801e-07
1010 1.314805e-07
1011 8.264299e-08
1012 5.118260e-08
1013 0.000000e+00
1014 0.000000e+00
1015 0.000000e+00
1016 0.000000e+00
1017 0.000000e+00
1018 0.000000e+00
1019 0.000000e+00
1020 7.186741e-07
1021 5.891646e-07
1022 4.458578e-07
1023 3.376299e-07
1024 2.371133e-07
1025 1.485051e-07
1026 9.339864e-08
1027 5.780342e-08
1028 0.000000e+00
1029 0.000000e+00
1030 0.000000e+00
1031 0.000000e+00
1032 0.000000e+00
1033 0.000000e+00
1034 0.000000e+00
1035 7.809146e-07
1036 6.412180e-07
1037 4.855040e-07
1038 3.676266e-07
1039 2.587164e-07
1040 1.620609e-07
1041 1.019645e-07
1042 6.307599e-08
1043 0.000000e+00
1044 0.000000e+00
1045 0.000000e+00
1046 0.000000e+00
1047 0.000000e+00
1048 0.000000e+00
1049 0.000000e+00
1050 8.387495e-07
1051 6.896140e-07
1052 5.223321e-07
1053 3.955100e-07
1054 2.787911e-07
1055 1.746616e-07
1056 1.099239e-07
1057 6.797545e-08
1058 0.000000e+00
1059 0.000000e+00
1060 0.000000e+00
1061 0.000000e+00
1062 0.000000e+00
1063 0.000000e+00
1064 0.000000e+00
1065 8.498594e-07
1066 6.995593e-07
1067 5.300756e-07
1068 4.013600e-07
1069 2.833393e-07
1070 1.775439e-07
1071 1.117738e-07
1072 6.909935e-08
1073 0.000000e+00
1074 0.000000e+00
1075 0.000000e+00
1076 0.000000e+00
1077 0.000000e+00
1078 0.000000e+00
1079 0.000000e+00
1080 2.291019e-07
1081 1.965058e-07
1082 1.523945e-07
1083 1.127662e-07
1084 8.383404e-08
1085 5.321518e-08
1086 3.391488e-08
1087 2.076627e-08
1088 1.299794e-08
1089 0.000000e+00
1090 0.000000e+00
1091 0.000000e+00
1092 0.000000e+00
1093 0.000000e+00
1094 0.000000e+00
1095 3.478333e-07
1096 3.036106e-07
1097 2.376313e-07
1098 1.763596e-07
1099 1.322717e-07
1100 8.556438e-08
1101 5.416207e-08
1102 3.317116e-08
1103 2.064759e-08
1104 0.000000e+00
1105 0.000000e+00
1106 0.000000e+00
1107 0.000000e+00
1108 0.000000e+00
1109 0.000000e+00
1110 4.497155e-07
1111 3.962310e-07
1112 3.118740e-07
1113 2.318600e-07
1114 1.745162e-07
1115 1.141316e-07
1116 7.196945e-08
1117 4.413721e-08
1118 2.739083e-08
1119 0.000000e+00
1120 0.000000e+00
1121 0.000000e+00
1122 0.000000e+00
1123 0.000000e+00
1124 0.000000e+00
1125 5.372280e-07
1126 4.758028e-07
1127 3.757082e-07
1128 2.796067e-07
1129 2.108510e-07
1130 1.387399e-07
1131 8.732555e-08
1132 5.359359e-08
1133 3.320443e-08
1134 0.000000e+00
1135 0.000000e+00
1136 0.000000e+00
1137 0.000000e+00
1138 0.000000e+00
1139 0.000000e+00
1140 6.069475e-07
1141 5.392626e-07
1142 4.266368e-07
1143 3.177069e-07
1144 2.398464e-07
1145 1.583727e-07
1146 9.958086e-08
1147 6.113977e-08
1148 3.784388e-08
1149 0.000000e+00
1150 0.000000e+00
1151 0.000000e+00
1152 0.000000e+00
1153 0.000000e+00
1154 0.000000e+00
1155 6.718203e-07
1156 5.982419e-07
1157 4.739570e-07
1158 3.531077e-07
1159 2.667856e-07
1160 1.766149e-07
1161 1.109664e-07
1162 6.815045e-08
1163 4.215423e-08
1164 0.000000e+00
1165 0.000000e+00
1166 0.000000e+00
1167 0.000000e+00
1168 0.000000e+00
1169 0.000000e+00
1170 7.007585e-07
1171 6.254126e-07
1172 4.961646e-07
1173 3.698148e-07
1174 2.796041e-07
1175 1.855661e-07
1176 1.165140e-07
1177 7.158563e-08
1178 4.425129e-08
1179 0.000000e+00
1180 0.000000e+00
1181 0.000000e+00
1182 0.000000e+00
1183 0.000000e+00
1184 0.000000e+00
1185 1.463038e-07
1186 1.385623e-07
1187 1.147408e-07
1188 8.613811e-08
1189 6.564053e-08
1190 4.715206e-08
1191 2.864240e-08
1192 1.794301e-08
1193 1.093018e-08
1194 6.755085e-09
1195 0.000000e+00
1196 0.000000e+00
1197 0.000000e+00
1198 0.000000e+00
1199 0.000000e+00
1200 2.480532e-07
1201 2.375469e-07
1202 1.992255e-07
1203 1.503687e-07
1204 1.141125e-07
1205 8.333821e-08
1206 5.066640e-08
1207 3.201073e-08
1208 1.940170e-08
1209 1.192107e-08
1210 0.000000e+00
1211 0.000000e+00
1212 0.000000e+00
1213 0.000000e+00
1214 0.000000e+00
1215 3.406680e-07
1216 3.280170e-07
1217 2.768774e-07
1218 2.096769e-07
1219 1.588116e-07
1220 1.168012e-07
1221 7.121042e-08
1222 4.510450e-08
1223 2.727798e-08
1224 1.672046e-08
1225 0.000000e+00
1226 0.000000e+00
1227 0.000000e+00
1228 0.000000e+00
1229 0.000000e+00
1230 4.147642e-07
1231 4.004308e-07
1232 3.390743e-07
1233 2.571625e-07
1234 1.945999e-07
1235 1.435937e-07
1236 8.768181e-08
1237 5.559452e-08
1238 3.359004e-08
1239 2.056629e-08
1240 0.000000e+00
1241 0.000000e+00
1242 0.000000e+00
1243 0.000000e+00
1244 0.000000e+00
1245 4.835640e-07
1246 4.676635e-07
1247 3.968151e-07
1248 3.012670e-07
1249 2.278403e-07
1250 1.684786e-07
1251 1.029807e-07
1252 6.534354e-08
1253 3.945319e-08
1254 2.413816e-08
1255 0.000000e+00
1256 0.000000e+00
1257 0.000000e+00
1258 0.000000e+00
1259 0.000000e+00
1260 5.295421e-07
1261 5.130079e-07
1262 4.360744e-07
1263 3.313981e-07
1264 2.504990e-07
1265 1.855900e-07
1266 1.135515e-07
1267 7.209742e-08
1268 4.350830e-08
1269 2.660114e-08
1270 0.000000e+00
1271 0.000000e+00
1272 0.000000e+00
1273 0.000000e+00
1274 0.000000e+00
1275 1.215348e-07
1276 1.217810e-07
1277 1.077193e-07
1278 8.356640e-08
1279 6.239669e-08
1280 4.796783e-08
1281 2.999933e-08
1282 1.929579e-08
1283 1.148413e-08
1284 6.936999e-09
1285 0.000000e+00
1286 0.000000e+00
1287 0.000000e+00
1288 0.000000e+00
1289 0.000000e+00
1290 2.133321e-07
1291 2.154567e-07
1292 1.926452e-07
1293 1.507781e-07
1294 1.124227e-07
1295 8.656732e-08
1296 5.525097e-08
1297 3.521657e-08
1298 2.096923e-08
1299 1.266367e-08
1300 0.000000e+00
1301 0.000000e+00
1302 0.000000e+00
1303 0.000000e+00
1304 0.000000e+00
1305 2.900228e-07
1306 2.939002e-07
1307 2.640121e-07
1308 2.074565e-07
1309 1.546404e-07
1310 1.191078e-07
1311 7.671697e-08
1312 4.868430e-08
1313 2.902557e-08
1314 1.752313e-08
1315 0.000000e+00
1316 0.000000e+00
1317 0.000000e+00
1318 0.000000e+00
1319 0.000000e+00
1320 3.611760e-07
1321 3.666832e-07
1322 3.302578e-07
1323 2.600588e-07
1324 1.938366e-07
1325 1.493064e-07
1326 9.663729e-08
1327 6.118627e-08
1328 3.649788e-08
1329 2.203011e-08
1330 0.000000e+00
1331 0.000000e+00
1332 0.000000e+00
1333 0.000000e+00
1334 0.000000e+00
1335 4.186815e-07
1336 4.257383e-07
1337 3.841887e-07
1338 3.030876e-07
1339 2.258987e-07
1340 1.740345e-07
1341 1.130814e-07
1342 7.147559e-08
1343 4.265710e-08
1344 2.574344e-08
1345 0.000000e+00
1346 0.000000e+00
1347 0.000000e+00
1348 0.000000e+00
1349 0.000000e+00
1350 1.044745e-07
1351 1.091641e-07
1352 1.022497e-07
1353 8.335868e-08
1354 6.211540e-08
1355 4.772229e-08
1356 3.332049e-08
1357 2.027418e-08
1358 1.228135e-08
1359 7.392542e-09
1360 0.000000e+00
1361 0.000000e+00
1362 0.000000e+00
1363 0.000000e+00
1364 0.000000e+00
1365 1.779420e-07
1366 1.869262e-07
1367 1.764542e-07
1368 1.450896e-07
1369 1.083822e-07
1370 8.299112e-08
1371 5.886409e-08
1372 3.555786e-08
1373 2.175385e-08
1374 1.305588e-08
1375 0.000000e+00
1376 0.000000e+00
1377 0.000000e+00
1378 0.000000e+00
1379 0.000000e+00
1380 2.486899e-07
1381 2.619298e-07
1382 2.482218e-07
1383 2.050102e-07
1384 1.533875e-07
1385 1.172523e-07
1386 8.377104e-08
1387 5.049714e-08
1388 3.103434e-08
1389 1.859716e-08
1390 0.000000e+00
1391 0.000000e+00
1392 0.000000e+00
1393 0.000000e+00
1394 0.000000e+00
1395 3.141230e-07
1396 3.314920e-07
1397 3.150287e-07
1398 2.610253e-07
1399 1.955604e-07
1400 1.493240e-07
1401 1.071878e-07
1402 6.457353e-08
1403 3.979229e-08
1404 2.382565e-08
1405 0.000000e+00
1406 0.000000e+00
1407 0.000000e+00
1408 0.000000e+00
1409 0.000000e+00
1410 8.399920e-08
1411 9.075674e-08
1412 8.920861e-08
1413 7.681075e-08
1414 5.842420e-08
1415 4.393723e-08
1416 3.333118e-08
1417 1.987720e-08
1418 1.275034e-08
1419 7.519793e-09
1420 4.423118e-09
1421 0.000000e+00
1422 0.000000e+00
1423 0.000000e+00
1424 0.000000e+00
1425 1.526070e-07
1426 1.656780e-07
1427 1.640141e-07
1428 1.425455e-07
1429 1.090910e-07
1430 8.180778e-08
1431 6.243448e-08
1432 3.767279e-08
1433 2.420056e-08
1434 1.422134e-08
1435 8.350969e-09
1436 0.000000e+00
1437 0.000000e+00
1438 0.000000e+00
1439 0.000000e+00
1440 2.232274e-07
1441 2.429774e-07
1442 2.414626e-07
1443 2.109447e-07
1444 1.620730e-07
1445 1.214023e-07
1446 9.286362e-08
1447 5.647884e-08
1448 3.624542e-08
1449 2.128970e-08
1450 1.249076e-08
1451 0.000000e+00
1452 0.000000e+00
1453 0.000000e+00
1454 0.000000e+00
1455 7.752455e-08
1456 8.625835e-08
1457 8.848582e-08
1458 8.061742e-08
1459 6.387582e-08
1460 4.742159e-08
1461 3.677797e-08
1462 2.395810e-08
1463 1.509874e-08
1464 8.787694e-09
1465 5.166320e-09
1466 0.000000e+00
1467 0.000000e+00
1468 0.000000e+00
1469 0.000000e+00
1470 1.518912e-07
1471 1.696272e-07
1472 1.749816e-07
1473 1.606936e-07
1474 1.283044e-07
1475 9.529604e-08
1476 7.376892e-08
1477 4.896986e-08
1478 3.050651e-08
1479 1.784068e-08
1480 1.049438e-08
1481 0.000000e+00
1482 0.000000e+00
1483 0.000000e+00
1484 0.000000e+00
1485 8.046876e-08
1486 9.206498e-08
1487 9.827273e-08
1488 9.478193e-08
1489 7.965658e-08
1490 5.982739e-08
1491 4.545651e-08
1492 3.350728e-08
1493 1.970549e-08
1494 1.219070e-08
1495 7.108528e-09
1496 4.083577e-09
1497 0.000000e+00
1498 0.000000e+00
1499 0.000000e+00
1500 3.297446e-05
1501 2.460214e-05
1502 1.779976e-05
1503 1.196236e-05
1504 7.603803e-06
1505 4.846616e-06
1506 0.000000e+00
1507 0.000000e+00
1508 0.000000e+00
1509 0.000000e+00
1510 0.000000e+00
1511 0.000000e+00
1512 0.000000e+00
1513 0.000000e+00
1514 0.000000e+00
1515 3.181139e-05
1516 2.609277e-05
1517 1.960609e-05
1518 1.498097e-05
1519 1.057973e-05
1520 6.547858e-06
1521 4.112676e-06
1522 2.546480e-06
1523 0.000000e+00
1524 0.000000e+00
1525 0.000000e+00
1526 0.000000e+00
1527 0.000000e+00
1528 0.000000e+00
1529 0.000000e+00
1530 2.141016e-05
1531 1.934499e-05
1532 1.531813e-05
1533 1.140829e-05
1534 8.779372e-06
1535 5.777438e-06
1536 3.657648e-06
1537 2.219038e-06
1538 1.367547e-06
1539 0.000000e+00
1540 0.000000e+00
1541 0.000000e+00
1542 0.000000e+00
1543 0.000000e+00
1544 0.000000e+00
1545 1.733571e-05
1546 1.686932e-05
1547 1.436923e-05
1548 1.088106e-05
1549 8.216857e-06
1550 6.162377e-06
1551 3.697302e-06
1552 2.370467e-06
1553 1.430150e-06
1554 8.715418e-07
1555 0.000000e+00
1556 0.000000e+00
1557 0.000000e+00
1558 0.000000e+00
1559 0.000000e+00
1560 1.414110e-05
1561 1.443002e-05
1562 1.306814e-05
1563 1.030996e-05
1564 7.659727e-06
1565 5.936955e-06
1566 3.845795e-06
1567 2.449695e-06
1568 1.450637e-06
1569 8.754996e-07
1570 0.000000e+00
1571 0.000000e+00
1572 0.000000e+00
1573 0.000000e+00
1574 0.000000e+00
1575 1.071337e-05
1576 1.133800e-05
1577 1.081160e-05
1578 8.973394e-06
1579 6.707732e-06
1580 5.121256e-06
1581 3.709311e-06
1582 2.207577e-06
1583 1.360092e-06
1584 8.155284e-07
1585 0.000000e+00
1586 0.000000e+00
1587 0.000000e+00
1588 0.000000e+00
1589 0.000000e+00
1590 7.892505e-06
1591 8.612341e-06
1592 8.587497e-06
1593 7.525741e-06
1594 5.780648e-06
1595 4.319266e-06
1596 3.329507e-06
1597 2.007665e-06
1598 1.304180e-06
1599 7.635643e-07
1600 4.453403e-07
1601 0.000000e+00
1602 0.000000e+00
1603 0.000000e+00
1604 0.000000e+00
1605 6.474255e-06
1606 7.251489e-06
1607 7.509523e-06
1608 6.930822e-06
1609 5.551869e-06
1610 4.117280e-06
1611 3.191051e-06
1612 2.137213e-06
1613 1.326496e-06
1614 7.721435e-07
1615 4.557888e-07
1616 0.000000e+00
1617 0.000000e+00
1618 0.000000e+00
1619 0.000000e+00
1620 4.406924e-06
1621 5.060808e-06
1622 5.430171e-06
1623 5.276006e-06
1624 4.469658e-06
1625 3.364908e-06
1626 2.547292e-06
1627 1.905319e-06
1628 1.110733e-06
1629 6.958543e-07
1630 4.046453e-07
1631 2.312820e-07
1632 0.000000e+00
1633 0.000000e+00
1634 0.000000e+00
1635 2.600636e-06
1636 3.066798e-06
1637 3.413140e-06
1638 3.498461e-06
1639 3.180404e-06
1640 2.513068e-06
1641 1.865570e-06
1642 1.449978e-06
1643 9.321941e-07
1644 5.890023e-07
1645 3.367677e-07
1646 1.914866e-07
1647 0.000000e+00
1648 0.000000e+00
1649 0.000000e+00
1650 0.000000e+00
1651 0.000000e+00
1652 0.000000e+00
1653 0.000000e+00
1654 0.000000e+00
1655 0.000000e+00
1656 0.000000e+00
1657 0.000000e+00
1658 0.000000e+00
1659 0.000000e+00
1660 0.000000e+00
1661 0.000000e+00
1662 0.000000e+00
1663 0.000000e+00
1664 0.000000e+00
1665 1.147021e-06
1666 9.484197e-07
1667 7.204130e-07
1668 5.464193e-07
1669 3.882404e-07
1670 2.440331e-07
1671 1.540881e-07
1672 9.543867e-08
1673 0.000000e+00
1674 0.000000e+00
1675 0.000000e+00
1676 0.000000e+00
1677 0.000000e+00
1678 0.000000e+00
1679 0.000000e+00
1680 1.029298e-06
1681 9.219987e-07
1682 7.332043e-07
1683 5.467957e-07
1684 4.140360e-07
1685 2.765103e-07
1686 1.735756e-07
1687 1.069472e-07
1688 6.617298e-08
1689 0.000000e+00
1690 0.000000e+00
1691 0.000000e+00
1692 0.000000e+00
1693 0.000000e+00
1694 0.000000e+00
1695 8.708320e-07
1696 8.409534e-07
1697 7.154555e-07
1698 5.436180e-07
1699 4.096036e-07
1700 3.039776e-07
1701 1.864140e-07
1702 1.185751e-07
1703 7.161290e-08
1704 4.382107e-08
1705 0.000000e+00
1706 0.000000e+00
1707 0.000000e+00
1708 0.000000e+00
1709 0.000000e+00
1710 7.376705e-07
1711 7.519549e-07
1712 6.808700e-07
1713 5.386866e-07
1714 4.014018e-07
1715 3.092823e-07
1716 2.021897e-07
1717 1.274565e-07
1718 7.612626e-08
1719 4.593602e-08
1720 0.000000e+00
1721 0.000000e+00
1722 0.000000e+00
1723 0.000000e+00
1724 0.000000e+00
1725 6.259048e-07
1726 6.620293e-07
1727 6.312051e-07
1728 5.251052e-07
1729 3.941547e-07
1730 3.004921e-07
1731 2.169347e-07
1732 1.306368e-07
1733 8.075857e-08
1734 4.831347e-08
1735 0.000000e+00
1736 0.000000e+00
1737 0.000000e+00
1738 0.000000e+00
1739 0.000000e+00
1740 5.231186e-07
1741 5.709587e-07
1742 5.695891e-07
1743 5.002162e-07
1744 3.859072e-07
1745 2.888132e-07
1746 2.213267e-07
1747 1.357681e-07
1748 8.701263e-08
1749 5.111107e-08
1750 2.996453e-08
1751 0.000000e+00
1752 0.000000e+00
1753 0.000000e+00
1754 0.000000e+00
1755 4.438506e-07
1756 4.970056e-07
1757 5.144685e-07
1758 4.747829e-07
1759 3.809616e-07
1760 2.831245e-07
1761 2.188695e-07
1762 1.469656e-07
1763 9.094866e-08
1764 5.338171e-08
1765 3.140350e-08
1766 0.000000e+00
1767 0.000000e+00
1768 0.000000e+00
1769 0.000000e+00
1770 3.764039e-07
1771 4.304491e-07
1772 4.593049e-07
1773 4.432233e-07
1774 3.736664e-07
1775 2.816761e-07
1776 2.133585e-07
1777 1.574879e-07
1778 9.299472e-08
1779 5.801035e-08
1780 3.372790e-08
1781 1.931720e-08
1782 0.000000e+00
1783 0.000000e+00
1784 0.000000e+00
1785 6.379661e-07
1786 6.177736e-07
1787 5.910621e-07
1788 5.427760e-07
1789 4.609272e-07
1790 3.523204e-07
1791 2.572156e-07
1792 1.929624e-07
1793 1.261678e-07
1794 7.930957e-08
1795 4.699955e-08
1796 2.753285e-08
1797 0.000000e+00
1798 0.000000e+00
1799 0.000000e+00
1800 1.530887e-08
1801 1.276886e-08
1802 1.022976e-08
1803 7.806203e-09
1804 5.683008e-09
1805 4.001997e-09
1806 2.755922e-09
1807 1.826303e-09
1808 1.164453e-09
1809 7.411984e-10
1810 4.675604e-10
1811 2.953185e-10
1812 1.863881e-10
1813 1.170785e-10
1814 7.276908e-11
1815 1.862046e-08
1816 1.455523e-08
1817 1.101714e-08
1818 7.975441e-09
1819 5.509745e-09
1820 3.743936e-09
1821 2.523200e-09
1822 1.682574e-09
1823 1.104487e-09
1824 7.274077e-10
1825 4.752748e-10
1826 3.069374e-10
1827 1.940418e-10
1828 1.192896e-10
1829 7.113109e-11
1830 2.373866e-08
1831 1.827017e-08
1832 1.348041e-08
1833 9.589666e-09
1834 6.471672e-09
1835 4.223427e-09
1836 2.762508e-09
1837 1.809547e-09
1838 1.197234e-09
1839 8.045814e-10
1840 5.420397e-10
1841 3.610243e-10
1842 2.340367e-10
1843 1.459004e-10
1844 8.689503e-11
1845 3.098571e-08
1846 2.411482e-08
1847 1.776367e-08
1848 1.261881e-08
1849 8.577515e-09
1850 5.510241e-09
1851 3.525424e-09
1852 2.266042e-09
1853 1.490625e-09
1854 1.004333e-09
1855 6.853596e-10
1856 4.652177e-10
1857 3.080860e-10
1858 1.960264e-10
1859 1.186649e-10
1860 3.923773e-08
1861 3.133594e-08
1862 2.348758e-08
1863 1.687624e-08
1864 1.168993e-08
1865 7.632278e-09
1866 4.836912e-09
1867 3.089133e-09
1868 2.002090e-09
1869 1.330638e-09
1870 9.018381e-10
1871 6.132355e-10
1872 4.102160e-10
1873 2.653762e-10
1874 1.640221e-10
1875 4.827602e-08
1876 3.966253e-08
1877 3.041193e-08
1878 2.215669e-08
1879 1.558487e-08
1880 1.041894e-08
1881 6.605703e-09
1882 4.201411e-09
1883 2.681858e-09
1884 1.754194e-09
1885 1.174280e-09
1886 7.947873e-10
1887 5.339870e-10
1888 3.497632e-10
1889 2.202521e-10
1890 5.832599e-08
1891 4.924201e-08
1892 3.869327e-08
1893 2.864754e-08
1894 2.040080e-08
1895 1.393255e-08
1896 8.943088e-09
1897 5.647725e-09
1898 3.570142e-09
1899 2.300060e-09
1900 1.516911e-09
1901 1.017774e-09
1902 6.835715e-10
1903 4.512965e-10
1904 2.884059e-10
1905 6.829352e-08
1906 5.901475e-08
1907 4.742724e-08
1908 3.568677e-08
1909 2.567289e-08
1910 1.780449e-08
1911 1.163165e-08
1912 7.299607e-09
1913 4.601878e-09
1914 2.924041e-09
1915 1.900620e-09
1916 1.261849e-09
1917 8.443361e-10
1918 5.595161e-10
1919 3.611425e-10
1920 8.022110e-08
1921 7.109052e-08
1922 5.865538e-08
1923 4.513387e-08
1924 3.291854e-08
1925 2.314600e-08
1926 1.547692e-08
1927 9.751728e-09
1928 6.123406e-09
1929 3.835789e-09
1930 2.452568e-09
1931 1.602919e-09
1932 1.062193e-09
1933 7.027201e-10
1934 4.565466e-10
1935 9.331524e-08
1936 8.552531e-08
1937 7.330053e-08
1938 5.850527e-08
1939 4.382168e-08
1940 3.139012e-08
1941 2.160348e-08
1942 1.399814e-08
1943 8.723428e-09
1944 5.422141e-09
1945 3.383211e-09
1946 2.149915e-09
1947 1.391633e-09
1948 9.084138e-10
1949 5.893685e-10
1950 2.107089e-07
1951 2.158247e-07
1952 2.101588e-07
1953 1.926644e-07
1954 1.648907e-07
1955 1.311748e-07
1956 9.773303e-08
1957 6.956183e-08
1958 4.749487e-08
1959 3.016311e-08
1960 1.823173e-08
1961 1.083848e-08
1962 6.362290e-09
1963 3.732305e-09
1964 2.209040e-09
