0 3.711265e-09
1 2.622369e-09
2 1.786745e-09
3 1.196704e-09
4 7.951486e-10
5 5.250845e-10
6 3.530015e-10
7 2.387274e-10
8 1.615083e-10
9 1.077665e-10
10 7.002064e-11
11 4.386553e-11
12 2.635630e-11
13 1.516259e-11
14 8.360565e-12
15 4.908068e-09
16 3.476315e-09
17 2.370189e-09
18 1.569712e-09
19 1.030651e-09
20 6.807876e-10
21 4.563795e-10
22 3.105810e-10
23 2.121205e-10
24 1.430810e-10
25 9.383745e-11
26 5.912536e-11
27 3.554425e-11
28 2.035325e-11
29 1.112946e-11
30 5.873357e-09
31 4.208066e-09
32 2.902375e-09
33 1.941383e-09
34 1.273035e-09
35 8.369982e-10
36 5.561293e-10
37 3.760561e-10
38 2.560910e-10
39 1.732444e-10
40 1.146522e-10
41 7.321954e-11
42 4.474511e-11
43 2.606414e-11
44 1.448348e-11
45 6.459403e-09
46 4.666288e-09
47 3.239417e-09
48 2.184856e-09
49 1.438857e-09
50 9.397898e-10
51 6.221401e-10
52 4.177500e-10
53 2.834204e-10
54 1.918202e-10
55 1.275042e-10
56 8.212225e-11
57 5.074620e-11
58 2.993841e-11
59 1.684387e-11
60 7.577425e-09
61 5.554855e-09
62 3.900118e-09
63 2.656658e-09
64 1.765395e-09
65 1.149902e-09
66 7.557363e-10
67 5.028771e-10
68 3.389576e-10
69 2.290238e-10
70 1.528939e-10
71 9.944092e-11
72 6.233488e-11
73 3.741419e-11
74 2.144014e-11
75 8.454356e-09
76 6.288067e-09
77 4.465335e-09
78 3.069111e-09
79 2.059453e-09
80 1.347590e-09
81 8.796050e-10
82 5.815743e-10
83 3.889498e-10
84 2.615499e-10
85 1.746223e-10
86 1.141919e-10
87 7.231365e-11
88 4.401210e-11
89 2.563709e-11
90 9.407538e-09
91 7.122641e-09
92 5.137924e-09
93 3.573184e-09
94 2.424147e-09
95 1.603057e-09
96 1.042836e-09
97 6.848216e-10
98 4.532254e-10
99 3.022809e-10
100 2.011510e-10
101 1.318944e-10
102 8.425784e-11
103 5.199797e-11
104 3.083573e-11
105 1.038357e-08
106 8.003454e-09
107 5.870029e-09
108 4.133918e-09
109 2.833005e-09
110 1.895022e-09
111 1.235468e-09
112 8.050382e-10
113 5.280018e-10
114 3.490121e-10
115 2.309847e-10
116 1.514777e-10
117 9.734355e-11
118 6.075808e-11
119 3.659798e-11
120 1.127195e-08
121 8.828341e-09
122 6.578785e-09
123 4.692277e-09
124 3.245312e-09
125 2.192384e-09
126 1.439204e-09
127 9.315991e-10
128 6.074221e-10
129 3.978819e-10
130 2.615692e-10
131 1.711280e-10
132 1.102929e-10
133 6.937133e-11
134 4.228824e-11
135 1.226075e-08
136 9.824443e-09
137 7.503271e-09
138 5.470974e-09
139 3.845071e-09
140 2.634321e-09
141 1.756242e-09
142 1.136797e-09
143 7.340759e-10
144 4.744761e-10
145 3.079315e-10
146 1.997156e-10
147 1.284696e-10
148 8.124961e-11
149 5.015009e-11
150 6.731086e-09
151 4.784216e-09
152 3.267205e-09
153 2.142789e-09
154 1.392448e-09
155 9.137782e-10
156 6.116716e-10
157 4.179580e-10
158 2.879690e-10
159 1.964358e-10
160 1.302526e-10
161 8.275687e-11
162 4.994765e-11
163 2.855311e-11
164 1.551355e-11
165 8.036695e-09
166 5.762711e-09
167 3.975579e-09
168 2.626617e-09
169 1.702414e-09
170 1.112329e-09
171 7.392472e-10
172 5.022025e-10
173 3.453419e-10
174 2.363613e-10
175 1.579594e-10
176 1.015065e-10
177 6.207266e-11
178 3.596889e-11
179 1.978456e-11
180 8.688328e-09
181 6.260160e-09
182 4.339687e-09
183 2.882974e-09
184 1.870737e-09
185 1.218257e-09
186 8.066264e-10
187 5.457400e-10
188 3.745012e-10
189 2.564819e-10
190 1.720084e-10
191 1.111575e-10
192 6.846349e-11
193 3.998746e-11
194 2.216539e-11
195 9.918437e-09
196 7.202120e-09
197 5.027903e-09
198 3.360262e-09
199 2.186208e-09
200 1.420250e-09
201 9.356850e-10
202 6.298898e-10
203 4.308637e-10
204 2.951579e-10
205 1.987132e-10
206 1.292945e-10
207 8.034850e-11
208 4.740619e-11
209 2.654922e-11
210 1.073673e-08
211 7.847695e-09
212 5.510250e-09
213 3.700718e-09
214 2.417217e-09
215 1.571921e-09
216 1.031653e-09
217 6.919250e-10
218 4.716074e-10
219 3.225269e-10
220 2.173702e-10
221 1.419554e-10
222 8.873890e-11
223 5.275373e-11
224 2.979973e-11
225 1.151838e-08
226 8.486216e-09
227 6.003247e-09
228 4.057618e-09
229 2.664001e-09
230 1.739438e-09
231 1.138779e-09
232 7.604822e-10
233 5.157003e-10
234 3.515226e-10
235 2.367532e-10
236 1.549763e-10
237 9.737965e-11
238 5.834196e-11
239 3.328214e-11
240 1.226985e-08
241 9.115421e-09
242 6.501116e-09
243 4.424828e-09
244 2.920918e-09
245 1.917233e-09
246 1.255197e-09
247 8.342465e-10
248 5.628298e-10
249 3.819305e-10
250 2.567403e-10
251 1.682529e-10
252 1.061657e-10
253 6.404823e-11
254 3.688576e-11
255 1.291452e-08
256 9.670403e-09
257 6.953433e-09
258 4.767496e-09
259 3.164916e-09
260 2.088091e-09
261 1.370823e-09
262 9.069790e-10
263 6.093899e-10
264 4.114659e-10
265 2.757261e-10
266 1.806368e-10
267 1.142861e-10
268 6.932907e-11
269 4.025136e-11
270 1.347879e-08
271 1.021287e-08
272 7.441832e-09
273 5.171312e-09
274 3.470835e-09
275 2.310739e-09
276 1.529288e-09
277 1.009964e-09
278 6.732680e-10
279 4.506261e-10
280 2.997428e-10
281 1.955785e-10
282 1.238109e-10
283 7.551388e-11
284 4.428808e-11
285 9.865768e-09
286 7.139036e-09
287 4.978988e-09
288 3.323391e-09
289 2.147764e-09
290 1.396111e-09
291 9.197360e-10
292 6.203085e-10
293 4.253969e-10
294 2.920328e-10
295 1.968583e-10
296 1.281028e-10
297 7.950081e-11
298 4.676056e-11
299 2.606151e-11
300 1.087265e-08
301 7.916251e-09
302 5.552144e-09
303 3.735373e-09
304 2.419321e-09
305 1.566838e-09
306 1.027515e-09
307 6.895245e-10
308 4.712794e-10
309 3.234754e-10
310 2.188044e-10
311 1.433012e-10
312 8.969581e-11
313 5.326609e-11
314 2.996901e-11
315 1.261732e-08
316 9.257883e-09
317 6.538675e-09
318 4.429950e-09
319 2.878025e-09
320 1.858855e-09
321 1.213085e-09
322 8.094436e-10
323 5.512203e-10
324 3.783723e-10
325 2.568667e-10
326 1.693679e-10
327 1.069677e-10
328 6.416891e-11
329 3.646408e-11
330 1.375842e-08
331 1.015421e-08
332 7.207949e-09
333 4.907000e-09
334 3.198981e-09
335 2.066844e-09
336 1.344357e-09
337 8.938313e-10
338 6.066014e-10
339 4.158100e-10
340 2.825938e-10
341 1.870233e-10
342 1.187594e-10
343 7.171181e-11
344 4.104408e-11
345 1.480910e-08
346 1.100070e-08
347 7.854105e-09
348 5.375766e-09
349 3.518949e-09
350 2.279102e-09
351 1.479583e-09
352 9.802387e-10
353 6.625650e-10
354 4.529309e-10
355 3.077439e-10
356 2.041046e-10
357 1.301776e-10
358 7.909230e-11
359 4.561209e-11
360 1.579335e-08
361 1.180787e-08
362 8.481277e-09
363 5.836867e-09
364 3.836921e-09
365 2.493534e-09
366 1.618661e-09
367 1.068233e-09
368 7.191493e-10
369 4.900006e-10
370 3.325269e-10
371 2.207803e-10
372 1.412893e-10
373 8.630626e-11
374 5.012125e-11
375 1.661240e-08
376 1.249311e-08
377 9.027486e-09
378 6.246825e-09
379 4.123975e-09
380 2.690337e-09
381 1.749641e-09
382 1.150890e-09
383 7.722965e-10
384 5.242447e-10
385 3.549895e-10
386 2.356720e-10
387 1.511347e-10
388 9.269558e-11
389 5.414635e-11
390 1.727271e-08
391 1.310251e-08
392 9.559104e-09
393 6.678993e-09
394 4.445906e-09
395 2.919957e-09
396 1.910986e-09
397 1.255454e-09
398 8.375089e-10
399 5.646600e-10
400 3.801367e-10
401 2.515981e-10
402 1.613916e-10
403 9.936132e-11
404 5.845869e-11
405 1.223260e-08
406 8.981700e-09
407 6.342674e-09
408 4.310235e-09
409 2.805767e-09
410 1.809188e-09
411 1.180878e-09
412 7.868217e-10
413 5.350042e-10
414 3.668077e-10
415 2.489413e-10
416 1.642525e-10
417 1.038903e-10
418 6.245130e-11
419 3.557323e-11
420 1.447634e-08
421 1.073210e-08
422 7.637801e-09
423 5.235266e-09
424 3.427332e-09
425 2.202350e-09
426 1.430784e-09
427 9.465922e-10
428 6.403598e-10
429 4.385078e-10
430 2.986020e-10
431 1.984724e-10
432 1.268144e-10
433 7.712066e-11
434 4.444486e-11
435 1.593518e-08
436 1.188547e-08
437 8.497601e-09
438 5.854585e-09
439 3.849425e-09
440 2.470605e-09
441 1.600962e-09
442 1.054615e-09
443 7.108957e-10
444 4.861381e-10
445 3.314666e-10
446 2.211437e-10
447 1.421046e-10
448 8.700938e-11
449 5.050528e-11
450 1.721997e-08
451 1.291034e-08
452 9.266906e-09
453 6.412761e-09
454 4.231794e-09
455 2.715036e-09
456 1.756151e-09
457 1.153067e-09
458 7.748914e-10
459 5.290461e-10
460 3.609651e-10
461 2.414604e-10
462 1.558196e-10
463 9.591459e-11
464 5.599531e-11
465 1.836594e-08
466 1.382888e-08
467 9.959659e-09
468 6.916841e-09
469 4.578152e-09
470 2.937826e-09
471 1.898481e-09
472 1.242818e-09
473 8.331337e-10
474 5.679899e-10
475 3.875938e-10
476 2.597586e-10
477 1.681624e-10
478 1.039354e-10
479 6.096051e-11
480 1.927849e-08
481 1.456379e-08
482 1.051771e-08
483 7.324980e-09
484 4.859584e-09
485 3.120458e-09
486 2.015941e-09
487 1.317039e-09
488 8.812682e-10
489 5.999842e-10
490 4.093439e-10
491 2.746213e-10
492 1.781653e-10
493 1.104371e-10
494 6.498306e-11
495 1.989332e-08
496 1.508482e-08
497 1.093227e-08
498 7.641182e-09
499 5.085883e-09
500 3.270605e-09
501 2.115245e-09
502 1.380054e-09
503 9.210868e-10
504 6.257226e-10
505 4.263526e-10
506 2.860540e-10
507 1.858327e-10
508 1.154864e-10
509 6.819117e-11
510 1.758533e-08
511 1.320644e-08
512 9.487153e-09
513 6.570868e-09
514 4.344285e-09
515 2.784110e-09
516 1.800331e-09
517 1.180048e-09
518 7.922876e-10
519 5.408117e-10
520 3.691450e-10
521 2.472010e-10
522 1.597681e-10
523 9.852155e-11
524 5.762266e-11
525 1.973205e-08
526 1.494935e-08
527 1.080590e-08
528 7.531176e-09
529 5.015962e-09
530 3.215366e-09
531 2.072330e-09
532 1.351186e-09
533 9.026368e-10
534 6.140847e-10
535 4.192553e-10
536 2.818137e-10
537 1.833363e-10
538 1.140139e-10
539 6.731003e-11
540 2.163525e-08
541 1.650309e-08
542 1.198679e-08
543 8.393595e-09
544 5.620067e-09
545 3.605295e-09
546 2.318037e-09
547 1.505733e-09
548 1.001637e-09
549 6.797739e-10
550 4.641239e-10
551 3.127863e-10
552 2.044633e-10
553 1.279479e-10
554 7.606083e-11
555 2.331285e-08
556 1.787826e-08
557 1.303108e-08
558 9.156692e-09
559 6.157156e-09
560 3.952078e-09
561 2.536887e-09
562 1.642951e-09
563 1.089724e-09
564 7.380283e-10
565 5.038398e-10
566 3.401913e-10
567 2.231501e-10
568 1.402764e-10
569 8.380860e-11
570 2.463415e-08
571 1.895839e-08
572 1.385318e-08
573 9.758981e-09
574 6.580423e-09
575 4.225954e-09
576 2.709843e-09
577 1.751454e-09
578 1.159472e-09
579 7.841680e-10
580 5.352120e-10
581 3.618473e-10
582 2.379068e-10
583 1.500102e-10
584 8.992923e-11
585 2.554655e-08
586 1.972953e-08
587 1.445268e-08
588 1.020674e-08
589 6.901856e-09
590 4.435699e-09
591 2.842546e-09
592 1.834256e-09
593 1.211708e-09
594 8.181443e-10
595 5.581496e-10
596 3.776362e-10
597 2.487711e-10
598 1.572907e-10
599 9.458998e-11
600 2.256101e-08
601 1.730253e-08
602 1.261221e-08
603 8.857126e-09
604 5.958409e-09
605 3.832941e-09
606 2.459381e-09
607 1.593986e-09
608 1.057104e-09
609 7.153775e-10
610 4.878553e-10
611 3.290534e-10
612 2.156553e-10
613 1.354995e-10
614 8.095868e-11
615 2.517335e-08
616 1.950309e-08
617 1.431848e-08
618 1.011427e-08
619 6.856074e-09
620 4.428842e-09
621 2.831881e-09
622 1.828179e-09
623 1.205000e-09
624 8.117174e-10
625 5.527272e-10
626 3.735871e-10
627 2.461569e-10
628 1.558703e-10
629 9.399390e-11
630 2.747655e-08
631 2.144646e-08
632 1.582599e-08
633 1.122542e-08
634 7.652672e-09
635 4.956604e-09
636 3.162416e-09
637 2.035841e-09
638 1.336384e-09
639 8.970952e-10
640 6.100904e-10
641 4.129573e-10
642 2.731159e-10
643 1.738797e-10
644 1.055225e-10
645 2.929569e-08
646 2.297744e-08
647 1.701202e-08
648 1.210262e-08
649 8.279432e-09
650 5.373657e-09
651 3.423103e-09
652 2.200045e-09
653 1.439876e-09
654 9.643880e-10
655 6.553485e-10
656 4.440226e-10
657 2.943778e-10
658 1.880818e-10
659 1.146198e-10
660 3.063507e-08
661 2.414432e-08
662 1.793996e-08
663 1.279649e-08
664 8.784666e-09
665 5.714262e-09
666 3.636390e-09
667 2.332989e-09
668 1.522742e-09
669 1.017540e-09
670 6.906326e-10
671 4.681771e-10
672 3.110524e-10
673 1.993745e-10
674 1.219725e-10
675 2.868658e-08
676 2.255011e-08
677 1.673913e-08
678 1.191743e-08
679 8.162903e-09
680 5.321014e-09
681 3.390065e-09
682 2.179868e-09
683 1.424118e-09
684 9.519431e-10
685 6.455868e-10
686 4.367487e-10
687 2.894094e-10
688 1.850107e-10
689 1.129354e-10
690 3.189024e-08
691 2.535646e-08
692 1.898301e-08
693 1.359749e-08
694 9.381745e-09
695 6.158616e-09
696 3.918984e-09
697 2.511859e-09
698 1.630657e-09
699 1.083568e-09
700 7.322544e-10
701 4.954381e-10
702 3.295104e-10
703 2.120413e-10
704 1.305559e-10
705 3.444531e-08
706 2.759345e-08
707 2.077729e-08
708 1.494586e-08
709 1.035966e-08
710 6.833372e-09
711 4.346438e-09
712 2.780280e-09
713 1.797654e-09
714 1.189846e-09
715 8.020857e-10
716 5.425913e-10
717 3.616703e-10
718 2.337085e-10
719 1.446964e-10
720 3.651359e-08
721 2.947409e-08
722 2.232581e-08
723 1.612915e-08
724 1.123223e-08
725 7.445570e-09
726 4.736943e-09
727 3.024679e-09
728 1.948030e-09
729 1.284008e-09
730 8.630680e-10
731 5.834514e-10
732 3.895847e-10
733 2.527196e-10
734 1.572790e-10
735 3.612808e-08
736 2.916892e-08
737 2.211074e-08
738 1.597440e-08
739 1.111847e-08
740 7.381426e-09
741 4.701850e-09
742 3.001391e-09
743 1.932841e-09
744 1.273616e-09
745 8.554120e-10
746 5.777826e-10
747 3.855113e-10
748 2.499405e-10
749 1.555481e-10
750 3.958675e-08
751 3.229899e-08
752 2.470648e-08
753 1.795779e-08
754 1.257125e-08
755 8.409103e-09
756 5.367646e-09
757 3.416597e-09
758 2.189664e-09
759 1.434349e-09
760 9.588758e-10
761 6.466056e-10
762 4.321179e-10
763 2.814422e-10
764 1.763604e-10
765 4.259671e-08
766 3.512673e-08
767 2.710582e-08
768 1.982769e-08
769 1.395985e-08
770 9.406896e-09
771 6.022838e-09
772 3.823096e-09
773 2.439674e-09
774 1.588850e-09
775 1.056896e-09
776 7.110017e-10
777 4.756264e-10
778 3.110144e-10
779 1.961216e-10
780 4.397745e-08
781 3.637828e-08
782 2.817099e-08
783 2.065619e-08
784 1.456275e-08
785 9.837523e-09
786 6.317119e-09
787 4.003857e-09
788 2.554259e-09
789 1.659892e-09
790 1.101675e-09
791 7.400351e-10
792 4.948339e-10
793 3.237911e-10
794 2.045183e-10
795 4.810908e-08
796 4.037015e-08
797 3.166629e-08
798 2.343977e-08
799 1.664530e-08
800 1.135356e-08
801 7.345465e-09
802 4.640633e-09
803 2.948566e-09
804 1.900070e-09
805 1.251218e-09
806 8.363858e-10
807 5.589534e-10
808 3.671141e-10
809 2.335783e-10
810 5.420960e-08
811 4.647852e-08
812 3.724264e-08
813 2.805929e-08
814 2.017086e-08
815 1.394806e-08
816 9.177685e-09
817 5.803309e-09
818 3.667710e-09
819 2.333596e-09
820 1.515348e-09
821 1.001436e-09
822 6.656034e-10
823 4.378550e-10
824 2.808313e-10
825 0.000000e+00
826 0.000000e+00
827 0.000000e+00
828 0.000000e+00
829 0.000000e+00
830 0.000000e+00
831 0.000000e+00
832 0.000000e+00
833 0.000000e+00
834 0.000000e+00
835 0.000000e+00
836 0.000000e+00
837 0.000000e+00
838 0.000000e+00
839 0.000000e+00
840 0.000000e+00
841 0.000000e+00
842 0.000000e+00
843 0.000000e+00
844 0.000000e+00
845 0.000000e+00
846 0.000000e+00
847 0.000000e+00
848 0.000000e+00
849 0.000000e+00
850 0.000000e+00
851 0.000000e+00
852 0.000000e+00
853 0.000000e+00
854 0.000000e+00
855 0.000000e+00
856 0.000000e+00
857 0.000000e+00
858 0.000000e+00
859 0.000000e+00
860 0.000000e+00
861 0.000000e+00
862 0.000000e+00
863 0.000000e+00
864 0.000000e+00
865 0.000000e+00
866 0.000000e+00
867 0.000000e+00
868 0.000000e+00
869 0.000000e+00
870 0.000000e+00
871 0.000000e+00
872 0.000000e+00
873 0.000000e+00
874 0.000000e+00
875 0.000000e+00
876 0.000000e+00
877 0.000000e+00
878 0.000000e+00
879 0.000000e+00
880 0.000000e+00
881 0.000000e+00
882 0.000000e+00
883 0.000000e+00
884 0.000000e+00
885 0.000000e+00
886 0.000000e+00
887 0.000000e+00
888 0.000000e+00
889 0.000000e+00
890 0.000000e+00
891 0.000000e+00
892 0.000000e+00
893 0.000000e+00
894 0.000000e+00
895 0.000000e+00
896 0.000000e+00
897 0.000000e+00
898 0.000000e+00
899 0.000000e+00
900 0.000000e+00
901 0.000000e+00
902 0.000000e+00
903 0.000000e+00
904 0.000000e+00
905 0.000000e+00
906 0.000000e+00
907 0.000000e+00
908 0.000000e+00
909 0.000000e+00
910 0.000000e+00
911 0.000000e+00
912 0.000000e+00
913 0.000000e+00
914 0.000000e+00
915 0.000000e+00
916 0.000000e+00
917 0.000000e+00
918 0.000000e+00
919 0.000000e+00
920 0.000000e+00
921 0.000000e+00
922 0.000000e+00
923 0.000000e+00
924 0.000000e+00
925 0.000000e+00
926 0.000000e+00
927 0.000000e+00
928 0.000000e+00
929 0.000000e+00
930 0.000000e+00
931 0.000000e+00
932 0.000000e+00
933 0.000000e+00
934 0.000000e+00
935 0.000000e+00
936 0.000000e+00
937 0.000000e+00
938 0.000000e+00
939 0.000000e+00
940 0.000000e+00
941 0.000000e+00
942 0.000000e+00
943 0.000000e+00
944 0.000000e+00
945 0.000000e+00
946 0.000000e+00
947 0.000000e+00
948 0.000000e+00
949 0.000000e+00
950 0.000000e+00
951 0.000000e+00
952 0.000000e+00
953 0.000000e+00
954 0.000000e+00
955 0.000000e+00
956 0.000000e+00
957 0.000000e+00
958 0.000000e+00
959 0.000000e+00
960 2.805478e-07
961 2.179053e-07
962 1.641979e-07
963 1.216282e-07
964 7.885993e-08
965 5.013315e-08
966 3.113451e-08
967 1.967016e-08
968 0.000000e+00
969 0.000000e+00
970 0.000000e+00
971 0.000000e+00
972 0.000000e+00
973 0.000000e+00
974 0.000000e+00
975 3.796456e-07
976 2.975850e-07
977 2.240992e-07
978 1.671025e-07
979 1.099269e-07
980 6.958675e-08
981 4.328149e-08
982 2.723342e-08
983 0.000000e+00
984 0.000000e+00
985 0.000000e+00
986 0.000000e+00
987 0.000000e+00
988 0.000000e+00
989 0.000000e+00
990 5.178988e-07
991 4.091147e-07
992 3.084429e-07
993 2.306949e-07
994 1.535345e-07
995 9.705743e-08
996 6.047698e-08
997 3.792439e-08
998 0.000000e+00
999 0.000000e+00
1000 0.000000e+00
1001 0.000000e+00
1002 0.000000e+00
1003 0.000000e+00
1004 0.000000e+00
1005 6.135543e-07
1006 4.869832e-07
1007 3.674685e-07
1008 2.752370e-07
1009 1.844102e-07
1010 1.165577e-07
1011 7.269214e-08
1012 4.549823e-08
1013 0.000000e+00
1014 0.000000e+00
1015 0.000000e+00
1016 0.000000e+00
1017 0.000000e+00
1018 0.000000e+00
1019 0.000000e+00
1020 6.981071e-07
1021 5.559442e-07
1022 4.197651e-07
1023 3.147140e-07
1024 2.118407e-07
1025 1.338857e-07
1026 8.354856e-08
1027 5.222641e-08
1028 0.000000e+00
1029 0.000000e+00
1030 0.000000e+00
1031 0.000000e+00
1032 0.000000e+00
1033 0.000000e+00
1034 0.000000e+00
1035 7.725321e-07
1036 6.166448e-07
1037 4.657963e-07
1038 3.494617e-07
1039 2.359864e-07
1040 1.491377e-07
1041 9.310433e-08
1042 5.814998e-08
1043 0.000000e+00
1044 0.000000e+00
1045 0.000000e+00
1046 0.000000e+00
1047 0.000000e+00
1048 0.000000e+00
1049 0.000000e+00
1050 8.309561e-07
1051 6.642961e-07
1052 5.019320e-07
1053 3.767398e-07
1054 2.549415e-07
1055 1.611164e-07
1056 1.006091e-07
1057 6.279940e-08
1058 0.000000e+00
1059 0.000000e+00
1060 0.000000e+00
1061 0.000000e+00
1062 0.000000e+00
1063 0.000000e+00
1064 0.000000e+00
1065 8.738993e-07
1066 6.996826e-07
1067 5.288213e-07
1068 3.970775e-07
1069 2.692620e-07
1070 1.701644e-07
1071 1.062879e-07
1072 6.630728e-08
1073 0.000000e+00
1074 0.000000e+00
1075 0.000000e+00
1076 0.000000e+00
1077 0.000000e+00
1078 0.000000e+00
1079 0.000000e+00
1080 2.111198e-07
1081 1.753920e-07
1082 1.326611e-07
1083 1.001076e-07
1084 7.213510e-08
1085 4.460424e-08
1086 2.829957e-08
1087 1.745817e-08
1088 1.101647e-08
1089 0.000000e+00
1090 0.000000e+00
1091 0.000000e+00
1092 0.000000e+00
1093 0.000000e+00
1094 0.000000e+00
1095 3.433513e-07
1096 2.889008e-07
1097 2.197173e-07
1098 1.656245e-07
1099 1.209982e-07
1100 7.517298e-08
1101 4.783503e-08
1102 2.938379e-08
1103 1.844817e-08
1104 0.000000e+00
1105 0.000000e+00
1106 0.000000e+00
1107 0.000000e+00
1108 0.000000e+00
1109 0.000000e+00
1110 4.488887e-07
1111 3.805594e-07
1112 2.905789e-07
1113 2.188948e-07
1114 1.609557e-07
1115 1.005443e-07
1116 6.396917e-08
1117 3.923678e-08
1118 2.457091e-08
1119 0.000000e+00
1120 0.000000e+00
1121 0.000000e+00
1122 0.000000e+00
1123 0.000000e+00
1124 0.000000e+00
1125 5.453214e-07
1126 4.645277e-07
1127 3.556231e-07
1128 2.677814e-07
1129 1.976690e-07
1130 1.239371e-07
1131 7.882667e-08
1132 4.831892e-08
1133 3.020904e-08
1134 0.000000e+00
1135 0.000000e+00
1136 0.000000e+00
1137 0.000000e+00
1138 0.000000e+00
1139 0.000000e+00
1140 6.301797e-07
1141 5.384229e-07
1142 4.128612e-07
1143 3.107966e-07
1144 2.299686e-07
1145 1.445161e-07
1146 9.189853e-08
1147 5.630821e-08
1148 3.516969e-08
1149 0.000000e+00
1150 0.000000e+00
1151 0.000000e+00
1152 0.000000e+00
1153 0.000000e+00
1154 0.000000e+00
1155 6.968223e-07
1156 5.964416e-07
1157 4.578015e-07
1158 3.445759e-07
1159 2.553333e-07
1160 1.606769e-07
1161 1.021639e-07
1162 6.258167e-08
1163 3.906593e-08
1164 0.000000e+00
1165 0.000000e+00
1166 0.000000e+00
1167 0.000000e+00
1168 0.000000e+00
1169 0.000000e+00
1170 7.527805e-07
1171 6.454712e-07
1172 4.959173e-07
1173 3.732066e-07
1174 2.769302e-07
1175 1.745063e-07
1176 1.109428e-07
1177 6.794380e-08
1178 4.238893e-08
1179 0.000000e+00
1180 0.000000e+00
1181 0.000000e+00
1182 0.000000e+00
1183 0.000000e+00
1184 0.000000e+00
1185 1.869590e-07
1186 1.630917e-07
1187 1.279584e-07
1188 9.535411e-08
1189 7.091658e-08
1190 4.620826e-08
1191 2.922649e-08
1192 1.786762e-08
1193 1.112567e-08
1194 0.000000e+00
1195 0.000000e+00
1196 0.000000e+00
1197 0.000000e+00
1198 0.000000e+00
1199 0.000000e+00
1200 2.861491e-07
1201 2.542932e-07
1202 2.017146e-07
1203 1.504864e-07
1204 1.128895e-07
1205 7.514184e-08
1206 4.709232e-08
1207 2.889473e-08
1208 1.789675e-08
1209 0.000000e+00
1210 0.000000e+00
1211 0.000000e+00
1212 0.000000e+00
1213 0.000000e+00
1214 0.000000e+00
1215 3.862684e-07
1216 3.471176e-07
1217 2.774050e-07
1218 2.072216e-07
1219 1.560202e-07
1220 1.052571e-07
1221 6.564418e-08
1222 4.041870e-08
1223 2.494779e-08
1224 0.000000e+00
1225 0.000000e+00
1226 0.000000e+00
1227 0.000000e+00
1228 0.000000e+00
1229 0.000000e+00
1230 4.747243e-07
1231 4.291794e-07
1232 3.443785e-07
1233 2.574505e-07
1234 1.941960e-07
1235 1.319354e-07
1236 8.209329e-08
1237 5.063787e-08
1238 3.119792e-08
1239 0.000000e+00
1240 0.000000e+00
1241 0.000000e+00
1242 0.000000e+00
1243 0.000000e+00
1244 0.000000e+00
1245 5.441798e-07
1246 4.936105e-07
1247 3.969612e-07
1248 2.968860e-07
1249 2.241688e-07
1250 1.528803e-07
1251 9.500730e-08
1252 5.866049e-08
1253 3.610472e-08
1254 0.000000e+00
1255 0.000000e+00
1256 0.000000e+00
1257 0.000000e+00
1258 0.000000e+00
1259 0.000000e+00
1260 6.086218e-07
1261 5.537365e-07
1262 4.462327e-07
1263 3.338665e-07
1264 2.523133e-07
1265 1.726791e-07
1266 1.071882e-07
1267 6.624145e-08
1268 4.073405e-08
1269 0.000000e+00
1270 0.000000e+00
1271 0.000000e+00
1272 0.000000e+00
1273 0.000000e+00
1274 0.000000e+00
1275 1.305457e-07
1276 1.247755e-07
1277 1.042727e-07
1278 7.846212e-08
1279 5.965176e-08
1280 4.348072e-08
1281 2.628023e-08
1282 1.658539e-08
1283 1.007304e-08
1284 6.196102e-09
1285 0.000000e+00
1286 0.000000e+00
1287 0.000000e+00
1288 0.000000e+00
1289 0.000000e+00
1290 2.320169e-07
1291 2.242135e-07
1292 1.898509e-07
1293 1.437719e-07
1294 1.088065e-07
1295 8.052518e-08
1296 4.886457e-08
1297 3.107956e-08
1298 1.877390e-08
1299 1.148543e-08
1300 0.000000e+00
1301 0.000000e+00
1302 0.000000e+00
1303 0.000000e+00
1304 0.000000e+00
1305 3.273023e-07
1306 3.179565e-07
1307 2.710065e-07
1308 2.059576e-07
1309 1.555574e-07
1310 1.158208e-07
1311 7.059410e-08
1312 4.497571e-08
1313 2.710824e-08
1314 1.654958e-08
1315 0.000000e+00
1316 0.000000e+00
1317 0.000000e+00
1318 0.000000e+00
1319 0.000000e+00
1320 4.023752e-07
1321 3.918951e-07
1322 3.349746e-07
1323 2.549737e-07
1324 1.924047e-07
1325 1.436601e-07
1326 8.773921e-08
1327 5.594187e-08
1328 3.368646e-08
1329 2.054685e-08
1330 0.000000e+00
1331 0.000000e+00
1332 0.000000e+00
1333 0.000000e+00
1334 0.000000e+00
1335 4.785412e-07
1336 4.669608e-07
1337 4.000702e-07
1338 3.049752e-07
1339 2.299674e-07
1340 1.720878e-07
1341 1.052812e-07
1342 6.716347e-08
1343 4.041364e-08
1344 2.463139e-08
1345 0.000000e+00
1346 0.000000e+00
1347 0.000000e+00
1348 0.000000e+00
1349 0.000000e+00
1350 1.230408e-07
1351 1.236240e-07
1352 1.097392e-07
1353 8.534965e-08
1354 6.368150e-08
1355 4.902326e-08
1356 3.081728e-08
1357 1.979794e-08
1358 1.177609e-08
1359 7.110735e-09
1360 0.000000e+00
1361 0.000000e+00
1362 0.000000e+00
1363 0.000000e+00
1364 0.000000e+00
1365 2.170472e-07
1366 2.196317e-07
1367 1.969053e-07
1368 1.543979e-07
1369 1.150626e-07
1370 8.868841e-08
1371 5.681901e-08
1372 3.617984e-08
1373 2.153397e-08
1374 1.300239e-08
1375 0.000000e+00
1376 0.000000e+00
1377 0.000000e+00
1378 0.000000e+00
1379 0.000000e+00
1380 2.942427e-07
1381 2.986984e-07
1382 2.689267e-07
1383 2.116447e-07
1384 1.576840e-07
1385 1.215572e-07
1386 7.853057e-08
1387 4.979872e-08
1388 2.967240e-08
1389 1.791220e-08
1390 0.000000e+00
1391 0.000000e+00
1392 0.000000e+00
1393 0.000000e+00
1394 0.000000e+00
1395 3.769258e-07
1396 3.834502e-07
1397 3.462441e-07
1398 2.731815e-07
1399 2.034976e-07
1400 1.568883e-07
1401 1.019359e-07
1402 6.446054e-08
1403 3.843917e-08
1404 2.319980e-08
1405 0.000000e+00
1406 0.000000e+00
1407 0.000000e+00
1408 0.000000e+00
1409 0.000000e+00
1410 1.115557e-07
1411 1.165608e-07
1412 1.091816e-07
1413 8.902571e-08
1414 6.635154e-08
1415 5.096648e-08
1416 3.559205e-08
1417 2.165776e-08
1418 1.312557e-08
1419 7.899364e-09
1420 0.000000e+00
1421 0.000000e+00
1422 0.000000e+00
1423 0.000000e+00
1424 0.000000e+00
1425 1.836037e-07
1426 1.927529e-07
1427 1.817957e-07
1428 1.493528e-07
1429 1.115508e-07
1430 8.543965e-08
1431 6.049814e-08
1432 3.658010e-08
1433 2.235806e-08
1434 1.342197e-08
1435 0.000000e+00
1436 0.000000e+00
1437 0.000000e+00
1438 0.000000e+00
1439 0.000000e+00
1440 2.665818e-07
1441 2.806731e-07
1442 2.658281e-07
1443 2.194103e-07
1444 1.641261e-07
1445 1.254841e-07
1446 8.956194e-08
1447 5.400011e-08
1448 3.317260e-08
1449 1.988084e-08
1450 0.000000e+00
1451 0.000000e+00
1452 0.000000e+00
1453 0.000000e+00
1454 0.000000e+00
1455 8.762409e-08
1456 9.477382e-08
1457 9.331216e-08
1458 8.052713e-08
1459 6.135315e-08
1460 4.611042e-08
1461 3.501611e-08
1462 2.096251e-08
1463 1.344283e-08
1464 7.920738e-09
1465 4.658801e-09
1466 0.000000e+00
1467 0.000000e+00
1468 0.000000e+00
1469 0.000000e+00
1470 1.715333e-07
1471 1.865346e-07
1472 1.851189e-07
1473 1.614366e-07
1474 1.238735e-07
1475 9.281777e-08
1476 7.092226e-08
1477 4.305252e-08
1478 2.761932e-08
1479 1.621640e-08
1480 9.522423e-09
1481 0.000000e+00
1482 0.000000e+00
1483 0.000000e+00
1484 0.000000e+00
1485 1.033133e-07
1486 1.153311e-07
1487 1.188733e-07
1488 1.090782e-07
1489 8.706777e-08
1490 6.469706e-08
1491 5.004135e-08
1492 3.321155e-08
1493 2.066199e-08
1494 1.209988e-08
1495 7.116540e-09
1496 0.000000e+00
1497 0.000000e+00
1498 0.000000e+00
1499 0.000000e+00
1500 3.465640e-05
1501 2.569406e-05
1502 1.833612e-05
1503 1.200547e-05
1504 7.652030e-06
1505 0.000000e+00
1506 0.000000e+00
1507 0.000000e+00
1508 0.000000e+00
1509 0.000000e+00
1510 0.000000e+00
1511 0.000000e+00
1512 0.000000e+00
1513 0.000000e+00
1514 0.000000e+00
1515 3.271738e-05
1516 2.593124e-05
1517 1.945959e-05
1518 1.485273e-05
1519 9.859427e-06
1520 6.254749e-06
1521 3.865575e-06
1522 2.415557e-06
1523 0.000000e+00
1524 0.000000e+00
1525 0.000000e+00
1526 0.000000e+00
1527 0.000000e+00
1528 0.000000e+00
1529 0.000000e+00
1530 2.801504e-05
1531 2.408867e-05
1532 1.840123e-05
1533 1.386365e-05
1534 1.044630e-05
1535 6.425842e-06
1536 4.143983e-06
1537 2.526134e-06
1538 1.569229e-06
1539 0.000000e+00
1540 0.000000e+00
1541 0.000000e+00
1542 0.000000e+00
1543 0.000000e+00
1544 0.000000e+00
1545 1.878404e-05
1546 1.734820e-05
1547 1.401620e-05
1548 1.044642e-05
1549 8.013199e-06
1550 5.507970e-06
1551 3.409199e-06
1552 2.087830e-06
1553 1.283171e-06
1554 0.000000e+00
1555 0.000000e+00
1556 0.000000e+00
1557 0.000000e+00
1558 0.000000e+00
1559 0.000000e+00
1560 1.723885e-05
1561 1.690416e-05
1562 1.453137e-05
1563 1.105319e-05
1564 8.317441e-06
1565 6.302061e-06
1566 3.788915e-06
1567 2.446692e-06
1568 1.470172e-06
1569 8.917926e-07
1570 0.000000e+00
1571 0.000000e+00
1572 0.000000e+00
1573 0.000000e+00
1574 0.000000e+00
1575 1.428860e-05
1576 1.459853e-05
1577 1.324310e-05
1578 1.046138e-05
1579 7.769841e-06
1580 6.023721e-06
1581 3.913849e-06
1582 2.490140e-06
1583 1.473880e-06
1584 8.898607e-07
1585 0.000000e+00
1586 0.000000e+00
1587 0.000000e+00
1588 0.000000e+00
1589 0.000000e+00
1590 1.015806e-05
1591 1.073674e-05
1592 1.021936e-05
1593 8.463940e-06
1594 6.322319e-06
1595 4.831568e-06
1596 3.486827e-06
1597 2.078659e-06
1598 1.276819e-06
1599 7.662946e-07
1600 0.000000e+00
1601 0.000000e+00
1602 0.000000e+00
1603 0.000000e+00
1604 0.000000e+00
1605 6.977808e-06
1606 7.619435e-06
1607 7.605279e-06
1608 6.674639e-06
1609 5.132897e-06
1610 3.834086e-06
1611 2.956263e-06
1612 1.788519e-06
1613 1.160561e-06
1614 6.791458e-07
1615 3.962988e-07
1616 0.000000e+00
1617 0.000000e+00
1618 0.000000e+00
1619 0.000000e+00
1620 5.659842e-06
1621 6.354031e-06
1622 6.602253e-06
1623 6.123338e-06
1624 4.929823e-06
1625 3.658375e-06
1626 2.829912e-06
1627 1.918806e-06
1628 1.180417e-06
1629 6.901668e-07
1630 4.073273e-07
1631 0.000000e+00
1632 0.000000e+00
1633 0.000000e+00
1634 0.000000e+00
1635 3.918634e-06
1636 4.537639e-06
1637 4.925583e-06
1638 4.868791e-06
1639 4.218073e-06
1640 3.219291e-06
1641 2.417624e-06
1642 1.843064e-06
1643 1.096996e-06
1644 6.984153e-07
1645 4.030183e-07
1646 2.282151e-07
1647 0.000000e+00
1648 0.000000e+00
1649 0.000000e+00
1650 0.000000e+00
1651 0.000000e+00
1652 0.000000e+00
1653 0.000000e+00
1654 0.000000e+00
1655 0.000000e+00
1656 0.000000e+00
1657 0.000000e+00
1658 0.000000e+00
1659 0.000000e+00
1660 0.000000e+00
1661 0.000000e+00
1662 0.000000e+00
1663 0.000000e+00
1664 0.000000e+00
1665 1.162108e-06
1666 9.346102e-07
1667 7.069916e-07
1668 5.315455e-07
1669 3.625154e-07
1670 2.290706e-07
1671 1.431873e-07
1672 8.918812e-08
1673 0.000000e+00
1674 0.000000e+00
1675 0.000000e+00
1676 0.000000e+00
1677 0.000000e+00
1678 0.000000e+00
1679 0.000000e+00
1680 1.075387e-06
1681 9.260413e-07
1682 7.130806e-07
1683 5.364267e-07
1684 3.993673e-07
1685 2.524440e-07
1686 1.604708e-07
1687 9.822882e-08
1688 6.120323e-08
1689 0.000000e+00
1690 0.000000e+00
1691 0.000000e+00
1692 0.000000e+00
1693 0.000000e+00
1694 0.000000e+00
1695 1.014549e-06
1696 9.159647e-07
1697 7.371920e-07
1698 5.468148e-07
1699 4.113678e-07
1700 2.824257e-07
1701 1.751925e-07
1702 1.088250e-07
1703 6.719295e-08
1704 0.000000e+00
1705 0.000000e+00
1706 0.000000e+00
1707 0.000000e+00
1708 0.000000e+00
1709 0.000000e+00
1710 8.488013e-07
1711 8.263636e-07
1712 7.091787e-07
1713 5.409956e-07
1714 4.064577e-07
1715 3.046920e-07
1716 1.870272e-07
1717 1.194467e-07
1718 7.189815e-08
1719 4.384427e-08
1720 0.000000e+00
1721 0.000000e+00
1722 0.000000e+00
1723 0.000000e+00
1724 0.000000e+00
1725 7.319104e-07
1726 7.468825e-07
1727 6.772209e-07
1728 5.361856e-07
1729 3.992782e-07
1730 3.078392e-07
1731 2.015772e-07
1732 1.269785e-07
1733 7.581269e-08
1734 4.574622e-08
1735 0.000000e+00
1736 0.000000e+00
1737 0.000000e+00
1738 0.000000e+00
1739 0.000000e+00
1740 6.055833e-07
1741 6.391638e-07
1742 6.075880e-07
1743 5.037426e-07
1744 3.774400e-07
1745 2.879373e-07
1746 2.070933e-07
1747 1.244955e-07
1748 7.687358e-08
1749 4.600266e-08
1750 0.000000e+00
1751 0.000000e+00
1752 0.000000e+00
1753 0.000000e+00
1754 0.000000e+00
1755 4.978149e-07
1756 5.428991e-07
1757 5.410896e-07
1758 4.747479e-07
1759 3.659783e-07
1760 2.737184e-07
1761 2.096981e-07
1762 1.285118e-07
1763 8.237336e-08
1764 4.828414e-08
1765 2.833654e-08
1766 0.000000e+00
1767 0.000000e+00
1768 0.000000e+00
1769 0.000000e+00
1770 4.371028e-07
1771 4.894997e-07
1772 5.070158e-07
1773 4.687851e-07
1774 3.772210e-07
1775 2.805402e-07
1776 2.163060e-07
1777 1.464016e-07
1778 8.996245e-08
1779 5.304748e-08
1780 3.120750e-08
1781 0.000000e+00
1782 0.000000e+00
1783 0.000000e+00
1784 0.000000e+00
1785 6.185782e-07
1786 6.480736e-07
1787 6.536955e-07
1788 6.134841e-07
1789 5.162739e-07
1790 3.910328e-07
1791 2.912902e-07
1792 2.151573e-07
1793 1.326740e-07
1794 8.335344e-08
1795 4.879105e-08
1796 2.823895e-08
1797 0.000000e+00
1798 0.000000e+00
1799 0.000000e+00
1800 1.172236e-08
1801 8.809323e-09
1802 6.292068e-09
1803 4.370390e-09
1804 2.943804e-09
1805 1.885355e-09
1806 1.230359e-09
1807 8.040409e-10
1808 5.362892e-10
1809 3.622858e-10
1810 2.446696e-10
1811 1.624993e-10
1812 1.046391e-10
1813 6.463921e-11
1814 3.804321e-11
1815 1.507226e-08
1816 1.123654e-08
1817 8.021638e-09
1818 5.467542e-09
1819 3.608881e-09
1820 2.342762e-09
1821 1.520096e-09
1822 1.006310e-09
1823 6.794712e-10
1824 4.635541e-10
1825 3.142344e-10
1826 2.079877e-10
1827 1.325134e-10
1828 8.055961e-11
1829 4.658739e-11
1830 2.029064e-08
1831 1.534178e-08
1832 1.111125e-08
1833 7.709883e-09
1834 5.096725e-09
1835 3.307949e-09
1836 2.125615e-09
1837 1.395863e-09
1838 9.338307e-10
1839 6.352524e-10
1840 4.328210e-10
1841 2.898166e-10
1842 1.875941e-10
1843 1.160466e-10
1844 6.822064e-11
1845 2.427444e-08
1846 1.853805e-08
1847 1.348991e-08
1848 9.471716e-09
1849 6.326874e-09
1850 4.056661e-09
1851 2.607156e-09
1852 1.692635e-09
1853 1.125191e-09
1854 7.642370e-10
1855 5.225191e-10
1856 3.528068e-10
1857 2.310336e-10
1858 1.447599e-10
1859 8.611074e-11
1860 3.209915e-08
1861 2.506140e-08
1862 1.848901e-08
1863 1.314702e-08
1864 8.957859e-09
1865 5.759754e-09
1866 3.677038e-09
1867 2.358827e-09
1868 1.549062e-09
1869 1.042190e-09
1870 7.113731e-10
1871 4.834250e-10
1872 3.208322e-10
1873 2.047118e-10
1874 1.242921e-10
1875 3.956999e-08
1876 3.164133e-08
1877 2.373615e-08
1878 1.706436e-08
1879 1.182787e-08
1880 7.730212e-09
1881 4.898082e-09
1882 3.126736e-09
1883 2.025206e-09
1884 1.345082e-09
1885 9.113522e-10
1886 6.196566e-10
1887 4.146311e-10
1888 2.684057e-10
1889 1.660447e-10
1890 4.893723e-08
1891 4.031451e-08
1892 3.100269e-08
1893 2.263555e-08
1894 1.594443e-08
1895 1.068412e-08
1896 6.791154e-09
1897 4.314622e-09
1898 2.752746e-09
1899 1.796637e-09
1900 1.200423e-09
1901 8.113690e-10
1902 5.449064e-10
1903 3.571223e-10
1904 2.252158e-10
1905 5.936656e-08
1906 5.027353e-08
1907 3.963642e-08
1908 2.941451e-08
1909 2.097923e-08
1910 1.435843e-08
1911 9.243367e-09
1912 5.832117e-09
1913 3.686091e-09
1914 2.369137e-09
1915 1.559362e-09
1916 1.044533e-09
1917 7.010042e-10
1918 4.630362e-10
1919 2.962972e-10
1920 6.975236e-08
1921 6.049267e-08
1922 4.881408e-08
1923 3.686799e-08
1924 2.658162e-08
1925 1.847499e-08
1926 1.211576e-08
1927 7.609271e-09
1928 4.794326e-09
1929 3.038950e-09
1930 1.970241e-09
1931 1.304712e-09
1932 8.716224e-10
1933 5.773315e-10
1934 3.730119e-10
1935 8.512979e-08
1936 7.663035e-08
1937 6.437327e-08
1938 5.042485e-08
1939 3.725752e-08
1940 2.643504e-08
1941 1.793839e-08
1942 1.146614e-08
1943 7.169332e-09
1944 4.473001e-09
1945 2.824907e-09
1946 1.820428e-09
1947 1.192413e-09
1948 7.836809e-10
1949 5.088280e-10
1950 2.107089e-07
1951 2.158247e-07
1952 2.101588e-07
1953 1.926644e-07
1954 1.648907e-07
1955 1.311748e-07
1956 9.773303e-08
1957 6.956183e-08
1958 4.749487e-08
1959 3.016311e-08
1960 1.823173e-08
1961 1.083848e-08
1962 6.362290e-09
1963 3.732305e-09
1964 2.209040e-09
