0 2.338066e-09
1 1.583919e-09
2 1.040687e-09
3 6.815365e-10
4 4.530241e-10
5 3.070272e-10
6 2.112550e-10
7 1.453281e-10
8 9.807640e-11
9 6.380294e-11
10 3.946742e-11
11 2.302784e-11
12 1.266620e-11
13 6.620219e-12
14 3.342989e-12
15 3.751568e-09
16 2.593225e-09
17 1.723639e-09
18 1.121454e-09
19 7.362426e-10
20 4.916509e-10
21 3.352141e-10
22 2.309162e-10
23 1.578804e-10
24 1.050554e-10
25 6.694942e-11
26 4.037282e-11
27 2.292471e-11
28 1.229306e-11
29 6.307760e-12
30 4.264234e-09
31 2.964626e-09
32 1.980467e-09
33 1.288652e-09
34 8.430905e-10
35 5.606927e-10
36 3.809012e-10
37 2.621200e-10
38 1.796051e-10
39 1.201801e-10
40 7.714756e-11
41 4.695596e-11
42 2.692234e-11
43 1.455297e-11
44 7.511281e-12
45 4.560873e-09
46 3.179823e-09
47 2.129431e-09
48 1.385465e-09
49 9.050854e-10
50 6.007014e-10
51 4.073667e-10
52 2.801602e-10
53 1.921825e-10
54 1.288960e-10
55 8.305192e-11
56 5.076320e-11
57 2.923462e-11
58 1.586461e-11
59 8.207148e-12
60 4.767170e-09
61 3.329283e-09
62 2.232791e-09
63 1.452723e-09
64 9.481229e-10
65 6.285312e-10
66 4.257986e-10
67 2.927648e-10
68 2.009682e-10
69 1.349908e-10
70 8.717065e-11
71 5.341589e-11
72 3.083982e-11
73 1.677607e-11
74 8.694696e-12
75 4.927609e-09
76 3.445152e-09
77 2.313142e-09
78 1.504940e-09
79 9.814976e-10
80 6.501040e-10
81 4.400577e-10
82 3.024641e-10
83 2.077061e-10
84 1.396844e-10
85 9.035808e-11
86 5.546694e-11
87 3.208652e-11
88 1.747916e-11
89 9.068278e-12
90 5.059303e-09
91 3.540753e-09
92 2.379330e-09
93 1.548073e-09
94 1.009003e-09
95 6.678918e-10
96 4.518325e-10
97 3.105385e-10
98 2.133254e-10
99 1.435575e-10
100 9.298327e-11
101 5.716931e-11
102 3.310790e-11
103 1.806109e-11
104 9.377838e-12
105 5.177100e-09
106 3.626740e-09
107 2.438639e-09
108 1.586415e-09
109 1.033633e-09
110 6.837847e-10
111 4.623289e-10
112 3.177299e-10
113 2.183467e-10
114 1.470767e-10
115 9.535733e-11
116 5.869130e-11
117 3.403225e-11
118 1.858317e-11
119 9.656307e-12
120 5.290471e-09
121 3.708394e-09
122 2.495909e-09
123 1.623906e-09
124 1.057495e-09
125 6.992997e-10
126 4.725732e-10
127 3.246722e-10
128 2.231151e-10
129 1.503842e-10
130 9.758266e-11
131 6.012361e-11
132 3.492149e-11
133 1.908796e-11
134 9.923658e-12
135 5.429838e-09
136 3.809652e-09
137 2.565281e-09
138 1.669247e-09
139 1.086470e-09
140 7.179248e-10
141 4.849251e-10
142 3.331406e-10
143 2.290765e-10
144 1.544897e-10
145 1.003877e-10
146 6.193512e-11
147 3.600605e-11
148 1.970184e-11
149 1.025085e-11
150 7.268397e-09
151 5.174067e-09
152 3.542920e-09
153 2.321844e-09
154 1.501738e-09
155 9.831323e-10
156 6.565196e-10
157 4.475517e-10
158 3.078898e-10
159 2.096356e-10
160 1.384737e-10
161 8.730490e-11
162 5.201151e-11
163 2.913486e-11
164 1.543970e-11
165 9.026107e-09
166 6.491662e-09
167 4.498757e-09
168 2.979131e-09
169 1.921563e-09
170 1.250898e-09
171 8.273380e-10
172 5.600835e-10
173 3.845003e-10
174 2.628481e-10
175 1.753453e-10
176 1.121576e-10
177 6.800478e-11
178 3.877833e-11
179 2.087306e-11
180 1.008352e-08
181 7.287238e-09
182 5.077160e-09
183 3.378820e-09
184 2.178205e-09
185 1.414295e-09
186 9.316650e-10
187 6.285193e-10
188 4.308505e-10
189 2.949993e-10
190 1.976359e-10
191 1.272383e-10
192 7.773248e-11
193 4.469160e-11
194 2.422397e-11
195 1.082440e-08
196 7.845269e-09
197 5.482270e-09
198 3.659438e-09
199 2.358508e-09
200 1.528875e-09
201 1.004887e-09
202 6.765270e-10
203 4.633883e-10
204 3.175324e-10
205 2.132299e-10
206 1.377743e-10
207 8.452127e-11
208 4.882385e-11
209 2.656972e-11
210 1.139440e-08
211 8.274527e-09
212 5.793806e-09
213 3.874954e-09
214 2.497411e-09
215 1.617286e-09
216 1.061334e-09
217 7.136949e-10
218 4.884257e-10
219 3.349380e-10
220 2.252729e-10
221 1.459146e-10
222 8.977168e-11
223 5.200920e-11
224 2.837835e-11
225 1.186639e-08
226 8.629217e-09
227 6.052129e-09
228 4.053302e-09
229 2.611640e-09
230 1.689985e-09
231 1.107712e-09
232 7.439324e-10
233 5.090982e-10
234 3.491560e-10
235 2.351686e-10
236 1.526156e-10
237 9.409517e-11
238 5.463212e-11
239 2.986506e-11
240 1.229057e-08
241 8.947743e-09
242 6.283995e-09
243 4.213571e-09
244 2.714994e-09
245 1.755641e-09
246 1.149647e-09
247 7.713804e-10
248 5.276528e-10
249 3.620407e-10
250 2.441061e-10
251 1.586361e-10
252 9.798696e-11
253 5.699701e-11
254 3.120393e-11
255 1.269716e-08
256 9.254637e-09
257 6.505969e-09
258 4.368629e-09
259 2.813962e-09
260 1.819015e-09
261 1.189703e-09
262 7.979516e-10
263 5.456765e-10
264 3.744545e-10
265 2.527106e-10
266 1.644792e-10
267 1.017621e-10
268 5.929173e-11
269 3.250606e-11
270 1.319506e-08
271 9.629996e-09
272 6.779912e-09
273 4.555924e-09
274 2.934517e-09
275 1.895601e-09
276 1.239411e-09
277 8.301978e-10
278 5.673814e-10
279 3.896116e-10
280 2.631793e-10
281 1.715523e-10
282 1.063123e-10
283 6.205166e-11
284 3.407841e-11
285 1.201692e-08
286 8.782107e-09
287 6.183323e-09
288 4.175108e-09
289 2.702193e-09
290 1.745294e-09
291 1.140776e-09
292 7.623942e-10
293 5.193810e-10
294 3.555612e-10
295 2.397521e-10
296 1.561903e-10
297 9.696086e-11
298 5.682624e-11
299 3.136173e-11
300 1.402603e-08
301 1.034622e-08
302 7.340644e-09
303 5.005393e-09
304 3.257136e-09
305 2.094725e-09
306 1.362764e-09
307 9.043713e-10
308 6.129053e-10
309 4.192740e-10
310 2.838123e-10
311 1.864286e-10
312 1.170741e-10
313 6.950714e-11
314 3.887687e-11
315 1.545996e-08
316 1.146553e-08
317 8.169767e-09
318 5.601396e-09
319 3.656900e-09
320 2.346710e-09
321 1.522687e-09
322 1.006419e-09
323 6.801794e-10
324 4.648638e-10
325 3.152929e-10
326 2.080681e-10
327 1.314424e-10
328 7.860688e-11
329 4.428201e-11
330 1.656423e-08
331 1.232874e-08
332 8.809247e-09
333 6.059940e-09
334 3.965583e-09
335 2.541622e-09
336 1.646352e-09
337 1.085332e-09
338 7.319861e-10
339 5.001797e-10
340 3.397012e-10
341 2.247804e-10
342 1.425694e-10
343 8.564275e-11
344 4.846738e-11
345 1.748086e-08
346 1.304388e-08
347 9.339268e-09
348 6.439578e-09
349 4.219757e-09
350 2.702724e-09
351 1.748609e-09
352 1.150337e-09
353 7.748995e-10
354 5.292567e-10
355 3.598346e-10
356 2.386270e-10
357 1.517579e-10
358 9.145400e-11
359 5.191639e-11
360 1.829920e-08
361 1.368069e-08
362 9.811669e-09
363 6.778263e-09
364 4.447611e-09
365 2.845805e-09
366 1.839616e-09
367 1.208246e-09
368 8.130270e-10
369 5.552350e-10
370 3.777861e-10
371 2.508918e-10
372 1.599350e-10
373 9.662281e-11
374 5.498438e-11
375 1.908739e-08
376 1.429880e-08
377 1.026788e-08
378 7.106498e-09
379 4.667263e-09
380 2.984846e-09
381 1.927770e-09
382 1.264817e-09
383 8.501113e-10
384 5.804225e-10
385 3.951865e-10
386 2.628444e-10
387 1.678866e-10
388 1.016681e-10
389 5.796557e-11
390 2.004900e-08
391 1.504946e-08
392 1.082523e-08
393 7.505805e-09
394 4.935874e-09
395 3.154239e-09
396 2.035349e-09
397 1.333351e-09
398 8.954160e-10
399 6.110357e-10
400 4.163139e-10
401 2.773632e-10
402 1.775564e-10
403 1.077808e-10
404 6.160029e-11
405 1.700688e-08
406 1.272823e-08
407 9.126191e-09
408 6.303421e-09
409 4.151768e-09
410 2.660619e-09
411 1.721948e-09
412 1.130590e-09
413 7.596654e-10
414 5.176459e-10
415 3.513451e-10
416 2.329490e-10
417 1.483875e-10
418 8.968593e-11
419 5.113146e-11
420 1.926482e-08
421 1.455846e-08
422 1.050726e-08
423 7.311957e-09
424 4.855251e-09
425 3.110042e-09
426 2.005747e-09
427 1.309167e-09
428 8.746960e-10
429 5.940608e-10
430 4.035857e-10
431 2.687960e-10
432 1.725794e-10
433 1.054064e-10
434 6.078285e-11
435 2.102537e-08
436 1.598418e-08
437 1.158481e-08
438 8.098495e-09
439 5.404451e-09
440 3.462234e-09
441 2.227948e-09
442 1.448726e-09
443 9.645523e-10
444 6.538796e-10
445 4.445131e-10
446 2.968754e-10
447 1.915392e-10
448 1.177141e-10
449 6.831794e-11
450 2.247456e-08
451 1.716710e-08
452 1.247655e-08
453 8.746880e-09
454 5.858225e-09
455 3.753227e-09
456 2.411926e-09
457 1.564145e-09
458 1.038866e-09
459 7.032281e-10
460 4.781631e-10
461 3.201452e-10
462 2.071948e-10
463 1.278686e-10
464 7.457146e-11
465 2.377605e-08
466 1.821710e-08
467 1.327358e-08
468 9.328289e-09
469 6.263160e-09
470 4.012336e-09
471 2.575206e-09
472 1.666934e-09
473 1.105023e-09
474 7.473452e-10
475 5.082498e-10
476 3.407905e-10
477 2.211132e-10
478 1.368977e-10
479 8.010828e-11
480 2.503279e-08
481 1.923827e-08
482 1.404352e-08
483 9.890021e-09
484 6.655144e-09
485 4.264066e-09
486 2.734062e-09
487 1.766740e-09
488 1.169306e-09
489 7.900220e-10
490 5.374326e-10
491 3.607363e-10
492 2.346517e-10
493 1.456898e-10
494 8.552193e-11
495 2.655950e-08
496 2.047706e-08
497 1.498087e-08
498 1.057168e-08
499 7.131844e-09
500 4.569380e-09
501 2.926731e-09
502 1.887661e-09
503 1.247316e-09
504 8.418855e-10
505 5.728211e-10
506 3.851449e-10
507 2.511322e-10
508 1.563866e-10
509 9.204108e-11
510 2.239653e-08
511 1.716815e-08
512 1.250979e-08
513 8.784640e-09
514 5.904513e-09
515 3.796400e-09
516 2.436002e-09
517 1.578571e-09
518 1.046079e-09
519 7.062162e-10
520 4.793261e-10
521 3.206968e-10
522 2.078306e-10
523 1.286159e-10
524 7.531111e-11
525 2.493369e-08
526 1.930366e-08
527 1.416611e-08
528 1.000465e-08
529 6.776503e-09
530 4.374064e-09
531 2.797124e-09
532 1.805735e-09
533 1.189450e-09
534 7.996264e-10
535 5.421874e-10
536 3.636019e-10
537 2.369609e-10
538 1.477854e-10
539 8.737128e-11
540 2.703993e-08
541 2.107578e-08
542 1.553733e-08
543 1.101695e-08
544 7.500700e-09
545 4.853771e-09
546 3.097334e-09
547 1.994165e-09
548 1.308616e-09
549 8.771717e-10
550 5.941571e-10
551 3.992625e-10
552 2.611446e-10
553 1.637534e-10
554 9.742039e-11
555 2.891680e-08
556 2.265569e-08
557 1.676575e-08
558 1.192006e-08
559 8.145902e-09
560 5.281283e-09
561 3.364775e-09
562 2.162375e-09
563 1.414834e-09
564 9.462813e-10
565 6.405846e-10
566 4.309422e-10
567 2.826418e-10
568 1.779507e-10
569 1.063388e-10
570 3.073533e-08
571 2.418949e-08
572 1.794980e-08
573 1.279527e-08
574 8.772057e-09
575 5.696056e-09
576 3.623766e-09
577 2.325362e-09
578 1.517723e-09
579 1.013309e-09
580 6.855662e-10
581 4.616094e-10
582 3.035346e-10
583 1.917326e-10
584 1.150228e-10
585 3.294812e-08
586 2.604699e-08
587 1.939247e-08
588 1.385725e-08
589 9.531705e-09
590 6.199538e-09
591 3.938592e-09
592 2.523100e-09
593 1.642871e-09
594 1.094574e-09
595 7.402634e-10
596 4.989561e-10
597 3.288813e-10
598 2.085060e-10
599 1.255271e-10
600 2.831599e-08
601 2.223129e-08
602 1.648256e-08
603 1.172948e-08
604 8.025295e-09
605 5.224221e-09
606 3.328375e-09
607 2.140241e-09
608 1.398108e-09
609 9.333630e-10
610 6.307145e-10
611 4.236230e-10
612 2.777545e-10
613 1.749561e-10
614 1.047397e-10
615 3.120645e-08
616 2.474926e-08
617 1.849379e-08
618 1.323160e-08
619 9.113799e-09
620 5.970443e-09
621 3.797306e-09
622 2.435115e-09
623 1.581655e-09
624 1.050446e-09
625 7.077964e-10
626 4.758528e-10
627 3.131981e-10
628 1.985618e-10
629 1.198828e-10
630 3.379020e-08
631 2.700076e-08
632 2.028865e-08
633 1.457144e-08
634 1.008422e-08
635 6.635935e-09
636 4.215774e-09
637 2.698281e-09
638 1.745270e-09
639 1.154901e-09
640 7.766722e-10
641 5.223401e-10
642 3.447049e-10
643 2.195967e-10
644 1.333568e-10
645 3.628705e-08
646 2.917916e-08
647 2.202148e-08
648 1.586830e-08
649 1.102394e-08
650 7.279994e-09
651 4.619591e-09
652 2.952437e-09
653 1.903290e-09
654 1.256032e-09
655 8.432305e-10
656 5.672207e-10
657 3.752580e-10
658 2.399789e-10
659 1.464561e-10
660 3.933816e-08
661 3.183583e-08
662 2.413839e-08
663 1.744768e-08
664 1.216810e-08
665 8.064505e-09
666 5.112771e-09
667 3.262583e-09
668 2.096234e-09
669 1.378947e-09
670 9.243225e-10
671 6.220853e-10
672 4.125122e-10
673 2.648039e-10
674 1.623015e-10
675 3.497944e-08
676 2.813015e-08
677 2.125971e-08
678 1.532678e-08
679 1.064407e-08
680 7.044553e-09
681 4.482569e-09
682 2.864266e-09
683 1.846719e-09
684 1.217292e-09
685 8.160022e-10
686 5.480752e-10
687 3.620172e-10
688 2.312741e-10
689 1.411201e-10
690 3.843142e-08
691 3.123761e-08
692 2.381188e-08
693 1.727033e-08
694 1.206521e-08
695 8.045401e-09
696 5.126982e-09
697 3.265949e-09
698 2.094952e-09
699 1.373277e-09
700 9.167857e-10
701 6.150508e-10
702 4.071367e-10
703 2.615113e-10
704 1.607644e-10
705 4.177074e-08
706 3.424350e-08
707 2.628348e-08
708 1.915324e-08
709 1.344180e-08
710 9.014458e-09
711 5.749714e-09
712 3.654564e-09
713 2.335138e-09
714 1.524309e-09
715 1.014248e-09
716 6.797854e-10
717 4.508880e-10
718 2.908296e-10
719 1.797962e-10
720 4.584000e-08
721 3.791033e-08
722 2.929603e-08
723 2.144284e-08
724 1.511657e-08
725 1.019358e-08
726 6.508457e-09
727 4.127577e-09
728 2.627915e-09
729 1.707998e-09
730 1.132996e-09
731 7.587692e-10
732 5.041483e-10
733 3.264788e-10
734 2.029330e-10
735 4.290601e-08
736 3.538017e-08
737 2.731560e-08
738 1.999136e-08
739 1.407219e-08
740 9.482643e-09
741 6.077764e-09
742 3.854609e-09
743 2.460058e-09
744 1.599399e-09
745 1.060055e-09
746 7.087850e-10
747 4.697629e-10
748 3.034313e-10
749 1.882522e-10
750 4.733676e-08
751 3.950181e-08
752 3.082253e-08
753 2.272737e-08
754 1.609340e-08
755 1.093184e-08
756 7.042345e-09
757 4.452322e-09
758 2.831437e-09
759 1.828809e-09
760 1.204915e-09
761 8.030626e-10
762 5.326500e-10
763 3.454573e-10
764 2.158020e-10
765 5.273039e-08
766 4.452050e-08
767 3.508581e-08
768 2.605035e-08
769 1.854955e-08
770 1.269290e-08
771 8.216289e-09
772 5.179467e-09
773 3.283352e-09
774 2.107613e-09
775 1.381053e-09
776 9.178462e-10
777 6.091013e-10
778 3.966091e-10
779 2.492504e-10
780 5.318430e-08
781 4.510430e-08
782 3.574227e-08
783 2.667020e-08
784 1.904523e-08
785 1.307340e-08
786 8.515500e-09
787 5.371187e-09
788 3.403594e-09
789 2.177002e-09
790 1.420863e-09
791 9.408011e-10
792 6.229273e-10
793 4.053620e-10
794 2.552307e-10
795 6.047150e-08
796 5.211260e-08
797 4.193043e-08
798 3.166090e-08
799 2.279800e-08
800 1.579958e-08
801 1.040086e-08
802 6.556189e-09
803 4.139351e-09
804 2.624408e-09
805 1.697658e-09
806 1.116547e-09
807 7.374367e-10
808 4.811670e-10
809 3.049839e-10
810 7.104024e-08
811 6.267978e-08
812 5.168433e-08
813 3.987348e-08
814 2.914837e-08
815 2.047332e-08
816 1.373430e-08
817 8.737834e-09
818 5.480213e-09
819 3.440780e-09
820 2.191735e-09
821 1.420440e-09
822 9.295930e-10
823 6.054394e-10
824 3.860370e-10
825 5.977820e-07
826 4.541849e-07
827 3.438184e-07
828 2.422958e-07
829 1.526272e-07
830 9.693284e-08
831 6.059331e-08
832 0.000000e+00
833 0.000000e+00
834 0.000000e+00
835 0.000000e+00
836 0.000000e+00
837 0.000000e+00
838 0.000000e+00
839 0.000000e+00
840 7.376528e-07
841 5.614272e-07
842 4.249199e-07
843 3.014736e-07
844 1.901314e-07
845 1.208605e-07
846 7.543431e-08
847 0.000000e+00
848 0.000000e+00
849 0.000000e+00
850 0.000000e+00
851 0.000000e+00
852 0.000000e+00
853 0.000000e+00
854 0.000000e+00
855 8.354310e-07
856 6.363819e-07
857 4.816056e-07
858 3.428452e-07
859 2.163514e-07
860 1.375873e-07
861 8.581028e-08
862 0.000000e+00
863 0.000000e+00
864 0.000000e+00
865 0.000000e+00
866 0.000000e+00
867 0.000000e+00
868 0.000000e+00
869 0.000000e+00
870 9.109639e-07
871 6.942894e-07
872 5.253957e-07
873 3.748017e-07
874 2.366075e-07
875 1.505094e-07
876 9.382541e-08
877 0.000000e+00
878 0.000000e+00
879 0.000000e+00
880 0.000000e+00
881 0.000000e+00
882 0.000000e+00
883 0.000000e+00
884 0.000000e+00
885 9.734327e-07
886 7.421941e-07
887 5.616230e-07
888 4.012375e-07
889 2.533622e-07
890 1.611967e-07
891 1.004565e-07
892 0.000000e+00
893 0.000000e+00
894 0.000000e+00
895 0.000000e+00
896 0.000000e+00
897 0.000000e+00
898 0.000000e+00
899 0.000000e+00
900 1.029141e-06
901 7.849050e-07
902 5.939214e-07
903 4.248066e-07
904 2.683002e-07
905 1.707276e-07
906 1.063690e-07
907 0.000000e+00
908 0.000000e+00
909 0.000000e+00
910 0.000000e+00
911 0.000000e+00
912 0.000000e+00
913 0.000000e+00
914 0.000000e+00
915 1.083173e-06
916 8.263286e-07
917 6.252481e-07
918 4.476688e-07
919 2.827875e-07
920 1.799700e-07
921 1.121029e-07
922 0.000000e+00
923 0.000000e+00
924 0.000000e+00
925 0.000000e+00
926 0.000000e+00
927 0.000000e+00
928 0.000000e+00
929 0.000000e+00
930 1.148952e-06
931 8.767586e-07
932 6.633802e-07
933 4.755026e-07
934 3.004261e-07
935 1.912258e-07
936 1.190833e-07
937 0.000000e+00
938 0.000000e+00
939 0.000000e+00
940 0.000000e+00
941 0.000000e+00
942 0.000000e+00
943 0.000000e+00
944 0.000000e+00
945 2.682306e-07
946 2.184724e-07
947 1.636247e-07
948 1.256495e-07
949 8.782943e-08
950 5.435934e-08
951 3.393164e-08
952 2.108561e-08
953 0.000000e+00
954 0.000000e+00
955 0.000000e+00
956 0.000000e+00
957 0.000000e+00
958 0.000000e+00
959 0.000000e+00
960 4.390599e-07
961 3.607102e-07
962 2.707818e-07
963 2.073588e-07
964 1.470913e-07
965 9.059014e-08
966 5.693265e-08
967 3.527417e-08
968 0.000000e+00
969 0.000000e+00
970 0.000000e+00
971 0.000000e+00
972 0.000000e+00
973 0.000000e+00
974 0.000000e+00
975 5.627129e-07
976 4.639462e-07
977 3.486529e-07
978 2.666797e-07
979 1.902435e-07
980 1.170020e-07
981 7.372267e-08
982 4.561832e-08
983 0.000000e+00
984 0.000000e+00
985 0.000000e+00
986 0.000000e+00
987 0.000000e+00
988 0.000000e+00
989 0.000000e+00
990 6.580569e-07
991 5.435340e-07
992 4.086920e-07
993 3.124211e-07
994 2.235111e-07
995 1.373653e-07
996 8.666563e-08
997 5.359281e-08
998 0.000000e+00
999 0.000000e+00
1000 0.000000e+00
1001 0.000000e+00
1002 0.000000e+00
1003 0.000000e+00
1004 0.000000e+00
1005 7.369066e-07
1006 6.093642e-07
1007 4.583412e-07
1008 3.502519e-07
1009 2.510220e-07
1010 1.542051e-07
1011 9.736885e-08
1012 6.018871e-08
1013 0.000000e+00
1014 0.000000e+00
1015 0.000000e+00
1016 0.000000e+00
1017 0.000000e+00
1018 0.000000e+00
1019 0.000000e+00
1020 8.072118e-07
1021 6.680609e-07
1022 5.026229e-07
1023 3.839828e-07
1024 2.755535e-07
1025 1.692225e-07
1026 1.069136e-07
1027 6.606887e-08
1028 0.000000e+00
1029 0.000000e+00
1030 0.000000e+00
1031 0.000000e+00
1032 0.000000e+00
1033 0.000000e+00
1034 0.000000e+00
1035 8.754012e-07
1036 7.249851e-07
1037 5.455616e-07
1038 4.166966e-07
1039 2.993435e-07
1040 1.837863e-07
1041 1.161699e-07
1042 7.177215e-08
1043 0.000000e+00
1044 0.000000e+00
1045 0.000000e+00
1046 0.000000e+00
1047 0.000000e+00
1048 0.000000e+00
1049 0.000000e+00
1050 9.584490e-07
1051 7.943001e-07
1052 5.978482e-07
1053 4.565317e-07
1054 3.283138e-07
1055 2.015197e-07
1056 1.274405e-07
1057 7.871696e-08
1058 0.000000e+00
1059 0.000000e+00
1060 0.000000e+00
1061 0.000000e+00
1062 0.000000e+00
1063 0.000000e+00
1064 0.000000e+00
1065 2.307795e-07
1066 2.043622e-07
1067 1.587915e-07
1068 1.186588e-07
1069 9.151643e-08
1070 5.757763e-08
1071 3.731199e-08
1072 2.252020e-08
1073 1.388473e-08
1074 0.000000e+00
1075 0.000000e+00
1076 0.000000e+00
1077 0.000000e+00
1078 0.000000e+00
1079 0.000000e+00
1080 3.635238e-07
1081 3.238856e-07
1082 2.528753e-07
1083 1.887776e-07
1084 1.457576e-07
1085 9.272579e-08
1086 5.979481e-08
1087 3.608033e-08
1088 2.224172e-08
1089 0.000000e+00
1090 0.000000e+00
1091 0.000000e+00
1092 0.000000e+00
1093 0.000000e+00
1094 0.000000e+00
1095 4.672231e-07
1096 4.173466e-07
1097 3.265180e-07
1098 2.436686e-07
1099 1.882014e-07
1100 1.202964e-07
1101 7.740502e-08
1102 4.670919e-08
1103 2.879096e-08
1104 0.000000e+00
1105 0.000000e+00
1106 0.000000e+00
1107 0.000000e+00
1108 0.000000e+00
1109 0.000000e+00
1110 5.528148e-07
1111 4.944835e-07
1112 3.872945e-07
1113 2.889691e-07
1114 2.232326e-07
1115 1.430474e-07
1116 9.193817e-08
1117 5.548059e-08
1118 3.419587e-08
1119 0.000000e+00
1120 0.000000e+00
1121 0.000000e+00
1122 0.000000e+00
1123 0.000000e+00
1124 0.000000e+00
1125 6.291421e-07
1126 5.632643e-07
1127 4.414872e-07
1128 3.293620e-07
1129 2.544682e-07
1130 1.633323e-07
1131 1.048966e-07
1132 6.330156e-08
1133 3.901514e-08
1134 0.000000e+00
1135 0.000000e+00
1136 0.000000e+00
1137 0.000000e+00
1138 0.000000e+00
1139 0.000000e+00
1140 7.031704e-07
1141 6.299736e-07
1142 4.940477e-07
1143 3.685384e-07
1144 2.847631e-07
1145 1.830056e-07
1146 1.174637e-07
1147 7.088698e-08
1148 4.368927e-08
1149 0.000000e+00
1150 0.000000e+00
1151 0.000000e+00
1152 0.000000e+00
1153 0.000000e+00
1154 0.000000e+00
1155 7.932974e-07
1156 7.112005e-07
1157 5.580468e-07
1158 4.162405e-07
1159 3.216510e-07
1160 2.069631e-07
1161 1.327660e-07
1162 8.012368e-08
1163 4.938039e-08
1164 0.000000e+00
1165 0.000000e+00
1166 0.000000e+00
1167 0.000000e+00
1168 0.000000e+00
1169 0.000000e+00
1170 2.148787e-07
1171 2.021868e-07
1172 1.656912e-07
1173 1.236367e-07
1174 9.495136e-08
1175 6.724679e-08
1176 4.088653e-08
1177 2.519225e-08
1178 1.545753e-08
1179 0.000000e+00
1180 0.000000e+00
1181 0.000000e+00
1182 0.000000e+00
1183 0.000000e+00
1184 0.000000e+00
1185 3.227189e-07
1186 3.048118e-07
1187 2.508589e-07
1188 1.874182e-07
1189 1.436803e-07
1190 1.025329e-07
1191 6.210867e-08
1192 3.845737e-08
1193 2.355873e-08
1194 0.000000e+00
1195 0.000000e+00
1196 0.000000e+00
1197 0.000000e+00
1198 0.000000e+00
1199 0.000000e+00
1200 4.116537e-07
1201 3.894669e-07
1202 3.211150e-07
1203 2.400439e-07
1204 1.838794e-07
1205 1.316503e-07
1206 7.962549e-08
1207 4.940661e-08
1208 3.024511e-08
1209 0.000000e+00
1210 0.000000e+00
1211 0.000000e+00
1212 0.000000e+00
1213 0.000000e+00
1214 0.000000e+00
1215 4.908511e-07
1216 4.648516e-07
1217 3.836742e-07
1218 2.869012e-07
1219 2.196746e-07
1220 1.575780e-07
1221 9.522504e-08
1222 5.915571e-08
1223 3.619804e-08
1224 0.000000e+00
1225 0.000000e+00
1226 0.000000e+00
1227 0.000000e+00
1228 0.000000e+00
1229 0.000000e+00
1230 5.676674e-07
1231 5.379581e-07
1232 4.443578e-07
1233 3.323519e-07
1234 2.543967e-07
1235 1.827264e-07
1236 1.103530e-07
1237 6.861152e-08
1238 4.197310e-08
1239 0.000000e+00
1240 0.000000e+00
1241 0.000000e+00
1242 0.000000e+00
1243 0.000000e+00
1244 0.000000e+00
1245 6.612042e-07
1246 6.269873e-07
1247 5.182452e-07
1248 3.876958e-07
1249 2.966736e-07
1250 2.133476e-07
1251 1.287738e-07
1252 8.012731e-08
1253 4.900382e-08
1254 0.000000e+00
1255 0.000000e+00
1256 0.000000e+00
1257 0.000000e+00
1258 0.000000e+00
1259 0.000000e+00
1260 2.095671e-07
1261 2.060485e-07
1262 1.776026e-07
1263 1.351981e-07
1264 1.016717e-07
1265 7.745022e-08
1266 4.636479e-08
1267 3.009348e-08
1268 1.807455e-08
1269 1.092755e-08
1270 0.000000e+00
1271 0.000000e+00
1272 0.000000e+00
1273 0.000000e+00
1274 0.000000e+00
1275 3.005548e-07
1276 2.961943e-07
1277 2.560677e-07
1278 1.952891e-07
1279 1.467096e-07
1280 1.120016e-07
1281 6.725358e-08
1282 4.369897e-08
1283 2.620866e-08
1284 1.582968e-08
1285 0.000000e+00
1286 0.000000e+00
1287 0.000000e+00
1288 0.000000e+00
1289 0.000000e+00
1290 3.811788e-07
1291 3.760645e-07
1292 3.255800e-07
1293 2.485198e-07
1294 1.866075e-07
1295 1.426070e-07
1296 8.574612e-08
1297 5.574716e-08
1298 3.340948e-08
1299 2.016994e-08
1300 0.000000e+00
1301 0.000000e+00
1302 0.000000e+00
1303 0.000000e+00
1304 0.000000e+00
1305 4.593535e-07
1306 4.535072e-07
1307 3.929785e-07
1308 3.001312e-07
1309 2.252919e-07
1310 1.722600e-07
1311 1.036729e-07
1312 6.742857e-08
1313 4.039366e-08
1314 2.437930e-08
1315 0.000000e+00
1316 0.000000e+00
1317 0.000000e+00
1318 0.000000e+00
1319 0.000000e+00
1320 5.545455e-07
1321 5.478080e-07
1322 4.750071e-07
1323 3.629448e-07
1324 2.723723e-07
1325 2.083785e-07
1326 1.255392e-07
1327 8.165728e-08
1328 4.890089e-08
1329 2.950497e-08
1330 0.000000e+00
1331 0.000000e+00
1332 0.000000e+00
1333 0.000000e+00
1334 0.000000e+00
1335 1.190254e-07
1336 1.205422e-07
1337 1.079857e-07
1338 8.435589e-08
1339 6.273087e-08
1340 4.873788e-08
1341 3.072808e-08
1342 1.990962e-08
1343 1.177258e-08
1344 7.084151e-09
1345 0.000000e+00
1346 0.000000e+00
1347 0.000000e+00
1348 0.000000e+00
1349 0.000000e+00
1350 2.103014e-07
1351 2.137437e-07
1352 1.924425e-07
1353 1.509657e-07
1354 1.121994e-07
1355 8.717004e-08
1356 5.556819e-08
1357 3.578820e-08
1358 2.115344e-08
1359 1.274502e-08
1360 0.000000e+00
1361 0.000000e+00
1362 0.000000e+00
1363 0.000000e+00
1364 0.000000e+00
1365 2.917207e-07
1366 2.969218e-07
1367 2.678475e-07
1368 2.104817e-07
1369 1.564015e-07
1370 1.215021e-07
1371 7.779157e-08
1372 4.998127e-08
1373 2.953943e-08
1374 1.780646e-08
1375 0.000000e+00
1376 0.000000e+00
1377 0.000000e+00
1378 0.000000e+00
1379 0.000000e+00
1380 3.704669e-07
1381 3.773577e-07
1382 3.407647e-07
1383 2.680147e-07
1384 1.991310e-07
1385 1.546938e-07
1386 9.926575e-08
1387 6.370030e-08
1388 3.764701e-08
1389 2.269842e-08
1390 0.000000e+00
1391 0.000000e+00
1392 0.000000e+00
1393 0.000000e+00
1394 0.000000e+00
1395 4.663391e-07
1396 4.752871e-07
1397 4.295475e-07
1398 3.380664e-07
1399 2.511634e-07
1400 1.951030e-07
1401 1.254212e-07
1402 8.040203e-08
1403 4.752176e-08
1404 2.865636e-08
1405 0.000000e+00
1406 0.000000e+00
1407 0.000000e+00
1408 0.000000e+00
1409 0.000000e+00
1410 1.344038e-07
1411 1.399625e-07
1412 1.303655e-07
1413 1.054667e-07
1414 7.833730e-08
1415 6.051196e-08
1416 4.164552e-08
1417 2.555866e-08
1418 1.524730e-08
1419 9.225143e-09
1420 0.000000e+00
1421 0.000000e+00
1422 0.000000e+00
1423 0.000000e+00
1424 0.000000e+00
1425 2.165527e-07
1426 2.259787e-07
1427 2.111180e-07
1428 1.713346e-07
1429 1.273356e-07
1430 9.823607e-08
1431 6.808489e-08
1432 4.158255e-08
1433 2.489104e-08
1434 1.504788e-08
1435 0.000000e+00
1436 0.000000e+00
1437 0.000000e+00
1438 0.000000e+00
1439 0.000000e+00
1440 2.954184e-07
1441 3.085498e-07
1442 2.886293e-07
1443 2.345536e-07
1444 1.743651e-07
1445 1.344399e-07
1446 9.345734e-08
1447 5.696125e-08
1448 3.414673e-08
1449 2.063610e-08
1450 0.000000e+00
1451 0.000000e+00
1452 0.000000e+00
1453 0.000000e+00
1454 0.000000e+00
1455 3.914026e-07
1456 4.090458e-07
1457 3.829679e-07
1458 3.115039e-07
1459 2.316042e-07
1460 1.785087e-07
1461 1.243323e-07
1462 7.568025e-08
1463 4.540995e-08
1464 2.743722e-08
1465 0.000000e+00
1466 0.000000e+00
1467 0.000000e+00
1468 0.000000e+00
1469 0.000000e+00
1470 7.113341e-08
1471 7.552322e-08
1472 7.233538e-08
1473 6.029082e-08
1474 4.509797e-08
1475 3.439153e-08
1476 2.515515e-08
1477 1.484382e-08
1478 9.185805e-09
1479 5.502751e-09
1480 0.000000e+00
1481 0.000000e+00
1482 0.000000e+00
1483 0.000000e+00
1484 0.000000e+00
1485 1.518344e-07
1486 1.617440e-07
1487 1.556803e-07
1488 1.305162e-07
1489 9.785989e-08
1490 7.442733e-08
1491 5.492502e-08
1492 3.232268e-08
1493 2.018108e-08
1494 1.205607e-08
1495 0.000000e+00
1496 0.000000e+00
1497 0.000000e+00
1498 0.000000e+00
1499 0.000000e+00
1500 2.306942e-07
1501 2.460383e-07
1502 2.372213e-07
1503 1.992872e-07
1504 1.495558e-07
1505 1.136378e-07
1506 8.411040e-08
1507 4.946430e-08
1508 3.097700e-08
1509 1.848792e-08
1510 0.000000e+00
1511 0.000000e+00
1512 0.000000e+00
1513 0.000000e+00
1514 0.000000e+00
1515 3.263815e-07
1516 3.483148e-07
1517 3.361515e-07
1518 2.827120e-07
1519 2.122646e-07
1520 1.612044e-07
1521 1.195110e-07
1522 7.025613e-08
1523 4.407087e-08
1524 2.628859e-08
1525 0.000000e+00
1526 0.000000e+00
1527 0.000000e+00
1528 0.000000e+00
1529 0.000000e+00
1530 9.489529e-08
1531 1.028571e-07
1532 1.015418e-07
1533 8.779887e-08
1534 6.682518e-08
1535 5.015797e-08
1536 3.841229e-08
1537 2.268730e-08
1538 1.471739e-08
1539 8.672094e-09
1540 5.059011e-09
1541 0.000000e+00
1542 0.000000e+00
1543 0.000000e+00
1544 0.000000e+00
1545 1.738238e-07
1546 1.887450e-07
1547 1.868270e-07
1548 1.621114e-07
1549 1.236534e-07
1550 9.269895e-08
1551 7.116330e-08
1552 4.219603e-08
1553 2.742419e-08
1554 1.613406e-08
1555 9.399401e-09
1556 0.000000e+00
1557 0.000000e+00
1558 0.000000e+00
1559 0.000000e+00
1560 2.689299e-07
1561 2.922327e-07
1562 2.895800e-07
1563 2.516202e-07
1564 1.921041e-07
1565 1.439419e-07
1566 1.106108e-07
1567 6.569173e-08
1568 4.272563e-08
1569 2.512042e-08
1570 1.462682e-08
1571 0.000000e+00
1572 0.000000e+00
1573 0.000000e+00
1574 0.000000e+00
1575 1.225386e-07
1576 1.351920e-07
1577 1.369648e-07
1578 1.225705e-07
1579 9.552442e-08
1580 7.098707e-08
1581 5.524349e-08
1582 3.437515e-08
1583 2.229822e-08
1584 1.295142e-08
1585 7.552635e-09
1586 0.000000e+00
1587 0.000000e+00
1588 0.000000e+00
1589 0.000000e+00
1590 2.169402e-07
1591 2.395767e-07
1592 2.430648e-07
1593 2.179423e-07
1594 1.701266e-07
1595 1.263850e-07
1596 9.836944e-08
1597 6.147568e-08
1598 3.979967e-08
1599 2.310296e-08
1600 1.348639e-08
1601 0.000000e+00
1602 0.000000e+00
1603 0.000000e+00
1604 0.000000e+00
1605 6.410765e-05
1606 4.853170e-05
1607 3.698509e-05
1608 2.659891e-05
1609 1.654695e-05
1610 1.056609e-05
1611 6.580397e-06
1612 0.000000e+00
1613 0.000000e+00
1614 0.000000e+00
1615 0.000000e+00
1616 0.000000e+00
1617 0.000000e+00
1618 0.000000e+00
1619 0.000000e+00
1620 5.112334e-05
1621 4.234846e-05
1622 3.174581e-05
1623 2.428856e-05
1624 1.757501e-05
1625 1.066101e-05
1626 6.725865e-06
1627 4.168416e-06
1628 0.000000e+00
1629 0.000000e+00
1630 0.000000e+00
1631 0.000000e+00
1632 0.000000e+00
1633 0.000000e+00
1634 0.000000e+00
1635 4.027708e-05
1636 3.616221e-05
1637 2.833810e-05
1638 2.108594e-05
1639 1.638677e-05
1640 1.046972e-05
1641 6.787317e-06
1642 4.071730e-06
1643 2.506365e-06
1644 0.000000e+00
1645 0.000000e+00
1646 0.000000e+00
1647 0.000000e+00
1648 0.000000e+00
1649 0.000000e+00
1650 3.257148e-05
1651 3.093877e-05
1652 2.558138e-05
1653 1.910246e-05
1654 1.462372e-05
1655 1.056797e-05
1656 6.329772e-06
1657 3.926476e-06
1658 2.406397e-06
1659 0.000000e+00
1660 0.000000e+00
1661 0.000000e+00
1662 0.000000e+00
1663 0.000000e+00
1664 0.000000e+00
1665 2.701602e-05
1666 2.672892e-05
1667 2.320410e-05
1668 1.771515e-05
1669 1.327881e-05
1670 1.021052e-05
1671 6.099658e-06
1672 4.000292e-06
1673 2.394864e-06
1674 1.437707e-06
1675 0.000000e+00
1676 0.000000e+00
1677 0.000000e+00
1678 0.000000e+00
1679 0.000000e+00
1680 2.278561e-05
1681 2.325530e-05
1682 2.104621e-05
1683 1.656471e-05
1684 1.229059e-05
1685 9.570041e-06
1686 6.144732e-06
1687 3.957667e-06
1688 2.330639e-06
1689 1.406421e-06
1690 0.000000e+00
1691 0.000000e+00
1692 0.000000e+00
1693 0.000000e+00
1694 0.000000e+00
1695 1.943239e-05
1696 2.033350e-05
1697 1.906490e-05
1698 1.551738e-05
1699 1.152689e-05
1700 8.887625e-06
1701 6.210876e-06
1702 3.768647e-06
1703 2.252781e-06
1704 1.364040e-06
1705 0.000000e+00
1706 0.000000e+00
1707 0.000000e+00
1708 0.000000e+00
1709 0.000000e+00
1710 1.672935e-05
1711 1.787344e-05
1712 1.727455e-05
1713 1.454514e-05
1714 1.091639e-05
1715 8.285363e-06
1716 6.167903e-06
1717 3.605225e-06
1718 2.265908e-06
1719 1.351032e-06
1720 0.000000e+00
1721 0.000000e+00
1722 0.000000e+00
1723 0.000000e+00
1724 0.000000e+00
1725 1.444354e-05
1726 1.571122e-05
1727 1.559076e-05
1728 1.356621e-05
1729 1.035911e-05
1730 7.754867e-06
1731 5.977538e-06
1732 3.538620e-06
1733 2.313427e-06
1734 1.359847e-06
1735 7.882589e-07
1736 0.000000e+00
1737 0.000000e+00
1738 0.000000e+00
1739 0.000000e+00
1740 1.244448e-05
1741 1.375664e-05
1742 1.397675e-05
1743 1.255277e-05
1744 9.805897e-06
1745 7.278751e-06
1746 5.673886e-06
1747 3.548785e-06
1748 2.303619e-06
1749 1.335225e-06
1750 7.793524e-07
1751 0.000000e+00
1752 0.000000e+00
1753 0.000000e+00
1754 0.000000e+00
1755 1.336018e-06
1756 1.020407e-06
1757 7.719209e-07
1758 5.542949e-07
1759 3.508024e-07
1760 2.231999e-07
1761 1.389657e-07
1762 0.000000e+00
1763 0.000000e+00
1764 0.000000e+00
1765 0.000000e+00
1766 0.000000e+00
1767 0.000000e+00
1768 0.000000e+00
1769 0.000000e+00
1770 1.194530e-06
1771 9.915907e-07
1772 7.468034e-07
1773 5.699184e-07
1774 4.102046e-07
1775 2.521827e-07
1776 1.595720e-07
1777 9.849285e-08
1778 0.000000e+00
1779 0.000000e+00
1780 0.000000e+00
1781 0.000000e+00
1782 0.000000e+00
1783 0.000000e+00
1784 0.000000e+00
1785 1.049669e-06
1786 9.423754e-07
1787 7.401207e-07
1788 5.522729e-07
1789 4.261982e-07
1790 2.752808e-07
1791 1.761821e-07
1792 1.064275e-07
1793 6.558945e-08
1794 0.000000e+00
1795 0.000000e+00
1796 0.000000e+00
1797 0.000000e+00
1798 0.000000e+00
1799 0.000000e+00
1800 9.273139e-07
1801 8.803806e-07
1802 7.283363e-07
1803 5.453650e-07
1804 4.170295e-07
1805 3.000793e-07
1806 1.812896e-07
1807 1.129283e-07
1808 6.905633e-08
1809 0.000000e+00
1810 0.000000e+00
1811 0.000000e+00
1812 0.000000e+00
1813 0.000000e+00
1814 0.000000e+00
1815 8.254286e-07
1816 8.161561e-07
1817 7.082771e-07
1818 5.418527e-07
1819 4.066492e-07
1820 3.107281e-07
1821 1.878831e-07
1822 1.221259e-07
1823 7.302293e-08
1824 4.410922e-08
1825 0.000000e+00
1826 0.000000e+00
1827 0.000000e+00
1828 0.000000e+00
1829 0.000000e+00
1830 7.392145e-07
1831 7.540752e-07
1832 6.820172e-07
1833 5.373832e-07
1834 3.994938e-07
1835 3.098884e-07
1836 1.999427e-07
1837 1.279362e-07
1838 7.564529e-08
1839 4.558719e-08
1840 0.000000e+00
1841 0.000000e+00
1842 0.000000e+00
1843 0.000000e+00
1844 0.000000e+00
1845 6.646162e-07
1846 6.951562e-07
1847 6.512624e-07
1848 5.303159e-07
1849 3.946910e-07
1850 3.038941e-07
1851 2.121106e-07
1852 1.289905e-07
1853 7.763089e-08
1854 4.687116e-08
1855 0.000000e+00
1856 0.000000e+00
1857 0.000000e+00
1858 0.000000e+00
1859 0.000000e+00
1860 5.987478e-07
1861 6.394751e-07
1862 6.175297e-07
1863 5.199370e-07
1864 3.908587e-07
1865 2.966947e-07
1866 2.200717e-07
1867 1.295022e-07
1868 8.137788e-08
1869 4.853469e-08
1870 0.000000e+00
1871 0.000000e+00
1872 0.000000e+00
1873 0.000000e+00
1874 0.000000e+00
1875 5.395870e-07
1876 5.867729e-07
1877 5.818077e-07
1878 5.060766e-07
1879 3.869247e-07
1880 2.899210e-07
1881 2.226828e-07
1882 1.326153e-07
1883 8.611944e-08
1884 5.056996e-08
1885 2.953779e-08
1886 0.000000e+00
1887 0.000000e+00
1888 0.000000e+00
1889 0.000000e+00
1890 4.851479e-07
1891 5.361719e-07
1892 5.443432e-07
1893 4.886063e-07
1894 3.820133e-07
1895 2.839233e-07
1896 2.207698e-07
1897 1.384855e-07
1898 8.933562e-08
1899 5.186620e-08
1900 3.029973e-08
1901 0.000000e+00
1902 0.000000e+00
1903 0.000000e+00
1904 0.000000e+00
1905 5.826816e-09
1906 4.097108e-09
1907 2.763922e-09
1908 1.798480e-09
1909 1.169227e-09
1910 7.714556e-10
1911 5.203167e-10
1912 3.572751e-10
1913 2.458759e-10
1914 1.661756e-10
1915 1.082511e-10
1916 6.700882e-11
1917 3.908775e-11
1918 2.145004e-11
1919 1.117969e-11
1920 1.461141e-08
1921 1.069820e-08
1922 7.553786e-09
1923 5.090836e-09
1924 3.280047e-09
1925 2.115194e-09
1926 1.379329e-09
1927 9.219090e-10
1928 6.295584e-10
1929 4.328168e-10
1930 2.930356e-10
1931 1.916849e-10
1932 1.193512e-10
1933 6.996300e-11
1934 3.855775e-11
1935 2.278980e-08
1936 1.719287e-08
1937 1.240984e-08
1938 8.642777e-09
1939 5.699897e-09
1940 3.636314e-09
1941 2.341723e-09
1942 1.528560e-09
1943 1.023868e-09
1944 6.984433e-10
1945 4.766885e-10
1946 3.187153e-10
1947 2.050867e-10
1948 1.252099e-10
1949 7.194883e-11
1950 3.091382e-08
1951 2.401150e-08
1952 1.764885e-08
1953 1.251665e-08
1954 8.487818e-09
1955 5.440677e-09
1956 3.476273e-09
1957 2.233369e-09
1958 1.469896e-09
1959 9.899239e-10
1960 6.738538e-10
1961 4.545157e-10
1962 2.979505e-10
1963 1.868067e-10
1964 1.107153e-10
1965 3.925306e-08
1966 3.135711e-08
1967 2.350118e-08
1968 1.688729e-08
1969 1.169510e-08
1970 7.634573e-09
1971 4.836057e-09
1972 3.087734e-09
1973 1.999645e-09
1974 1.326761e-09
1975 8.960435e-10
1976 6.054188e-10
1977 4.011821e-10
1978 2.562523e-10
1979 1.555689e-10
1980 4.799317e-08
1981 3.937870e-08
1982 3.014731e-08
1983 2.194140e-08
1984 1.542229e-08
1985 1.029553e-08
1986 6.515821e-09
1987 4.145600e-09
1988 2.645302e-09
1989 1.729659e-09
1990 1.155447e-09
1991 7.781330e-10
1992 5.184068e-10
1993 3.354649e-10
1994 2.075673e-10
1995 5.740051e-08
1996 4.831992e-08
1997 3.785082e-08
1998 2.795599e-08
1999 1.987858e-08
2000 1.354452e-08
2001 8.665527e-09
2002 5.473463e-09
2003 3.460701e-09
2004 2.231270e-09
2005 1.470887e-09
2006 9.834000e-10
2007 6.556833e-10
2008 4.279106e-10
2009 2.688762e-10
2010 6.806370e-08
2011 5.878030e-08
2012 4.720005e-08
2013 3.550505e-08
2014 2.553657e-08
2015 1.770070e-08
2016 1.155332e-08
2017 7.248141e-09
2018 4.569004e-09
2019 2.901366e-09
2020 1.882419e-09
2021 1.244534e-09
2022 8.266333e-10
2023 5.420260e-10
2024 3.445815e-10
2025 8.121187e-08
2026 7.208504e-08
2027 5.956160e-08
2028 4.588251e-08
2029 3.349656e-08
2030 2.356793e-08
2031 1.577253e-08
2032 9.936782e-09
2033 6.237112e-09
2034 3.901805e-09
2035 2.487533e-09
2036 1.617898e-09
2037 1.064301e-09
2038 6.972275e-10
2039 4.469726e-10
2040 1.026118e-07
2041 9.451372e-08
2042 8.137543e-08
2043 6.521963e-08
2044 4.900637e-08
2045 3.517986e-08
2046 2.426611e-08
2047 1.575738e-08
2048 9.813013e-09
2049 6.090124e-09
2050 3.785424e-09
2051 2.391772e-09
2052 1.536139e-09
2053 9.930648e-10
2054 6.366356e-10
2055 2.110512e-07
2056 2.161100e-07
2057 2.103606e-07
2058 1.928099e-07
2059 1.649978e-07
2060 1.312492e-07
2061 9.781217e-08
2062 6.961272e-08
2063 4.751123e-08
2064 3.016538e-08
2065 1.823511e-08
2066 1.083162e-08
2067 6.342537e-09
2068 3.703597e-09
2069 2.175780e-09
