0 2.323945e-09
1 1.573612e-09
2 1.033850e-09
3 6.770178e-10
4 4.500975e-10
5 3.052348e-10
6 2.102718e-10
7 1.449644e-10
8 9.818359e-11
9 6.419289e-11
10 3.993920e-11
11 2.341371e-11
12 1.287509e-11
13 6.660615e-12
14 3.278500e-12
15 3.729990e-09
16 2.577057e-09
17 1.712541e-09
18 1.114113e-09
19 7.314031e-10
20 4.885923e-10
21 3.333912e-10
22 2.300363e-10
23 1.577215e-10
24 1.054214e-10
25 6.756065e-11
26 4.097983e-11
27 2.333111e-11
28 1.245022e-11
29 6.273685e-12
30 4.241013e-09
31 2.946980e-09
32 1.968310e-09
33 1.280443e-09
34 8.377616e-10
35 5.572847e-10
36 3.788608e-10
37 2.610659e-10
38 1.793597e-10
39 1.205116e-10
40 7.782187e-11
41 4.764435e-11
42 2.740109e-11
43 1.476151e-11
44 7.495825e-12
45 4.535753e-09
46 3.160253e-09
47 2.115782e-09
48 1.376438e-09
49 8.991617e-10
50 5.969414e-10
51 4.050881e-10
52 2.790015e-10
53 1.918635e-10
54 1.292146e-10
55 8.373761e-11
56 5.148723e-11
57 2.974782e-11
58 1.609464e-11
59 8.201411e-12
60 4.741485e-09
61 3.309480e-09
62 2.218971e-09
63 1.443514e-09
64 9.420248e-10
65 6.246417e-10
66 4.234041e-10
67 2.915036e-10
68 2.005865e-10
69 1.352975e-10
70 8.787386e-11
71 5.417617e-11
72 3.138830e-11
73 1.702622e-11
74 8.693909e-12
75 4.900660e-09
76 3.424456e-09
77 2.298484e-09
78 1.495256e-09
79 9.751400e-10
80 6.460418e-10
81 4.375747e-10
82 3.011784e-10
83 2.073333e-10
84 1.399948e-10
85 9.106524e-11
86 5.624608e-11
87 3.265586e-11
88 1.774635e-11
89 9.074379e-12
90 5.032126e-09
91 3.519624e-09
92 2.364527e-09
93 1.538120e-09
94 1.002530e-09
95 6.637401e-10
96 4.492909e-10
97 3.091940e-10
98 2.129213e-10
99 1.438802e-10
100 9.371354e-11
101 5.796600e-11
102 3.370286e-11
103 1.834172e-11
104 9.389433e-12
105 5.149315e-09
106 3.604592e-09
107 2.423124e-09
108 1.576249e-09
109 1.026880e-09
110 6.794781e-10
111 4.597124e-10
112 3.163051e-10
113 2.178795e-10
114 1.473478e-10
115 9.605962e-11
116 5.949360e-11
117 3.463547e-11
118 1.887082e-11
119 9.669334e-12
120 5.264897e-09
121 3.687701e-09
122 2.480109e-09
123 1.613296e-09
124 1.050611e-09
125 6.947893e-10
126 4.698397e-10
127 3.232222e-10
128 2.227124e-10
129 1.507108e-10
130 9.835002e-11
131 6.097959e-11
132 3.554125e-11
133 1.938654e-11
134 9.942167e-12
135 5.401933e-09
136 3.787462e-09
137 2.549611e-09
138 1.658460e-09
139 1.079490e-09
140 7.134133e-10
141 4.821607e-10
142 3.316537e-10
143 2.285813e-10
144 1.548044e-10
145 1.011319e-10
146 6.278751e-11
147 3.664632e-11
148 2.001414e-11
149 1.027401e-11
150 7.232510e-09
151 5.145750e-09
152 3.521730e-09
153 2.307470e-09
154 1.492320e-09
155 9.768165e-10
156 6.523421e-10
157 4.453961e-10
158 3.070098e-10
159 2.097304e-10
160 1.392422e-10
161 8.837008e-11
162 5.289388e-11
163 2.964366e-11
164 1.556682e-11
165 8.984640e-09
166 6.456358e-09
167 4.472984e-09
168 2.961073e-09
169 1.909713e-09
170 1.243094e-09
171 8.224210e-10
172 5.572220e-10
173 3.831415e-10
174 2.627063e-10
175 1.761206e-10
176 1.133861e-10
177 6.910934e-11
178 3.948624e-11
179 2.111412e-11
180 1.003755e-08
181 7.249865e-09
182 5.047870e-09
183 3.358977e-09
184 2.165227e-09
185 1.405775e-09
186 9.261939e-10
187 6.253639e-10
188 4.292636e-10
189 2.947270e-10
190 1.983895e-10
191 1.285324e-10
192 7.895801e-11
193 4.550276e-11
194 2.453045e-11
195 1.077662e-08
196 7.804909e-09
197 5.451467e-09
198 3.637158e-09
199 2.344305e-09
200 1.519694e-09
201 9.989555e-10
202 6.729651e-10
203 4.615386e-10
204 3.171424e-10
205 2.139896e-10
206 1.391514e-10
207 8.586325e-11
208 4.972122e-11
209 2.692589e-11
210 1.134578e-08
211 8.232172e-09
212 5.761335e-09
213 3.851862e-09
214 2.482295e-09
215 1.607540e-09
216 1.054967e-09
217 7.096570e-10
218 4.864397e-10
219 3.344613e-10
220 2.260296e-10
221 1.473355e-10
222 9.118813e-11
223 5.297195e-11
224 2.876726e-11
225 1.181630e-08
226 8.586550e-09
227 6.018907e-09
228 4.030016e-09
229 2.596393e-09
230 1.680042e-09
231 1.101379e-09
232 7.400801e-10
233 5.070460e-10
234 3.487159e-10
235 2.359782e-10
236 1.540982e-10
237 9.558641e-11
238 5.565793e-11
239 3.029596e-11
240 1.223774e-08
241 8.902594e-09
242 6.249231e-09
243 4.188173e-09
244 2.697950e-09
245 1.744482e-09
246 1.142602e-09
247 7.672237e-10
248 5.254865e-10
249 3.615352e-10
250 2.448648e-10
251 1.601450e-10
252 9.952014e-11
253 5.806322e-11
254 3.165226e-11
255 1.264685e-08
256 9.211123e-09
257 6.472179e-09
258 4.342996e-09
259 2.797493e-09
260 1.807881e-09
261 1.183016e-09
262 7.936468e-10
263 5.433793e-10
264 3.739733e-10
265 2.535060e-10
266 1.660284e-10
267 1.033617e-10
268 6.039853e-11
269 3.298573e-11
270 1.313816e-08
271 9.582757e-09
272 6.741460e-09
273 4.529295e-09
274 2.917188e-09
275 1.884031e-09
276 1.231503e-09
277 8.255412e-10
278 5.649160e-10
279 3.889039e-10
280 2.639822e-10
281 1.731326e-10
282 1.079473e-10
283 6.320442e-11
284 3.458376e-11
285 1.196697e-08
286 8.739190e-09
287 6.150021e-09
288 4.150749e-09
289 2.686065e-09
290 1.734651e-09
291 1.133898e-09
292 7.582420e-10
293 5.172428e-10
294 3.550095e-10
295 2.404080e-10
296 1.576155e-10
297 9.844624e-11
298 5.785171e-11
299 3.182367e-11
300 1.396973e-08
301 1.029777e-08
302 7.302176e-09
303 4.976940e-09
304 3.238209e-09
305 2.082663e-09
306 1.354803e-09
307 8.994412e-10
308 6.102235e-10
309 4.183897e-10
310 2.843830e-10
311 1.879447e-10
312 1.187315e-10
313 7.074891e-11
314 3.948474e-11
315 1.539823e-08
316 1.141189e-08
317 8.127115e-09
318 5.568801e-09
319 3.635467e-09
320 2.333129e-09
321 1.513928e-09
322 1.000857e-09
323 6.771308e-10
324 4.638124e-10
325 3.158789e-10
326 2.096622e-10
327 1.332859e-10
328 8.001809e-11
329 4.500727e-11
330 1.650200e-08
331 1.227353e-08
332 8.764983e-09
333 6.026787e-09
334 3.942227e-09
335 2.526738e-09
336 1.636726e-09
337 1.079275e-09
338 7.286753e-10
339 4.989377e-10
340 3.402067e-10
341 2.264355e-10
342 1.445251e-10
343 8.716795e-11
344 4.926621e-11
345 1.741368e-08
346 1.298625e-08
347 9.292239e-09
348 6.404622e-09
349 4.196383e-09
350 2.686793e-09
351 1.738252e-09
352 1.143793e-09
353 7.713302e-10
354 5.279265e-10
355 3.603086e-10
356 2.402981e-10
357 1.538037e-10
358 9.308092e-11
359 5.279507e-11
360 1.822827e-08
361 1.361969e-08
362 9.761141e-09
363 6.740970e-09
364 4.422414e-09
365 2.829161e-09
366 1.828696e-09
367 1.201625e-09
368 8.092810e-10
369 5.537925e-10
370 3.782184e-10
371 2.526586e-10
372 1.620869e-10
373 9.836713e-11
374 5.594002e-11
375 1.901776e-08
376 1.423669e-08
377 1.021748e-08
378 7.068710e-09
379 4.641798e-09
380 2.968188e-09
381 1.916746e-09
382 1.257624e-09
383 8.462067e-10
384 5.788640e-10
385 3.956096e-10
386 2.646300e-10
387 1.700986e-10
388 1.034557e-10
389 5.898050e-11
390 1.997497e-08
391 1.498209e-08
392 1.077046e-08
393 7.465451e-09
394 4.908651e-09
395 3.135644e-09
396 2.023423e-09
397 1.325674e-09
398 8.909996e-10
399 6.093204e-10
400 4.167341e-10
401 2.792085e-10
402 1.798929e-10
403 1.096766e-10
404 6.268640e-11
405 1.694141e-08
406 1.267247e-08
407 9.080549e-09
408 6.269313e-09
409 4.128854e-09
410 2.645734e-09
411 1.712099e-09
412 1.124426e-09
413 7.561517e-10
414 5.163097e-10
415 3.518176e-10
416 2.345887e-10
417 1.503380e-10
418 9.124870e-11
419 5.199138e-11
420 1.919492e-08
421 1.449635e-08
422 1.045626e-08
423 7.271972e-09
424 4.828797e-09
425 3.092921e-09
426 1.994570e-09
427 1.301868e-09
428 8.706343e-10
429 5.924921e-10
430 4.039902e-10
431 2.706084e-10
432 1.748143e-10
433 1.072293e-10
434 6.182609e-11
435 2.095213e-08
436 1.591976e-08
437 1.153255e-08
438 8.055901e-09
439 5.374918e-09
440 3.443314e-09
441 2.215426e-09
442 1.440823e-09
443 9.599536e-10
444 6.520106e-10
445 4.447101e-10
446 2.987110e-10
447 1.939130e-10
448 1.197044e-10
449 6.952244e-11
450 2.240087e-08
451 1.709670e-08
452 1.242035e-08
453 8.703346e-09
454 5.827942e-09
455 3.732644e-09
456 2.398299e-09
457 1.555650e-09
458 1.034074e-09
459 7.012100e-10
460 4.783562e-10
461 3.219600e-10
462 2.096935e-10
463 1.300143e-10
464 7.588835e-11
465 2.369899e-08
466 1.814746e-08
467 1.321131e-08
468 9.281123e-09
469 6.230123e-09
470 3.990549e-09
471 2.560919e-09
472 1.657832e-09
473 1.099755e-09
474 7.450551e-10
475 5.083640e-10
476 3.426582e-10
477 2.237700e-10
478 1.392263e-10
479 8.154814e-11
480 2.495076e-08
481 1.916283e-08
482 1.397974e-08
483 9.840555e-09
484 6.620182e-09
485 4.240832e-09
486 2.718798e-09
487 1.756833e-09
488 1.163684e-09
489 7.875026e-10
490 5.373788e-10
491 3.626973e-10
492 2.373779e-10
493 1.481003e-10
494 8.704643e-11
495 2.647305e-08
496 2.039782e-08
497 1.491351e-08
498 1.052005e-08
499 7.095550e-09
500 4.545022e-09
501 2.910598e-09
502 1.877869e-09
503 1.241321e-09
504 8.391911e-10
505 5.728182e-10
506 3.871640e-10
507 2.539945e-10
508 1.589528e-10
509 9.372281e-11
510 2.231628e-08
511 1.709651e-08
512 1.245297e-08
513 8.739073e-09
514 5.873474e-09
515 3.776229e-09
516 2.422849e-09
517 1.570132e-09
518 1.041071e-09
519 7.041476e-10
520 4.795445e-10
521 3.226011e-10
522 2.103329e-10
523 1.307535e-10
524 7.661808e-11
525 2.485308e-08
526 1.922968e-08
527 1.410420e-08
528 9.954117e-09
529 6.741038e-09
530 4.351000e-09
531 2.782154e-09
532 1.795959e-09
533 1.183800e-09
534 7.971256e-10
535 5.421145e-10
536 3.655144e-10
537 2.396640e-10
538 1.502260e-10
539 8.892618e-11
540 2.695309e-08
541 2.099763e-08
542 1.547327e-08
543 1.096418e-08
544 7.463480e-09
545 4.828629e-09
546 3.080867e-09
547 1.983630e-09
548 1.302490e-09
549 8.743355e-10
550 5.940342e-10
551 4.011469e-10
552 2.640103e-10
553 1.663824e-10
554 9.916545e-11
555 2.883042e-08
556 2.257466e-08
557 1.669398e-08
558 1.186383e-08
559 8.105894e-09
560 5.253987e-09
561 3.346839e-09
562 2.150801e-09
563 1.408056e-09
564 9.431331e-10
565 6.403143e-10
566 4.329038e-10
567 2.856802e-10
568 1.808022e-10
569 1.082645e-10
570 3.064451e-08
571 2.410285e-08
572 1.787551e-08
573 1.273622e-08
574 8.727962e-09
575 5.666896e-09
576 3.604731e-09
577 2.312829e-09
578 1.510419e-09
579 1.009674e-09
580 6.851259e-10
581 4.636242e-10
582 3.066837e-10
583 1.947375e-10
584 1.170927e-10
585 3.284941e-08
586 2.595875e-08
587 1.931406e-08
588 1.379317e-08
589 9.484246e-09
590 6.167824e-09
591 3.918508e-09
592 2.510109e-09
593 1.634997e-09
594 1.090707e-09
595 7.396376e-10
596 5.010119e-10
597 3.322319e-10
598 2.116974e-10
599 1.278184e-10
600 2.822590e-08
601 2.214826e-08
602 1.641553e-08
603 1.167384e-08
604 7.985489e-09
605 5.197685e-09
606 3.311212e-09
607 2.129152e-09
608 1.391587e-09
609 9.302665e-10
610 6.303936e-10
611 4.255734e-10
612 2.807190e-10
613 1.777402e-10
614 1.066120e-10
615 3.111862e-08
616 2.466645e-08
617 1.841998e-08
618 1.317329e-08
619 9.070782e-09
620 5.941079e-09
621 3.778043e-09
622 2.422785e-09
623 1.574349e-09
624 1.046875e-09
625 7.073698e-10
626 4.777857e-10
627 3.163455e-10
628 2.016202e-10
629 1.220305e-10
630 3.369654e-08
631 2.690925e-08
632 2.020680e-08
633 1.450833e-08
634 1.003782e-08
635 6.603501e-09
636 4.194002e-09
637 2.684488e-09
638 1.737008e-09
639 1.150808e-09
640 7.760279e-10
641 5.243213e-10
642 3.480885e-10
643 2.229407e-10
644 1.357571e-10
645 3.618924e-08
646 2.908376e-08
647 2.193960e-08
648 1.580193e-08
649 1.097313e-08
650 7.245601e-09
651 4.597374e-09
652 2.938051e-09
653 1.894541e-09
654 1.251368e-09
655 8.424587e-10
656 5.692966e-10
657 3.788025e-10
658 2.435260e-10
659 1.490403e-10
660 3.922443e-08
661 3.172804e-08
662 2.404771e-08
663 1.737527e-08
664 1.211286e-08
665 8.026798e-09
666 5.087429e-09
667 3.246813e-09
668 2.086515e-09
669 1.374035e-09
670 9.234062e-10
671 6.241860e-10
672 4.162903e-10
673 2.686526e-10
674 1.652195e-10
675 3.488587e-08
676 2.804245e-08
677 2.117767e-08
678 1.526192e-08
679 1.059578e-08
680 7.011312e-09
681 4.460640e-09
682 2.850176e-09
683 1.838130e-09
684 1.213091e-09
685 8.152812e-10
686 5.500173e-10
687 3.654254e-10
688 2.346874e-10
689 1.436216e-10
690 3.833085e-08
691 3.114110e-08
692 2.372432e-08
693 1.720044e-08
694 1.201253e-08
695 8.008290e-09
696 5.102488e-09
697 3.250343e-09
698 2.085345e-09
699 1.368484e-09
700 9.157956e-10
701 6.170411e-10
702 4.108365e-10
703 2.652975e-10
704 1.636132e-10
705 4.166577e-08
706 3.413900e-08
707 2.619238e-08
708 1.907767e-08
709 1.338289e-08
710 8.974132e-09
711 5.723359e-09
712 3.637408e-09
713 2.324710e-09
714 1.518975e-09
715 1.012937e-09
716 6.818211e-10
717 4.547682e-10
718 2.948672e-10
719 1.829713e-10
720 4.572292e-08
721 3.779601e-08
722 2.919482e-08
723 2.136031e-08
724 1.505223e-08
725 1.014853e-08
726 6.478061e-09
727 4.108291e-09
728 2.615836e-09
729 1.701811e-09
730 1.131391e-09
731 7.608058e-10
732 5.083379e-10
733 3.309256e-10
734 2.065106e-10
735 4.279546e-08
736 3.527854e-08
737 2.722295e-08
738 1.991432e-08
739 1.401357e-08
740 9.440595e-09
741 6.049905e-09
742 3.836655e-09
743 2.449035e-09
744 1.593647e-09
745 1.058727e-09
746 7.107620e-10
747 4.737432e-10
748 3.076390e-10
749 1.915357e-10
750 4.722306e-08
751 3.939008e-08
752 3.072026e-08
753 2.264287e-08
754 1.602676e-08
755 1.088499e-08
756 7.011815e-09
757 4.432683e-09
758 2.819263e-09
759 1.822160e-09
760 1.203105e-09
761 8.051017e-10
762 5.368518e-10
763 3.500293e-10
764 2.195071e-10
765 5.260762e-08
766 4.439677e-08
767 3.497442e-08
768 2.595945e-08
769 1.847742e-08
770 1.264136e-08
771 8.180334e-09
772 5.157039e-09
773 3.268999e-09
774 2.100024e-09
775 1.378929e-09
776 9.198599e-10
777 6.136890e-10
778 4.016450e-10
779 2.535259e-10
780 5.306449e-08
781 4.498477e-08
782 3.562962e-08
783 2.657644e-08
784 1.897121e-08
785 1.302048e-08
786 8.480442e-09
787 5.348747e-09
788 3.389735e-09
789 2.169317e-09
790 1.418531e-09
791 9.427780e-10
792 6.274556e-10
793 4.104819e-10
794 2.595021e-10
795 6.033598e-08
796 5.198879e-08
797 4.181375e-08
798 3.156012e-08
799 2.271553e-08
800 1.574005e-08
801 1.035940e-08
802 6.529543e-09
803 4.122644e-09
804 2.615361e-09
805 1.694739e-09
806 1.118413e-09
807 7.424885e-10
808 4.869177e-10
809 3.100039e-10
810 7.089495e-08
811 6.254641e-08
812 5.155499e-08
813 3.976078e-08
814 2.905485e-08
815 2.040274e-08
816 1.368668e-08
817 8.705914e-09
818 5.460541e-09
819 3.429774e-09
820 2.187864e-09
821 1.422125e-09
822 9.350729e-10
823 6.120573e-10
824 3.920172e-10
825 5.961653e-07
826 4.525514e-07
827 3.422349e-07
828 2.410213e-07
829 1.518237e-07
830 9.640248e-08
831 6.024944e-08
832 0.000000e+00
833 0.000000e+00
834 0.000000e+00
835 0.000000e+00
836 0.000000e+00
837 0.000000e+00
838 0.000000e+00
839 0.000000e+00
840 7.356972e-07
841 5.594457e-07
842 4.229896e-07
843 2.999010e-07
844 1.891371e-07
845 1.202046e-07
846 7.500865e-08
847 0.000000e+00
848 0.000000e+00
849 0.000000e+00
850 0.000000e+00
851 0.000000e+00
852 0.000000e+00
853 0.000000e+00
854 0.000000e+00
855 8.332383e-07
856 6.341570e-07
857 4.794347e-07
858 3.410645e-07
859 2.152236e-07
860 1.368437e-07
861 8.532743e-08
862 0.000000e+00
863 0.000000e+00
864 0.000000e+00
865 0.000000e+00
866 0.000000e+00
867 0.000000e+00
868 0.000000e+00
869 0.000000e+00
870 9.085881e-07
871 6.918765e-07
872 5.230404e-07
873 3.728600e-07
874 2.353755e-07
875 1.496970e-07
876 9.329818e-08
877 0.000000e+00
878 0.000000e+00
879 0.000000e+00
880 0.000000e+00
881 0.000000e+00
882 0.000000e+00
883 0.000000e+00
884 0.000000e+00
885 9.709056e-07
886 7.396257e-07
887 5.591147e-07
888 3.991627e-07
889 2.520459e-07
890 1.603304e-07
891 9.989282e-08
892 0.000000e+00
893 0.000000e+00
894 0.000000e+00
895 0.000000e+00
896 0.000000e+00
897 0.000000e+00
898 0.000000e+00
899 0.000000e+00
900 1.026479e-06
901 7.821980e-07
902 5.912765e-07
903 4.226132e-07
904 2.669082e-07
905 1.698103e-07
906 1.057727e-07
907 0.000000e+00
908 0.000000e+00
909 0.000000e+00
910 0.000000e+00
911 0.000000e+00
912 0.000000e+00
913 0.000000e+00
914 0.000000e+00
915 1.080380e-06
916 8.234870e-07
917 6.224707e-07
918 4.453603e-07
919 2.813218e-07
920 1.790043e-07
921 1.114750e-07
922 0.000000e+00
923 0.000000e+00
924 0.000000e+00
925 0.000000e+00
926 0.000000e+00
927 0.000000e+00
928 0.000000e+00
929 0.000000e+00
930 1.145999e-06
931 8.737530e-07
932 6.604415e-07
933 4.730541e-07
934 2.988706e-07
935 1.902011e-07
936 1.184169e-07
937 0.000000e+00
938 0.000000e+00
939 0.000000e+00
940 0.000000e+00
941 0.000000e+00
942 0.000000e+00
943 0.000000e+00
944 0.000000e+00
945 2.677874e-07
946 2.179689e-07
947 1.631227e-07
948 1.251449e-07
949 8.742343e-08
950 5.411387e-08
951 3.376933e-08
952 2.098236e-08
953 0.000000e+00
954 0.000000e+00
955 0.000000e+00
956 0.000000e+00
957 0.000000e+00
958 0.000000e+00
959 0.000000e+00
960 4.383611e-07
961 3.599058e-07
962 2.699766e-07
963 2.065507e-07
964 1.464210e-07
965 9.018815e-08
966 5.666543e-08
967 3.510278e-08
968 0.000000e+00
969 0.000000e+00
970 0.000000e+00
971 0.000000e+00
972 0.000000e+00
973 0.000000e+00
974 0.000000e+00
975 5.618307e-07
976 4.629255e-07
977 3.476292e-07
978 2.656542e-07
979 1.893819e-07
980 1.164865e-07
981 7.337925e-08
982 4.539743e-08
983 0.000000e+00
984 0.000000e+00
985 0.000000e+00
986 0.000000e+00
987 0.000000e+00
988 0.000000e+00
989 0.000000e+00
990 6.570335e-07
991 5.423465e-07
992 4.074957e-07
993 3.112260e-07
994 2.225021e-07
995 1.367622e-07
996 8.626358e-08
997 5.333375e-08
998 0.000000e+00
999 0.000000e+00
1000 0.000000e+00
1001 0.000000e+00
1002 0.000000e+00
1003 0.000000e+00
1004 0.000000e+00
1005 7.357664e-07
1006 6.080389e-07
1007 4.570097e-07
1008 3.489176e-07
1009 2.498910e-07
1010 1.535295e-07
1011 9.691880e-08
1012 5.989807e-08
1013 0.000000e+00
1014 0.000000e+00
1015 0.000000e+00
1016 0.000000e+00
1017 0.000000e+00
1018 0.000000e+00
1019 0.000000e+00
1020 8.059673e-07
1021 6.666126e-07
1022 5.011672e-07
1023 3.825241e-07
1024 2.743138e-07
1025 1.684815e-07
1026 1.064197e-07
1027 6.575007e-08
1028 0.000000e+00
1029 0.000000e+00
1030 0.000000e+00
1031 0.000000e+00
1032 0.000000e+00
1033 0.000000e+00
1034 0.000000e+00
1035 8.740552e-07
1036 7.234175e-07
1037 5.439854e-07
1038 4.151174e-07
1039 2.979983e-07
1040 1.829835e-07
1041 1.156334e-07
1042 7.142605e-08
1043 0.000000e+00
1044 0.000000e+00
1045 0.000000e+00
1046 0.000000e+00
1047 0.000000e+00
1048 0.000000e+00
1049 0.000000e+00
1050 9.569799e-07
1051 7.925873e-07
1052 5.961253e-07
1053 4.548044e-07
1054 3.268402e-07
1055 2.006406e-07
1056 1.268534e-07
1057 7.833761e-08
1058 0.000000e+00
1059 0.000000e+00
1060 0.000000e+00
1061 0.000000e+00
1062 0.000000e+00
1063 0.000000e+00
1064 0.000000e+00
1065 2.305199e-07
1066 2.040244e-07
1067 1.584337e-07
1068 1.183071e-07
1069 9.116376e-08
1070 5.735166e-08
1071 3.716073e-08
1072 2.241913e-08
1073 1.382711e-08
1074 0.000000e+00
1075 0.000000e+00
1076 0.000000e+00
1077 0.000000e+00
1078 0.000000e+00
1079 0.000000e+00
1080 3.631264e-07
1081 3.233641e-07
1082 2.523189e-07
1083 1.882307e-07
1084 1.452077e-07
1085 9.236450e-08
1086 5.955575e-08
1087 3.592096e-08
1088 2.215038e-08
1089 0.000000e+00
1090 0.000000e+00
1091 0.000000e+00
1092 0.000000e+00
1093 0.000000e+00
1094 0.000000e+00
1095 4.667186e-07
1096 4.166819e-07
1097 3.258067e-07
1098 2.429696e-07
1099 1.874973e-07
1100 1.198291e-07
1101 7.709742e-08
1102 4.650428e-08
1103 2.867327e-08
1104 0.000000e+00
1105 0.000000e+00
1106 0.000000e+00
1107 0.000000e+00
1108 0.000000e+00
1109 0.000000e+00
1110 5.522220e-07
1111 4.937006e-07
1112 3.864554e-07
1113 2.881445e-07
1114 2.224014e-07
1115 1.424926e-07
1116 9.157400e-08
1117 5.523809e-08
1118 3.405642e-08
1119 0.000000e+00
1120 0.000000e+00
1121 0.000000e+00
1122 0.000000e+00
1123 0.000000e+00
1124 0.000000e+00
1125 6.284704e-07
1126 5.623760e-07
1127 4.405342e-07
1128 3.284253e-07
1129 2.535237e-07
1130 1.626996e-07
1131 1.044820e-07
1132 6.302554e-08
1133 3.885628e-08
1134 0.000000e+00
1135 0.000000e+00
1136 0.000000e+00
1137 0.000000e+00
1138 0.000000e+00
1139 0.000000e+00
1140 7.024222e-07
1141 6.289831e-07
1142 4.929842e-07
1143 3.674930e-07
1144 2.837087e-07
1145 1.822972e-07
1146 1.170002e-07
1147 7.057847e-08
1148 4.351159e-08
1149 0.000000e+00
1150 0.000000e+00
1151 0.000000e+00
1152 0.000000e+00
1153 0.000000e+00
1154 0.000000e+00
1155 7.924561e-07
1156 7.100855e-07
1157 5.568487e-07
1158 4.150629e-07
1159 3.204627e-07
1160 2.061626e-07
1161 1.322429e-07
1162 7.977558e-08
1163 4.917980e-08
1164 0.000000e+00
1165 0.000000e+00
1166 0.000000e+00
1167 0.000000e+00
1168 0.000000e+00
1169 0.000000e+00
1170 2.147044e-07
1171 2.019371e-07
1172 1.654006e-07
1173 1.233482e-07
1174 9.466168e-08
1175 6.700242e-08
1176 4.074344e-08
1177 2.509959e-08
1178 1.540035e-08
1179 0.000000e+00
1180 0.000000e+00
1181 0.000000e+00
1182 0.000000e+00
1183 0.000000e+00
1184 0.000000e+00
1185 3.224631e-07
1186 3.044440e-07
1187 2.504238e-07
1188 1.869882e-07
1189 1.432467e-07
1190 1.021628e-07
1191 6.189819e-08
1192 3.831599e-08
1193 2.347102e-08
1194 0.000000e+00
1195 0.000000e+00
1196 0.000000e+00
1197 0.000000e+00
1198 0.000000e+00
1199 0.000000e+00
1200 4.113306e-07
1201 3.889995e-07
1202 3.205658e-07
1203 2.394933e-07
1204 1.833288e-07
1205 1.311770e-07
1206 7.935563e-08
1207 4.922626e-08
1208 3.013240e-08
1209 0.000000e+00
1210 0.000000e+00
1211 0.000000e+00
1212 0.000000e+00
1213 0.000000e+00
1214 0.000000e+00
1215 4.904682e-07
1216 4.642942e-07
1217 3.830210e-07
1218 2.862505e-07
1219 2.190210e-07
1220 1.570126e-07
1221 9.490235e-08
1222 5.894120e-08
1223 3.606359e-08
1224 0.000000e+00
1225 0.000000e+00
1226 0.000000e+00
1227 0.000000e+00
1228 0.000000e+00
1229 0.000000e+00
1230 5.672265e-07
1231 5.373121e-07
1232 4.436036e-07
1233 3.316003e-07
1234 2.536404e-07
1235 1.820690e-07
1236 1.099786e-07
1237 6.836320e-08
1238 4.181664e-08
1239 0.000000e+00
1240 0.000000e+00
1241 0.000000e+00
1242 0.000000e+00
1243 0.000000e+00
1244 0.000000e+00
1245 6.606926e-07
1246 6.262408e-07
1247 5.173682e-07
1248 3.868214e-07
1249 2.957941e-07
1250 2.125841e-07
1251 1.283402e-07
1252 7.983624e-08
1253 4.882177e-08
1254 0.000000e+00
1255 0.000000e+00
1256 0.000000e+00
1257 0.000000e+00
1258 0.000000e+00
1259 0.000000e+00
1260 2.094403e-07
1261 2.058486e-07
1262 1.773525e-07
1263 1.349409e-07
1264 1.014182e-07
1265 7.719959e-08
1266 4.621819e-08
1267 2.999677e-08
1268 1.800783e-08
1269 1.089512e-08
1270 0.000000e+00
1271 0.000000e+00
1272 0.000000e+00
1273 0.000000e+00
1274 0.000000e+00
1275 3.003760e-07
1276 2.959112e-07
1277 2.557119e-07
1278 1.949223e-07
1279 1.463484e-07
1280 1.116429e-07
1281 6.705163e-08
1282 4.355609e-08
1283 2.611220e-08
1284 1.578297e-08
1285 0.000000e+00
1286 0.000000e+00
1287 0.000000e+00
1288 0.000000e+00
1289 0.000000e+00
1290 3.809538e-07
1291 3.757075e-07
1292 3.251305e-07
1293 2.480558e-07
1294 1.861509e-07
1295 1.421526e-07
1296 8.548757e-08
1297 5.557271e-08
1298 3.328695e-08
1299 2.011189e-08
1300 0.000000e+00
1301 0.000000e+00
1302 0.000000e+00
1303 0.000000e+00
1304 0.000000e+00
1305 4.590837e-07
1306 4.530786e-07
1307 3.924382e-07
1308 2.995730e-07
1309 2.247427e-07
1310 1.717342e-07
1311 1.033703e-07
1312 6.721805e-08
1313 4.024596e-08
1314 2.430976e-08
1315 0.000000e+00
1316 0.000000e+00
1317 0.000000e+00
1318 0.000000e+00
1319 0.000000e+00
1320 5.542212e-07
1321 5.472923e-07
1322 4.743550e-07
1323 3.622716e-07
1324 2.717102e-07
1325 2.077551e-07
1326 1.251457e-07
1327 8.139838e-08
1328 4.871981e-08
1329 2.942269e-08
1330 0.000000e+00
1331 0.000000e+00
1332 0.000000e+00
1333 0.000000e+00
1334 0.000000e+00
1335 1.189685e-07
1336 1.204466e-07
1337 1.078586e-07
1338 8.422057e-08
1339 6.259914e-08
1340 4.860287e-08
1341 3.064162e-08
1342 1.985127e-08
1343 1.173269e-08
1344 7.064330e-09
1345 0.000000e+00
1346 0.000000e+00
1347 0.000000e+00
1348 0.000000e+00
1349 0.000000e+00
1350 2.102041e-07
1351 2.135790e-07
1352 1.922218e-07
1353 1.507293e-07
1354 1.119705e-07
1355 8.693640e-08
1356 5.541280e-08
1357 3.568659e-08
1358 2.108307e-08
1359 1.270989e-08
1360 0.000000e+00
1361 0.000000e+00
1362 0.000000e+00
1363 0.000000e+00
1364 0.000000e+00
1365 2.915874e-07
1366 2.966956e-07
1367 2.675435e-07
1368 2.101552e-07
1369 1.560837e-07
1370 1.211762e-07
1371 7.757230e-08
1372 4.983900e-08
1373 2.944270e-08
1374 1.775755e-08
1375 0.000000e+00
1376 0.000000e+00
1377 0.000000e+00
1378 0.000000e+00
1379 0.000000e+00
1380 3.702988e-07
1381 3.770720e-07
1382 3.403809e-07
1383 2.676012e-07
1384 1.987283e-07
1385 1.542789e-07
1386 9.899380e-08
1387 6.352133e-08
1388 3.752436e-08
1389 2.263632e-08
1390 0.000000e+00
1391 0.000000e+00
1392 0.000000e+00
1393 0.000000e+00
1394 0.000000e+00
1395 4.661286e-07
1396 4.749288e-07
1397 4.290648e-07
1398 3.375442e-07
1399 2.506496e-07
1400 1.945883e-07
1401 1.250747e-07
1402 8.017523e-08
1403 4.736637e-08
1404 2.857811e-08
1405 0.000000e+00
1406 0.000000e+00
1407 0.000000e+00
1408 0.000000e+00
1409 0.000000e+00
1410 1.343554e-07
1411 1.398755e-07
1412 1.302420e-07
1413 1.053278e-07
1414 7.820146e-08
1415 6.037334e-08
1416 4.153590e-08
1417 2.549584e-08
1418 1.520565e-08
1419 9.202050e-09
1420 0.000000e+00
1421 0.000000e+00
1422 0.000000e+00
1423 0.000000e+00
1424 0.000000e+00
1425 2.164765e-07
1426 2.258413e-07
1427 2.109207e-07
1428 1.711126e-07
1429 1.271183e-07
1430 9.801399e-08
1431 6.790691e-08
1432 4.148208e-08
1433 2.482424e-08
1434 1.501027e-08
1435 0.000000e+00
1436 0.000000e+00
1437 0.000000e+00
1438 0.000000e+00
1439 0.000000e+00
1440 2.953155e-07
1441 3.083638e-07
1442 2.883630e-07
1443 2.342519e-07
1444 1.740695e-07
1445 1.341393e-07
1446 9.321372e-08
1447 5.682368e-08
1448 3.405538e-08
1449 2.058498e-08
1450 0.000000e+00
1451 0.000000e+00
1452 0.000000e+00
1453 0.000000e+00
1454 0.000000e+00
1455 3.912671e-07
1456 4.088008e-07
1457 3.826124e-07
1458 3.111051e-07
1459 2.312134e-07
1460 1.781114e-07
1461 1.240089e-07
1462 7.549728e-08
1463 4.528960e-08
1464 2.736942e-08
1465 0.000000e+00
1466 0.000000e+00
1467 0.000000e+00
1468 0.000000e+00
1469 0.000000e+00
1470 7.111344e-08
1471 7.548522e-08
1472 7.227828e-08
1473 6.022319e-08
1474 4.503095e-08
1475 3.432445e-08
1476 2.509351e-08
1477 1.481220e-08
1478 9.164226e-09
1479 5.489754e-09
1480 0.000000e+00
1481 0.000000e+00
1482 0.000000e+00
1483 0.000000e+00
1484 0.000000e+00
1485 1.517938e-07
1486 1.616658e-07
1487 1.555616e-07
1488 1.303743e-07
1489 9.771892e-08
1490 7.428676e-08
1491 5.479277e-08
1492 3.225573e-08
1493 2.013466e-08
1494 1.202747e-08
1495 0.000000e+00
1496 0.000000e+00
1497 0.000000e+00
1498 0.000000e+00
1499 0.000000e+00
1500 2.306335e-07
1501 2.459211e-07
1502 2.370427e-07
1503 1.990731e-07
1504 1.493427e-07
1505 1.134265e-07
1506 8.390999e-08
1507 4.936282e-08
1508 3.090601e-08
1509 1.844400e-08
1510 0.000000e+00
1511 0.000000e+00
1512 0.000000e+00
1513 0.000000e+00
1514 0.000000e+00
1515 3.262965e-07
1516 3.481501e-07
1517 3.359001e-07
1518 2.824101e-07
1519 2.119641e-07
1520 1.609053e-07
1521 1.192274e-07
1522 7.011275e-08
1523 4.397055e-08
1524 2.622616e-08
1525 0.000000e+00
1526 0.000000e+00
1527 0.000000e+00
1528 0.000000e+00
1529 0.000000e+00
1530 9.487615e-08
1531 1.028155e-07
1532 1.014783e-07
1533 8.771930e-08
1534 6.674453e-08
1535 5.007922e-08
1536 3.833166e-08
1537 2.264639e-08
1538 1.468718e-08
1539 8.650902e-09
1540 5.052908e-09
1541 0.000000e+00
1542 0.000000e+00
1543 0.000000e+00
1544 0.000000e+00
1545 1.737898e-07
1546 1.886742e-07
1547 1.867130e-07
1548 1.619677e-07
1549 1.235074e-07
1550 9.255665e-08
1551 7.101692e-08
1552 4.212095e-08
1553 2.736878e-08
1554 1.609466e-08
1555 9.388062e-09
1556 0.000000e+00
1557 0.000000e+00
1558 0.000000e+00
1559 0.000000e+00
1560 2.688780e-07
1561 2.921243e-07
1562 2.894050e-07
1563 2.513993e-07
1564 1.918793e-07
1565 1.437230e-07
1566 1.103852e-07
1567 6.557550e-08
1568 4.263987e-08
1569 2.505910e-08
1570 1.460918e-08
1571 0.000000e+00
1572 0.000000e+00
1573 0.000000e+00
1574 0.000000e+00
1575 1.225210e-07
1576 1.351530e-07
1577 1.368990e-07
1578 1.224835e-07
1579 9.543348e-08
1580 7.089978e-08
1581 5.515128e-08
1582 3.432073e-08
1583 2.226029e-08
1584 1.292248e-08
1585 7.542938e-09
1586 0.000000e+00
1587 0.000000e+00
1588 0.000000e+00
1589 0.000000e+00
1590 2.169097e-07
1591 2.395088e-07
1592 2.429501e-07
1593 2.177902e-07
1594 1.699671e-07
1595 1.262321e-07
1596 9.820782e-08
1597 6.137984e-08
1598 3.973298e-08
1599 2.305215e-08
1600 1.346886e-08
1601 0.000000e+00
1602 0.000000e+00
1603 0.000000e+00
1604 0.000000e+00
1605 6.394120e-05
1606 4.836437e-05
1607 3.681899e-05
1608 2.645851e-05
1609 1.646067e-05
1610 1.050870e-05
1611 6.543004e-06
1612 0.000000e+00
1613 0.000000e+00
1614 0.000000e+00
1615 0.000000e+00
1616 0.000000e+00
1617 0.000000e+00
1618 0.000000e+00
1619 0.000000e+00
1620 5.104810e-05
1621 4.225854e-05
1622 3.165518e-05
1623 2.419731e-05
1624 1.749547e-05
1625 1.061482e-05
1626 6.695265e-06
1627 4.148521e-06
1628 0.000000e+00
1629 0.000000e+00
1630 0.000000e+00
1631 0.000000e+00
1632 0.000000e+00
1633 0.000000e+00
1634 0.000000e+00
1635 4.023481e-05
1636 3.610596e-05
1637 2.827794e-05
1638 2.102664e-05
1639 1.632648e-05
1640 1.042947e-05
1641 6.760565e-06
1642 4.053828e-06
1643 2.496221e-06
1644 0.000000e+00
1645 0.000000e+00
1646 0.000000e+00
1647 0.000000e+00
1648 0.000000e+00
1649 0.000000e+00
1650 3.254703e-05
1651 3.090268e-05
1652 2.553929e-05
1653 1.906016e-05
1654 1.458117e-05
1655 1.053021e-05
1656 6.308800e-06
1657 3.912506e-06
1658 2.397657e-06
1659 0.000000e+00
1660 0.000000e+00
1661 0.000000e+00
1662 0.000000e+00
1663 0.000000e+00
1664 0.000000e+00
1665 2.700306e-05
1666 2.670683e-05
1667 2.317473e-05
1668 1.768420e-05
1669 1.324786e-05
1670 1.017909e-05
1671 6.082032e-06
1672 3.987822e-06
1673 2.386228e-06
1674 1.433637e-06
1675 0.000000e+00
1676 0.000000e+00
1677 0.000000e+00
1678 0.000000e+00
1679 0.000000e+00
1680 2.277464e-05
1681 2.323649e-05
1682 2.102146e-05
1683 1.653843e-05
1684 1.226528e-05
1685 9.544167e-06
1686 6.127362e-06
1687 3.946218e-06
1688 2.322868e-06
1689 1.402435e-06
1690 0.000000e+00
1691 0.000000e+00
1692 0.000000e+00
1693 0.000000e+00
1694 0.000000e+00
1695 1.942457e-05
1696 2.032017e-05
1697 1.904653e-05
1698 1.549729e-05
1699 1.150725e-05
1700 8.867663e-06
1701 6.194355e-06
1702 3.759548e-06
1703 2.246862e-06
1704 1.360682e-06
1705 0.000000e+00
1706 0.000000e+00
1707 0.000000e+00
1708 0.000000e+00
1709 0.000000e+00
1710 1.672536e-05
1711 1.786541e-05
1712 1.726188e-05
1713 1.452981e-05
1714 1.090109e-05
1715 8.270152e-06
1716 6.153343e-06
1717 3.598064e-06
1718 2.260865e-06
1719 1.347905e-06
1720 0.000000e+00
1721 0.000000e+00
1722 0.000000e+00
1723 0.000000e+00
1724 0.000000e+00
1725 1.444082e-05
1726 1.570550e-05
1727 1.558153e-05
1728 1.355447e-05
1729 1.034712e-05
1730 7.743216e-06
1731 5.965413e-06
1732 3.532423e-06
1733 2.308781e-06
1734 1.356482e-06
1735 7.873501e-07
1736 0.000000e+00
1737 0.000000e+00
1738 0.000000e+00
1739 0.000000e+00
1740 1.244307e-05
1741 1.375310e-05
1742 1.397042e-05
1743 1.254432e-05
1744 9.797066e-06
1745 7.270237e-06
1746 5.664814e-06
1747 3.543310e-06
1748 2.299827e-06
1749 1.332286e-06
1750 7.783402e-07
1751 0.000000e+00
1752 0.000000e+00
1753 0.000000e+00
1754 0.000000e+00
1755 1.332348e-06
1756 1.016724e-06
1757 7.685295e-07
1758 5.518939e-07
1759 3.488460e-07
1760 2.220806e-07
1761 1.381900e-07
1762 0.000000e+00
1763 0.000000e+00
1764 0.000000e+00
1765 0.000000e+00
1766 0.000000e+00
1767 0.000000e+00
1768 0.000000e+00
1769 0.000000e+00
1770 1.192640e-06
1771 9.893882e-07
1772 7.445528e-07
1773 5.678206e-07
1774 4.089774e-07
1775 2.509242e-07
1776 1.588088e-07
1777 9.802286e-08
1778 0.000000e+00
1779 0.000000e+00
1780 0.000000e+00
1781 0.000000e+00
1782 0.000000e+00
1783 0.000000e+00
1784 0.000000e+00
1785 1.048400e-06
1786 9.408234e-07
1787 7.386433e-07
1788 5.504954e-07
1789 4.251146e-07
1790 2.741238e-07
1791 1.756506e-07
1792 1.059639e-07
1793 6.532111e-08
1794 0.000000e+00
1795 0.000000e+00
1796 0.000000e+00
1797 0.000000e+00
1798 0.000000e+00
1799 0.000000e+00
1800 9.263962e-07
1801 8.791972e-07
1802 7.272777e-07
1803 5.439889e-07
1804 4.158060e-07
1805 2.994523e-07
1806 1.806039e-07
1807 1.124989e-07
1808 6.876460e-08
1809 0.000000e+00
1810 0.000000e+00
1811 0.000000e+00
1812 0.000000e+00
1813 0.000000e+00
1814 0.000000e+00
1815 8.247380e-07
1816 8.153512e-07
1817 7.076518e-07
1818 5.408674e-07
1819 4.055118e-07
1820 3.102957e-07
1821 1.871507e-07
1822 1.217677e-07
1823 7.285020e-08
1824 4.397158e-08
1825 0.000000e+00
1826 0.000000e+00
1827 0.000000e+00
1828 0.000000e+00
1829 0.000000e+00
1830 7.388792e-07
1831 7.535791e-07
1832 6.816413e-07
1833 5.368072e-07
1834 3.985817e-07
1835 3.094179e-07
1836 1.993693e-07
1837 1.276302e-07
1838 7.539680e-08
1839 4.550166e-08
1840 0.000000e+00
1841 0.000000e+00
1842 0.000000e+00
1843 0.000000e+00
1844 0.000000e+00
1845 6.644123e-07
1846 6.948488e-07
1847 6.510629e-07
1848 5.299894e-07
1849 3.939846e-07
1850 3.033661e-07
1851 2.117337e-07
1852 1.286897e-07
1853 7.729304e-08
1854 4.669577e-08
1855 0.000000e+00
1856 0.000000e+00
1857 0.000000e+00
1858 0.000000e+00
1859 0.000000e+00
1860 5.986983e-07
1861 6.393657e-07
1862 6.175490e-07
1863 5.198649e-07
1864 3.903967e-07
1865 2.962001e-07
1866 2.198568e-07
1867 1.292404e-07
1868 8.119519e-08
1869 4.840090e-08
1870 0.000000e+00
1871 0.000000e+00
1872 0.000000e+00
1873 0.000000e+00
1874 0.000000e+00
1875 5.397405e-07
1876 5.869161e-07
1877 5.820763e-07
1878 5.063025e-07
1879 3.867601e-07
1880 2.895681e-07
1881 2.225877e-07
1882 1.324320e-07
1883 8.616581e-08
1884 5.060913e-08
1885 2.949165e-08
1886 0.000000e+00
1887 0.000000e+00
1888 0.000000e+00
1889 0.000000e+00
1890 4.855403e-07
1891 5.365877e-07
1892 5.448834e-07
1893 4.891332e-07
1894 3.821528e-07
1895 2.837649e-07
1896 2.207853e-07
1897 1.383974e-07
1898 8.946541e-08
1899 5.188579e-08
1900 3.033788e-08
1901 0.000000e+00
1902 0.000000e+00
1903 0.000000e+00
1904 0.000000e+00
1905 5.796711e-09
1906 4.073209e-09
1907 2.747110e-09
1908 1.787008e-09
1909 1.161647e-09
1910 7.665106e-10
1911 5.173047e-10
1912 3.556449e-10
1913 2.453171e-10
1914 1.664654e-10
1915 1.090606e-10
1916 6.793624e-11
1917 3.979091e-11
1918 2.180010e-11
1919 1.121861e-11
1920 1.455491e-08
1921 1.064671e-08
1922 7.514011e-09
1923 5.061736e-09
1924 3.260170e-09
1925 2.101518e-09
1926 1.370543e-09
1927 9.167788e-10
1928 6.269426e-10
1929 4.319469e-10
1930 2.938455e-10
1931 1.934525e-10
1932 1.211837e-10
1933 7.128504e-11
1934 3.916714e-11
1935 2.271245e-08
1936 1.711923e-08
1937 1.235105e-08
1938 8.598831e-09
1939 5.668807e-09
1940 3.615331e-09
1941 2.327968e-09
1942 1.520022e-09
1943 1.018919e-09
1944 6.963177e-10
1945 4.770187e-10
1946 3.207953e-10
1947 2.077379e-10
1948 1.274086e-10
1949 7.324651e-11
1950 3.082325e-08
1951 2.392324e-08
1952 1.757435e-08
1953 1.245891e-08
1954 8.447280e-09
1955 5.410855e-09
1956 3.457465e-09
1957 2.221165e-09
1958 1.462433e-09
1959 9.864041e-10
1960 6.735850e-10
1961 4.567210e-10
1962 3.012678e-10
1963 1.898428e-10
1964 1.127691e-10
1965 3.915093e-08
1966 3.125543e-08
1967 2.341266e-08
1968 1.681595e-08
1969 1.164350e-08
1970 7.598477e-09
1971 4.811481e-09
1972 3.071782e-09
1973 1.989838e-09
1974 1.321781e-09
1975 8.951665e-10
1976 6.076690e-10
1977 4.051161e-10
1978 2.601133e-10
1979 1.584314e-10
1980 4.788149e-08
1981 3.926372e-08
1982 3.004987e-08
1983 2.185800e-08
1984 1.535883e-08
1985 1.025038e-08
1986 6.484948e-09
1987 4.125205e-09
1988 2.632644e-09
1989 1.723094e-09
1990 1.153703e-09
1991 7.803804e-10
1992 5.228808e-10
1993 3.401700e-10
1994 2.113428e-10
1995 5.727957e-08
1996 4.819544e-08
1997 3.773943e-08
1998 2.785955e-08
1999 1.980343e-08
2000 1.349161e-08
2001 8.627975e-09
2002 5.448911e-09
2003 3.445227e-09
2004 2.222731e-09
2005 1.468229e-09
2006 9.855478e-10
2007 6.607027e-10
2008 4.335372e-10
2009 2.736385e-10
2010 6.793531e-08
2011 5.864425e-08
2012 4.707928e-08
2013 3.539947e-08
2014 2.545033e-08
2015 1.763731e-08
2016 1.150863e-08
2017 7.218447e-09
2018 4.550133e-09
2019 2.891022e-09
2020 1.878875e-09
2021 1.246427e-09
2022 8.321757e-10
2023 5.485175e-10
2024 3.504123e-10
2025 8.107502e-08
2026 7.193937e-08
2027 5.943039e-08
2028 4.576517e-08
2029 3.339537e-08
2030 2.349349e-08
2031 1.571942e-08
2032 9.901403e-09
2033 6.214938e-09
2034 3.888521e-09
2035 2.482725e-09
2036 1.619573e-09
2037 1.070371e-09
2038 7.048650e-10
2039 4.540387e-10
2040 1.024650e-07
2041 9.435495e-08
2042 8.123483e-08
2043 6.509126e-08
2044 4.889213e-08
2045 3.508729e-08
2046 2.420208e-08
2047 1.571308e-08
2048 9.784672e-09
2049 6.073758e-09
2050 3.778668e-09
2051 2.392858e-09
2052 1.542910e-09
2053 1.002217e-09
2054 6.454361e-10
2055 2.107008e-07
2056 2.158156e-07
2057 2.101492e-07
2058 1.926551e-07
2059 1.648822e-07
2060 1.311674e-07
2061 9.772636e-08
2062 6.955624e-08
2063 4.748887e-08
2064 3.015677e-08
2065 1.822428e-08
2066 1.082961e-08
2067 6.351580e-09
2068 3.718955e-09
2069 2.192591e-09
