0 2.4574340e-09
1 1.6696440e-09
2 1.0986260e-09
3 7.1887920e-10
4 4.7720680e-10
5 3.2311540e-10
6 2.2250580e-10
7 1.5364210e-10
8 1.0444610e-10
9 6.8710850e-11
10 4.3182860e-11
11 2.5740320e-11
12 1.4536580e-11
13 7.8115510e-12
14 4.0274330e-12
15 3.9407770e-09
16 2.7313750e-09
17 1.8199540e-09
18 1.1842660e-09
19 7.7651690e-10
20 5.1793280e-10
21 3.5304960e-10
22 2.4368790e-10
23 1.6748160e-10
24 1.1247300e-10
25 7.2626980e-11
26 4.4613760e-11
27 2.5949430e-11
28 1.4309800e-11
29 7.5307100e-12
30 4.4578860e-09
31 3.1067790e-09
32 2.0806280e-09
33 1.3544440e-09
34 8.8524570e-10
35 5.8808360e-10
36 3.9935780e-10
37 2.7527840e-10
38 1.8951370e-10
39 1.2784570e-10
40 8.3119110e-11
41 5.1471520e-11
42 3.0189880e-11
43 1.6778260e-11
44 8.8868400e-12
45 4.7615660e-09
46 3.3272440e-09
47 2.2339050e-09
48 1.4545400e-09
49 9.4915190e-10
50 6.2932890e-10
51 4.2657190e-10
52 2.9383330e-10
53 2.0244530e-10
54 1.3687040e-10
55 8.9279310e-11
56 5.5501790e-11
57 3.2683450e-11
58 1.8230280e-11
59 9.6848890e-12
60 4.9834580e-09
61 3.4883150e-09
62 2.3457830e-09
63 1.5275370e-09
64 9.9576240e-10
65 6.5941980e-10
66 4.4643270e-10
67 3.0736420e-10
68 2.1187950e-10
69 1.4345880e-10
70 9.3771870e-11
71 5.8442330e-11
72 3.4502880e-11
73 1.9290310e-11
74 1.0267430e-11
75 5.1543520e-09
76 3.6123660e-09
77 2.4319970e-09
78 1.5838470e-09
79 1.0317510e-09
80 6.8263880e-10
81 4.6176070e-10
82 3.1780720e-10
83 2.1915610e-10
84 1.4854010e-10
85 9.7240800e-11
86 6.0710670e-11
87 3.5905940e-11
88 2.0106400e-11
89 1.0715360e-11
90 5.2971360e-09
91 3.7161750e-09
92 2.5040330e-09
93 1.6310220e-09
94 1.0617780e-09
95 7.0192320e-10
96 4.7448870e-10
97 3.2648110e-10
98 2.2523070e-10
99 1.5278470e-10
100 1.0013350e-10
101 6.2604300e-11
102 3.7077930e-11
103 2.0789350e-11
104 1.1089030e-11
105 5.4243830e-09
106 3.8084880e-09
107 2.5682380e-09
108 1.6727300e-09
109 1.0885290e-09
110 7.1927740e-10
111 4.8595160e-10
112 3.3430180e-10
113 2.3066000e-10
114 1.5656820e-10
115 1.0272090e-10
116 6.4294510e-11
117 3.8121910e-11
118 2.1396640e-11
119 1.1424000e-11
120 5.5509770e-09
121 3.9002190e-09
122 2.6318330e-09
123 1.7143320e-09
124 1.1150660e-09
125 7.3641870e-10
126 4.9727510e-10
127 3.4201230e-10
128 2.3603650e-10
129 1.6032180e-10
130 1.0528340e-10
131 6.5970540e-11
132 3.9159690e-11
133 2.2000160e-11
134 1.1755270e-11
135 5.7049810e-09
136 4.0124180e-09
137 2.7097540e-09
138 1.7651920e-09
139 1.1475510e-09
140 7.5735790e-10
141 5.1107990e-10
142 3.5142820e-10
143 2.4260810e-10
144 1.6491150e-10
145 1.0840860e-10
146 6.8016670e-11
147 4.0424820e-11
148 2.2736680e-11
149 1.2160450e-11
150 7.6029800e-09
151 5.4227970e-09
152 3.7225130e-09
153 2.4449120e-09
154 1.5804310e-09
155 1.0336310e-09
156 6.8925620e-10
157 4.7013070e-10
158 3.2436280e-10
159 2.2215360e-10
160 1.4820980e-10
161 9.4823860e-11
162 5.7606720e-11
163 3.3107320e-11
164 1.8044180e-11
165 9.3545490e-09
166 6.7375070e-09
167 4.6780270e-09
168 3.1052810e-09
169 2.0027860e-09
170 1.3029020e-09
171 8.6097220e-10
172 5.8295920e-10
173 4.0095070e-10
174 2.7542600e-10
175 1.8533710e-10
176 1.2012000e-10
177 7.4112230e-11
178 4.3283850e-11
179 2.3943210e-11
180 1.0425960e-08
181 7.5457370e-09
182 5.2648450e-09
183 3.5127400e-09
184 2.2653490e-09
185 1.4698410e-09
186 9.6746150e-10
187 6.5253990e-10
188 4.4814710e-10
189 3.0819360e-10
190 2.0815830e-10
191 1.3569550e-10
192 8.4310730e-11
193 4.9605910e-11
194 2.7629300e-11
195 1.1208760e-08
196 8.1360370e-09
197 5.6953000e-09
198 3.8113760e-09
199 2.4580430e-09
200 1.5922050e-09
201 1.0454160e-09
202 7.0354950e-10
203 4.8257820e-10
204 3.3207520e-10
205 2.2481300e-10
206 1.4706240e-10
207 9.1754530e-11
208 5.4218380e-11
209 3.0322460e-11
210 1.1812080e-08
211 8.5907100e-09
212 6.0261140e-09
213 4.0413880e-09
214 2.6061120e-09
215 1.6863500e-09
216 1.1054570e-09
217 7.4297480e-10
218 5.0916890e-10
219 3.5057040e-10
220 2.3767770e-10
221 1.5584300e-10
222 9.7505730e-11
223 5.7779600e-11
224 3.2399890e-11
225 1.2315210e-08
226 8.9698630e-09
227 6.3020350e-09
228 4.2327010e-09
229 2.7292240e-09
230 1.7644570e-09
231 1.1552980e-09
232 7.7549460e-10
233 5.3119680e-10
234 3.6583640e-10
235 2.4834620e-10
236 1.6311220e-10
237 1.0226400e-10
238 6.0731650e-11
239 3.4119640e-11
240 1.2765090e-08
241 9.3089440e-09
242 6.5490280e-09
243 4.4035070e-09
244 2.8393690e-09
245 1.8343970e-09
246 1.1999040e-09
247 8.0478790e-10
248 5.5110870e-10
249 3.7964620e-10
250 2.5796370e-10
251 1.6969020e-10
252 1.0656520e-10
253 6.3398320e-11
254 3.5669570e-11
255 1.3209560e-08
256 9.6446450e-09
257 6.7927960e-09
258 4.5733500e-09
259 2.9489260e-09
260 1.9038810e-09
261 1.2443110e-09
262 8.3378920e-10
263 5.7067490e-10
264 3.9324900e-10
265 2.6743500e-10
266 1.7614900e-10
267 1.1080350e-10
268 6.6022470e-11
269 3.7197050e-11
270 1.3754580e-08
271 1.0056160e-08
272 7.0916120e-09
273 4.7808440e-09
274 3.0824450e-09
275 1.9890460e-09
276 1.2985070e-09
277 8.6933370e-10
278 5.9467140e-10
279 4.0989230e-10
280 2.7903480e-10
281 1.8406410e-10
282 1.1599230e-10
283 6.9238200e-11
284 3.9072910e-11
285 1.2260960e-08
286 8.9673670e-09
287 6.3183580e-09
288 4.2717850e-09
289 2.7668680e-09
290 1.7862300e-09
291 1.1673750e-09
292 7.8036130e-10
293 5.3248870e-10
294 3.6588160e-10
295 2.4841690e-10
296 1.6361460e-10
297 1.0309430e-10
298 6.1634070e-11
299 3.4881890e-11
300 1.4231610e-08
301 1.0504230e-08
302 7.4555290e-09
303 5.0885480e-09
304 3.3141730e-09
305 2.1311790e-09
306 1.3861100e-09
307 9.2017560e-10
308 6.2446910e-10
309 4.2859480e-10
310 2.9196570e-10
311 1.9370900e-10
312 1.2331170e-10
313 7.4601370e-11
314 4.2734560e-11
315 1.5692210e-08
316 1.1645840e-08
317 8.3015810e-09
318 5.6962830e-09
319 3.7229890e-09
320 2.3891480e-09
321 1.5499730e-09
322 1.0244820e-09
323 6.9321850e-10
324 4.7527330e-10
325 3.2433390e-10
326 2.1607670e-10
327 1.3835230e-10
328 8.4264250e-11
329 4.8598830e-11
330 1.6821940e-08
331 1.2528960e-08
332 8.9565940e-09
333 6.1662620e-09
334 4.0389620e-09
335 2.5881920e-09
336 1.6763880e-09
337 1.1052120e-09
338 7.4630120e-10
339 5.1141040e-10
340 3.4940480e-10
341 2.3339700e-10
342 1.5000100e-10
343 9.1747330e-11
344 5.3140200e-11
345 1.7760460e-08
346 1.3263240e-08
347 9.5002130e-09
348 6.5565090e-09
349 4.3019990e-09
350 2.7538770e-09
351 1.7818810e-09
352 1.1721530e-09
353 7.9038330e-10
354 5.4139810e-10
355 3.7018050e-10
356 2.4776050e-10
357 1.5965970e-10
358 9.7954920e-11
359 5.6907820e-11
360 1.8603810e-08
361 1.3920730e-08
362 9.9875360e-09
363 6.9070600e-09
364 4.5379220e-09
365 2.9027570e-09
366 1.8762910e-09
367 1.2323450e-09
368 8.2989860e-10
369 5.6832640e-10
370 3.8885930e-10
371 2.6067590e-10
372 1.6834520e-10
373 1.0352730e-10
374 6.0289990e-11
375 1.9438340e-08
376 1.4573120e-08
377 1.0470510e-08
378 7.2541720e-09
379 4.7706280e-09
380 3.0494780e-09
381 1.9696790e-09
382 1.2918040e-09
383 8.6905900e-10
384 5.9485270e-10
385 4.0731330e-10
386 2.7343990e-10
387 1.7690490e-10
388 1.0903410e-10
389 6.3642780e-11
390 2.0453960e-08
391 1.5369160e-08
392 1.1060400e-08
393 7.6774740e-09
394 5.0553950e-09
395 3.2288650e-09
396 2.0834170e-09
397 1.3645880e-09
398 9.1683560e-10
399 6.2745020e-10
400 4.2987370e-10
401 2.8900650e-10
402 1.8739360e-10
403 1.1577160e-10
404 6.7721890e-11
405 1.7120060e-08
406 1.2817160e-08
407 9.1897320e-09
408 6.3494030e-09
409 4.1851070e-09
410 2.6822780e-09
411 1.7361810e-09
412 1.1403450e-09
413 7.6713260e-10
414 5.2430060e-10
415 3.5790400e-10
416 2.3938750e-10
417 1.5436280e-10
418 9.4891940e-11
419 5.5302780e-11
420 1.9390050e-08
421 1.4657020e-08
422 1.0578410e-08
423 7.3622100e-09
424 4.8929530e-09
425 3.1352180e-09
426 2.0218580e-09
427 1.3199620e-09
428 8.8302790e-10
429 6.0138170e-10
430 4.1069880e-10
431 2.7589510e-10
432 1.7923550e-10
433 1.1124030e-10
434 6.5516140e-11
435 2.1160050e-08
436 1.6093590e-08
437 1.1665040e-08
438 8.1541220e-09
439 5.4449060e-09
440 3.4894010e-09
441 2.2453980e-09
442 1.4604360e-09
443 9.7338690e-10
444 6.6161460e-10
445 4.5196330e-10
446 3.0441490e-10
447 1.9867100e-10
448 1.2402130e-10
449 7.3508230e-11
450 2.2626600e-08
451 1.7285860e-08
452 1.2565950e-08
453 8.8104640e-09
454 5.9048340e-09
455 3.7838510e-09
456 2.4313440e-09
457 1.5772510e-09
458 1.0487700e-09
459 7.1163510e-10
460 4.8618830e-10
461 3.2807680e-10
462 2.1479410e-10
463 1.3462710e-10
464 8.0140710e-11
465 2.3945090e-08
466 1.8354740e-08
467 1.3373920e-08
468 9.4011750e-09
469 6.3174580e-09
470 4.0482460e-09
471 2.5979700e-09
472 1.6820370e-09
473 1.1160090e-09
474 7.5651890e-10
475 5.1689160e-10
476 3.4933060e-10
477 2.2927850e-10
478 1.4415300e-10
479 8.6096980e-11
480 2.5251290e-08
481 1.9414350e-08
482 1.4174840e-08
483 9.9832470e-09
484 6.7239430e-09
485 4.3094310e-09
486 2.7627780e-09
487 1.7853650e-09
488 1.1827060e-09
489 8.0089470e-10
490 5.4725060e-10
491 3.7031500e-10
492 2.4357630e-10
493 1.5355540e-10
494 9.1977890e-11
495 2.6840810e-08
496 2.0705660e-08
497 1.5151200e-08
498 1.0695590e-08
499 7.2221750e-09
500 4.6287820e-09
501 2.9638590e-09
502 1.9122480e-09
503 1.2641730e-09
504 8.5504770e-10
505 5.8440910e-10
506 3.9597180e-10
507 2.6106220e-10
508 1.6505530e-10
509 9.9166110e-11
510 2.2532130e-08
511 1.7278440e-08
512 1.2593530e-08
513 8.8435020e-09
514 5.9486280e-09
515 3.8265020e-09
516 2.4553530e-09
517 1.5914760e-09
518 1.0555220e-09
519 7.1433700e-10
520 4.8715580e-10
521 3.2857110e-10
522 2.1532410e-10
523 1.3527800e-10
524 8.0817010e-11
525 2.5084600e-08
526 1.9425270e-08
527 1.4259700e-08
528 1.0069750e-08
529 6.8255090e-09
530 4.4077700e-09
531 2.8187200e-09
532 1.8199630e-09
533 1.1997900e-09
534 8.0835900e-10
535 5.5047650e-10
536 3.7204900e-10
537 2.4510430e-10
538 1.5516470e-10
539 9.3539600e-11
540 2.7207950e-08
541 2.1218030e-08
542 1.5647330e-08
543 1.1093530e-08
544 7.5576290e-09
545 4.8930770e-09
546 3.1222190e-09
547 2.0106960e-09
548 1.3205490e-09
549 8.8682200e-10
550 6.0323980e-10
551 4.0827900e-10
552 2.6991800e-10
553 1.7174180e-10
554 1.0414930e-10
555 2.9120360e-08
556 2.2826440e-08
557 1.6893680e-08
558 1.2012640e-08
559 8.2145340e-09
560 5.3288620e-09
561 3.3942360e-09
562 2.1820480e-09
563 1.4285290e-09
564 9.5719910e-10
565 6.5063280e-10
566 4.4081960e-10
567 2.9220710e-10
568 1.8662920e-10
569 1.1367660e-10
570 3.1006420e-08
571 2.4413190e-08
572 1.8124030e-08
573 1.2920220e-08
574 8.8622080e-09
575 5.7590340e-09
576 3.6628780e-09
577 2.3510340e-09
578 1.5352070e-09
579 1.0265870e-09
580 6.9731870e-10
581 4.7292640e-10
582 3.1419530e-10
583 2.0131530e-10
584 1.2307730e-10
585 3.3303670e-08
586 2.6352950e-08
587 1.9627390e-08
588 1.4028060e-08
589 9.6548340e-09
590 6.2850840e-09
591 3.9923550e-09
592 2.5578020e-09
593 1.6658210e-09
594 1.1116270e-09
595 7.5454210e-10
596 5.1217490e-10
597 3.4108700e-10
598 2.1928030e-10
599 1.3457020e-10
600 2.8479540e-08
601 2.2366630e-08
602 1.6589990e-08
603 1.1804670e-08
604 8.0809130e-09
605 5.2635300e-09
606 3.3537690e-09
607 2.1569610e-09
608 1.4098710e-09
609 9.4296630e-10
610 6.3973230e-10
611 4.3282150e-10
612 2.8673770e-10
613 1.8320670e-10
614 1.1175160e-10
615 3.1396110e-08
616 2.4914200e-08
617 1.8620210e-08
618 1.3323430e-08
619 9.1809350e-09
620 6.0177360e-09
621 3.8279750e-09
622 2.4551650e-09
623 1.5955050e-09
624 1.0613900e-09
625 7.1791290e-10
626 4.8585810e-10
627 3.2301030e-10
628 2.0765760e-10
629 1.2767640e-10
630 3.4021350e-08
631 2.7198980e-08
632 2.0443930e-08
633 1.4686310e-08
634 1.0168210e-08
635 6.6957910e-09
636 4.2535310e-09
637 2.7232800e-09
638 1.7619720e-09
639 1.1677560e-09
640 7.8813890e-10
641 5.3349720e-10
642 3.5559550e-10
643 2.2962060e-10
644 1.4197950e-10
645 3.6611460e-08
646 2.9457980e-08
647 2.2243830e-08
648 1.6030530e-08
649 1.1142120e-08
650 7.3643620e-09
651 4.6734760e-09
652 2.9872070e-09
653 1.9262490e-09
654 1.2727490e-09
655 8.5736690e-10
656 5.8051890e-10
657 3.8775320e-10
658 2.5129620e-10
659 1.5609110e-10
660 3.9768350e-08
661 3.2217960e-08
662 2.4446790e-08
663 1.7677610e-08
664 1.2334220e-08
665 8.1829240e-09
666 5.1887450e-09
667 3.3108850e-09
668 2.1272840e-09
669 1.4010820e-09
670 9.4219890e-10
671 6.3801160e-10
672 4.2708570e-10
673 2.7780570e-10
674 1.7336250e-10
675 3.5206280e-08
676 2.8331770e-08
677 2.1415910e-08
678 1.5443150e-08
679 1.0729010e-08
680 7.1055170e-09
681 4.5227640e-09
682 2.8899390e-09
683 1.8638710e-09
684 1.2304520e-09
685 8.2766150e-10
686 5.5935610e-10
687 3.7303690e-10
688 2.4150990e-10
689 1.4997820e-10
690 3.8713930e-08
691 3.1489090e-08
692 2.4017310e-08
693 1.7424260e-08
694 1.2178130e-08
695 8.1264030e-09
696 5.1800390e-09
697 3.2999360e-09
698 2.1173410e-09
699 1.3896660e-09
700 9.3062720e-10
701 6.2804790e-10
702 4.1967720e-10
703 2.7304990e-10
704 1.7078070e-10
705 4.2175060e-08
706 3.4610160e-08
707 2.6584760e-08
708 1.9379720e-08
709 1.3607100e-08
710 9.1333270e-09
711 5.8283940e-09
712 3.7043340e-09
713 2.3671730e-09
714 1.5467660e-09
715 1.0321460e-09
716 6.9582110e-10
717 4.6569020e-10
718 3.0416830e-10
719 1.9131180e-10
720 4.6405020e-08
721 3.8424670e-08
722 2.9724070e-08
723 2.1769630e-08
724 1.5354060e-08
725 1.0365010e-08
726 6.6212570e-09
727 4.1986000e-09
728 2.6731860e-09
729 1.7387380e-09
730 1.1563220e-09
731 7.7864950e-10
732 5.2194590e-10
733 3.4221320e-10
734 2.1640330e-10
735 4.3270540e-08
736 3.5721010e-08
737 2.7599110e-08
738 2.0208020e-08
739 1.4231630e-08
740 9.5980350e-09
741 6.1558280e-09
742 3.9035340e-09
743 2.4918860e-09
744 1.6214360e-09
745 1.0776360e-09
746 7.2444890e-10
747 4.8445710e-10
748 3.1680900e-10
749 1.9986630e-10
750 4.7878880e-08
751 4.0006110e-08
752 3.1252420e-08
753 2.3062070e-08
754 1.6339250e-08
755 1.1110500e-08
756 7.1651310e-09
757 4.5293170e-09
758 2.8807370e-09
759 1.8614930e-09
760 1.2290950e-09
761 8.2344270e-10
762 5.5074830e-10
763 3.6150840e-10
764 2.2958330e-10
765 5.3508410e-08
766 4.5251570e-08
767 3.5719130e-08
768 2.6547490e-08
769 1.8915740e-08
770 1.2959140e-08
771 8.3994200e-09
772 5.2936340e-09
773 3.3557440e-09
774 2.1545490e-09
775 1.4145370e-09
776 9.4443710e-10
777 6.3179710e-10
778 4.1615960e-10
779 2.6590640e-10
780 5.4007840e-08
781 4.5891280e-08
782 3.6431210e-08
783 2.7224870e-08
784 1.9459340e-08
785 1.3375340e-08
786 8.7269420e-09
787 5.5052560e-09
788 3.4880370e-09
789 2.2308770e-09
790 1.4583510e-09
791 9.6970070e-10
792 6.4696210e-10
793 4.2584180e-10
794 2.7244130e-10
795 6.1693300e-08
796 5.3309310e-08
797 4.3002370e-08
798 3.2537420e-08
799 2.3458680e-08
800 1.6282760e-08
801 1.0741850e-08
802 6.7751870e-09
803 4.2758740e-09
804 2.7100320e-09
805 1.7546490e-09
806 1.1578750e-09
807 7.7007320e-10
808 5.0783990e-10
809 3.2696420e-10
810 7.2987710e-08
811 6.4654270e-08
812 5.3520220e-08
813 4.1434370e-08
814 3.0362590e-08
815 2.1370910e-08
816 1.4379960e-08
817 9.1679970e-09
818 5.7462730e-09
819 3.6064170e-09
820 2.2963540e-09
821 1.4907120e-09
822 9.8056380e-10
823 6.4453230e-10
824 4.1686840e-10
825 6.0504430e-07
826 4.5940580e-07
827 3.4761760e-07
828 2.4485930e-07
829 1.5443100e-07
830 9.8026190e-08
831 6.1239720e-08
832 0.0000000e+00
833 0.0000000e+00
834 0.0000000e+00
835 0.0000000e+00
836 0.0000000e+00
837 0.0000000e+00
838 0.0000000e+00
839 0.0000000e+00
840 7.3822020e-07
841 5.6147910e-07
842 4.2473650e-07
843 3.0108740e-07
844 1.9012120e-07
845 1.2077760e-07
846 7.5347530e-08
847 0.0000000e+00
848 0.0000000e+00
849 0.0000000e+00
850 0.0000000e+00
851 0.0000000e+00
852 0.0000000e+00
853 0.0000000e+00
854 0.0000000e+00
855 8.3523640e-07
856 6.3583370e-07
857 4.8091600e-07
858 3.4205100e-07
859 2.1612260e-07
860 1.3735240e-07
861 8.5626230e-08
862 0.0000000e+00
863 0.0000000e+00
864 0.0000000e+00
865 0.0000000e+00
866 0.0000000e+00
867 0.0000000e+00
868 0.0000000e+00
869 0.0000000e+00
870 9.1021960e-07
871 6.9330350e-07
872 5.2433480e-07
873 3.7371100e-07
874 2.3621720e-07
875 1.5016290e-07
876 9.3570200e-08
877 0.0000000e+00
878 0.0000000e+00
879 0.0000000e+00
880 0.0000000e+00
881 0.0000000e+00
882 0.0000000e+00
883 0.0000000e+00
884 0.0000000e+00
885 9.7253340e-07
886 7.4106820e-07
887 5.6042720e-07
888 4.0002690e-07
889 2.5292200e-07
890 1.6080960e-07
891 1.0017160e-07
892 0.0000000e+00
893 0.0000000e+00
894 0.0000000e+00
895 0.0000000e+00
896 0.0000000e+00
897 0.0000000e+00
898 0.0000000e+00
899 0.0000000e+00
900 1.0285120e-06
901 7.8397240e-07
902 5.9284510e-07
903 4.2366030e-07
904 2.6792340e-07
905 1.7037300e-07
906 1.0610050e-07
907 0.0000000e+00
908 0.0000000e+00
909 0.0000000e+00
910 0.0000000e+00
911 0.0000000e+00
912 0.0000000e+00
913 0.0000000e+00
914 0.0000000e+00
915 1.0838480e-06
916 8.2639150e-07
917 6.2489080e-07
918 4.4702460e-07
919 2.8274930e-07
920 1.7982840e-07
921 1.1196350e-07
922 0.0000000e+00
923 0.0000000e+00
924 0.0000000e+00
925 0.0000000e+00
926 0.0000000e+00
927 0.0000000e+00
928 0.0000000e+00
929 0.0000000e+00
930 1.1515330e-06
931 8.7825320e-07
932 6.6408960e-07
933 4.7560210e-07
934 3.0088830e-07
935 1.9139180e-07
936 1.1913400e-07
937 0.0000000e+00
938 0.0000000e+00
939 0.0000000e+00
940 0.0000000e+00
941 0.0000000e+00
942 0.0000000e+00
943 0.0000000e+00
944 0.0000000e+00
945 2.7237300e-07
946 2.2229170e-07
947 1.6644520e-07
948 1.2760070e-07
949 8.9573230e-08
950 5.5332420e-08
951 3.4599110e-08
952 2.1480860e-08
953 0.0000000e+00
954 0.0000000e+00
955 0.0000000e+00
956 0.0000000e+00
957 0.0000000e+00
958 0.0000000e+00
959 0.0000000e+00
960 4.3627680e-07
961 3.5907560e-07
962 2.6952530e-07
963 2.0605210e-07
964 1.4666050e-07
965 9.0219730e-08
966 5.6787420e-08
967 3.5148970e-08
968 0.0000000e+00
969 0.0000000e+00
970 0.0000000e+00
971 0.0000000e+00
972 0.0000000e+00
973 0.0000000e+00
974 0.0000000e+00
975 5.5922780e-07
976 4.6191730e-07
977 3.4711960e-07
978 2.6506270e-07
979 1.8970070e-07
980 1.1656170e-07
981 7.3555250e-08
982 4.5467700e-08
983 0.0000000e+00
984 0.0000000e+00
985 0.0000000e+00
986 0.0000000e+00
987 0.0000000e+00
988 0.0000000e+00
989 0.0000000e+00
990 6.5405810e-07
991 5.4123840e-07
992 4.0696710e-07
993 3.1058100e-07
994 2.2289240e-07
995 1.3687210e-07
996 8.6484890e-08
997 5.3424800e-08
998 0.0000000e+00
999 0.0000000e+00
1000 0.0000000e+00
1001 0.0000000e+00
1002 0.0000000e+00
1003 0.0000000e+00
1004 0.0000000e+00
1005 7.3287110e-07
1006 6.0715470e-07
1007 4.5670110e-07
1008 3.4840470e-07
1009 2.5047540e-07
1010 1.5375420e-07
1011 9.7230790e-08
1012 6.0037460e-08
1013 0.0000000e+00
1014 0.0000000e+00
1015 0.0000000e+00
1016 0.0000000e+00
1017 0.0000000e+00
1018 0.0000000e+00
1019 0.0000000e+00
1020 8.0366930e-07
1021 6.6635940e-07
1022 5.0137000e-07
1023 3.8237220e-07
1024 2.7525290e-07
1025 1.6891930e-07
1026 1.0688140e-07
1027 6.5977010e-08
1028 0.0000000e+00
1029 0.0000000e+00
1030 0.0000000e+00
1031 0.0000000e+00
1032 0.0000000e+00
1033 0.0000000e+00
1034 0.0000000e+00
1035 8.7364870e-07
1036 7.2488780e-07
1037 5.4553530e-07
1038 4.1595600e-07
1039 2.9974670e-07
1040 1.8390790e-07
1041 1.1642340e-07
1042 7.1848320e-08
1043 0.0000000e+00
1044 0.0000000e+00
1045 0.0000000e+00
1046 0.0000000e+00
1047 0.0000000e+00
1048 0.0000000e+00
1049 0.0000000e+00
1050 9.5928000e-07
1051 7.9650710e-07
1052 5.9957120e-07
1053 4.5705130e-07
1054 3.2971560e-07
1055 2.0224420e-07
1056 1.2809410e-07
1057 7.9033060e-08
1058 0.0000000e+00
1059 0.0000000e+00
1060 0.0000000e+00
1061 0.0000000e+00
1062 0.0000000e+00
1063 0.0000000e+00
1064 0.0000000e+00
1065 2.3195000e-07
1066 2.0568220e-07
1067 1.5991780e-07
1068 1.1935620e-07
1069 9.2056830e-08
1070 5.8050350e-08
1071 3.7600530e-08
1072 2.2672350e-08
1073 1.3979400e-08
1074 0.0000000e+00
1075 0.0000000e+00
1076 0.0000000e+00
1077 0.0000000e+00
1078 0.0000000e+00
1079 0.0000000e+00
1080 3.6402610e-07
1081 3.2470020e-07
1082 2.5364310e-07
1083 1.8914410e-07
1084 1.4601180e-07
1085 9.3080600e-08
1086 5.9990910e-08
1087 3.6169190e-08
1088 2.2298440e-08
1089 0.0000000e+00
1090 0.0000000e+00
1091 0.0000000e+00
1092 0.0000000e+00
1093 0.0000000e+00
1094 0.0000000e+00
1095 4.6696660e-07
1096 4.1755350e-07
1097 3.2683460e-07
1098 2.4364740e-07
1099 1.8813700e-07
1100 1.2048520e-07
1101 7.7487300e-08
1102 4.6721400e-08
1103 2.8801640e-08
1104 0.0000000e+00
1105 0.0000000e+00
1106 0.0000000e+00
1107 0.0000000e+00
1108 0.0000000e+00
1109 0.0000000e+00
1110 5.5238780e-07
1111 4.9458700e-07
1112 3.8754240e-07
1113 2.8885520e-07
1114 2.2308100e-07
1115 1.4321840e-07
1116 9.1999540e-08
1117 5.5475580e-08
1118 3.4196770e-08
1119 0.0000000e+00
1120 0.0000000e+00
1121 0.0000000e+00
1122 0.0000000e+00
1123 0.0000000e+00
1124 0.0000000e+00
1125 6.2910230e-07
1126 5.6376290e-07
1127 4.4206730e-07
1128 3.2945950e-07
1129 2.5446960e-07
1130 1.6363500e-07
1131 1.0503190e-07
1132 6.3337090e-08
1133 3.9041740e-08
1134 0.0000000e+00
1135 0.0000000e+00
1136 0.0000000e+00
1137 0.0000000e+00
1138 0.0000000e+00
1139 0.0000000e+00
1140 7.0494880e-07
1141 6.3216000e-07
1142 4.9598580e-07
1143 3.6960340e-07
1144 2.8549530e-07
1145 1.8381960e-07
1146 1.1791820e-07
1147 7.1109760e-08
1148 4.3831960e-08
1149 0.0000000e+00
1150 0.0000000e+00
1151 0.0000000e+00
1152 0.0000000e+00
1153 0.0000000e+00
1154 0.0000000e+00
1155 7.9773040e-07
1156 7.1584570e-07
1157 5.6194400e-07
1158 4.1871990e-07
1159 3.2345880e-07
1160 2.0851410e-07
1161 1.3368380e-07
1162 8.0620010e-08
1163 4.9693040e-08
1164 0.0000000e+00
1165 0.0000000e+00
1166 0.0000000e+00
1167 0.0000000e+00
1168 0.0000000e+00
1169 0.0000000e+00
1170 2.2022380e-07
1171 2.0712420e-07
1172 1.6964550e-07
1173 1.2651010e-07
1174 9.7089270e-08
1175 6.8718240e-08
1176 4.1788050e-08
1177 2.5738900e-08
1178 1.5793090e-08
1179 0.0000000e+00
1180 0.0000000e+00
1181 0.0000000e+00
1182 0.0000000e+00
1183 0.0000000e+00
1184 0.0000000e+00
1185 3.2726860e-07
1186 3.0892510e-07
1187 2.5405460e-07
1188 1.8968140e-07
1189 1.4532480e-07
1190 1.0360840e-07
1191 6.2781010e-08
1192 3.8849920e-08
1193 2.3800690e-08
1194 0.0000000e+00
1195 0.0000000e+00
1196 0.0000000e+00
1197 0.0000000e+00
1198 0.0000000e+00
1199 0.0000000e+00
1200 4.1594880e-07
1201 3.9327020e-07
1202 3.2398920e-07
1203 2.4202600e-07
1204 1.8529070e-07
1205 1.3252400e-07
1206 8.0181590e-08
1207 4.9719270e-08
1208 3.0438590e-08
1209 0.0000000e+00
1210 0.0000000e+00
1211 0.0000000e+00
1212 0.0000000e+00
1213 0.0000000e+00
1214 0.0000000e+00
1215 4.9551510e-07
1216 4.6894120e-07
1217 3.8674940e-07
1218 2.8899430e-07
1219 2.2115260e-07
1220 1.5846370e-07
1221 9.5794980e-08
1222 5.9469520e-08
1223 3.6392940e-08
1224 0.0000000e+00
1225 0.0000000e+00
1226 0.0000000e+00
1227 0.0000000e+00
1228 0.0000000e+00
1229 0.0000000e+00
1230 5.7417210e-07
1231 5.4375560e-07
1232 4.4877990e-07
1233 3.3542710e-07
1234 2.5660690e-07
1235 1.8410720e-07
1236 1.1122780e-07
1237 6.9108530e-08
1238 4.2279540e-08
1239 0.0000000e+00
1240 0.0000000e+00
1241 0.0000000e+00
1242 0.0000000e+00
1243 0.0000000e+00
1244 0.0000000e+00
1245 6.7042400e-07
1246 6.3530800e-07
1247 5.2468860e-07
1248 3.9224190e-07
1249 2.9998570e-07
1250 2.1548200e-07
1251 1.3011340e-07
1252 8.0900900e-08
1253 4.9483230e-08
1254 0.0000000e+00
1255 0.0000000e+00
1256 0.0000000e+00
1257 0.0000000e+00
1258 0.0000000e+00
1259 0.0000000e+00
1260 2.1462070e-07
1261 2.1086770e-07
1262 1.8160780e-07
1263 1.3814980e-07
1264 1.0384840e-07
1265 7.9013710e-08
1266 4.7305510e-08
1267 3.0687270e-08
1268 1.8424940e-08
1269 1.1150850e-08
1270 0.0000000e+00
1271 0.0000000e+00
1272 0.0000000e+00
1273 0.0000000e+00
1274 0.0000000e+00
1275 3.0533750e-07
1276 3.0067420e-07
1277 2.5968990e-07
1278 1.9790330e-07
1279 1.4861540e-07
1280 1.1331420e-07
1281 6.8039180e-08
1282 4.4186040e-08
1283 2.6493010e-08
1284 1.6017490e-08
1285 0.0000000e+00
1286 0.0000000e+00
1287 0.0000000e+00
1288 0.0000000e+00
1289 0.0000000e+00
1290 3.8633340e-07
1291 3.8085100e-07
1292 3.2940250e-07
1293 2.5124540e-07
1294 1.8858190e-07
1295 1.4393310e-07
1296 8.6548490e-08
1297 5.6233470e-08
1298 3.3694700e-08
1299 2.0361980e-08
1300 0.0000000e+00
1301 0.0000000e+00
1302 0.0000000e+00
1303 0.0000000e+00
1304 0.0000000e+00
1305 4.6638800e-07
1306 4.6009380e-07
1307 3.9831160e-07
1308 3.0396920e-07
1309 2.2808250e-07
1310 1.7420600e-07
1311 1.0483620e-07
1312 6.8140720e-08
1313 4.0812450e-08
1314 2.4655860e-08
1315 0.0000000e+00
1316 0.0000000e+00
1317 0.0000000e+00
1318 0.0000000e+00
1319 0.0000000e+00
1320 5.6436640e-07
1321 5.5707910e-07
1322 4.8263210e-07
1323 3.6849130e-07
1324 2.7642840e-07
1325 2.1123810e-07
1326 1.2722000e-07
1327 8.2713890e-08
1328 4.9522870e-08
1329 2.9909330e-08
1330 0.0000000e+00
1331 0.0000000e+00
1332 0.0000000e+00
1333 0.0000000e+00
1334 0.0000000e+00
1335 1.2316000e-07
1336 1.2470260e-07
1337 1.1168040e-07
1338 8.7213290e-08
1339 6.4823320e-08
1340 5.0327890e-08
1341 3.1739170e-08
1342 2.0557850e-08
1343 1.2150290e-08
1344 7.3162990e-09
1345 0.0000000e+00
1346 0.0000000e+00
1347 0.0000000e+00
1348 0.0000000e+00
1349 0.0000000e+00
1350 2.1443200e-07
1351 2.1786550e-07
1352 1.9605890e-07
1353 1.5373210e-07
1354 1.1420170e-07
1355 8.8663690e-08
1356 5.6507460e-08
1357 3.6392810e-08
1358 2.1501440e-08
1359 1.2961940e-08
1360 0.0000000e+00
1361 0.0000000e+00
1362 0.0000000e+00
1363 0.0000000e+00
1364 0.0000000e+00
1365 2.9622410e-07
1366 3.0138400e-07
1367 2.7173180e-07
1368 2.1341580e-07
1369 1.5850840e-07
1370 1.2305610e-07
1371 7.8756760e-08
1372 5.0604790e-08
1373 2.9896990e-08
1374 1.8030530e-08
1375 0.0000000e+00
1376 0.0000000e+00
1377 0.0000000e+00
1378 0.0000000e+00
1379 0.0000000e+00
1380 3.7688270e-07
1381 3.8373680e-07
1382 3.4635280e-07
1383 2.7226000e-07
1384 2.0219180e-07
1385 1.5696540e-07
1386 1.0068710e-07
1387 6.4614180e-08
1388 3.8172760e-08
1389 2.3026630e-08
1390 0.0000000e+00
1391 0.0000000e+00
1392 0.0000000e+00
1393 0.0000000e+00
1394 0.0000000e+00
1395 4.7560640e-07
1396 4.8452110e-07
1397 4.3766030e-07
1398 3.4428000e-07
1399 2.5565640e-07
1400 1.9846560e-07
1401 1.2752630e-07
1402 8.1760180e-08
1403 4.8300700e-08
1404 2.9141070e-08
1405 0.0000000e+00
1406 0.0000000e+00
1407 0.0000000e+00
1408 0.0000000e+00
1409 0.0000000e+00
1410 1.3876100e-07
1411 1.4445800e-07
1412 1.3449940e-07
1413 1.0876480e-07
1414 8.0753180e-08
1415 6.2344490e-08
1416 4.2886950e-08
1417 2.6327840e-08
1418 1.5701260e-08
1419 9.5020800e-09
1420 0.0000000e+00
1421 0.0000000e+00
1422 0.0000000e+00
1423 0.0000000e+00
1424 0.0000000e+00
1425 2.2126970e-07
1426 2.3081370e-07
1427 2.1552350e-07
1428 1.7481360e-07
1429 1.2986380e-07
1430 1.0013720e-07
1431 6.9349880e-08
1432 4.2375180e-08
1433 2.5354710e-08
1434 1.5331950e-08
1435 0.0000000e+00
1436 0.0000000e+00
1437 0.0000000e+00
1438 0.0000000e+00
1439 0.0000000e+00
1440 3.0205740e-07
1441 3.1536770e-07
1442 2.9484810e-07
1443 2.3946980e-07
1444 1.7793830e-07
1445 1.3713430e-07
1446 9.5245150e-08
1447 5.8083670e-08
1448 3.4802110e-08
1449 2.1037480e-08
1450 0.0000000e+00
1451 0.0000000e+00
1452 0.0000000e+00
1453 0.0000000e+00
1454 0.0000000e+00
1455 4.0090280e-07
1456 4.1880630e-07
1457 3.9188470e-07
1458 3.1856140e-07
1459 2.3674580e-07
1460 1.8239150e-07
1461 1.2692520e-07
1462 7.7300710e-08
1463 4.6359690e-08
1464 2.8017750e-08
1465 0.0000000e+00
1466 0.0000000e+00
1467 0.0000000e+00
1468 0.0000000e+00
1469 0.0000000e+00
1470 7.4852720e-08
1471 7.9462440e-08
1472 7.6096890e-08
1473 6.3417220e-08
1474 4.7423620e-08
1475 3.6145080e-08
1476 2.6431190e-08
1477 1.5601720e-08
1478 9.6561530e-09
1479 5.7837220e-09
1480 0.0000000e+00
1481 0.0000000e+00
1482 0.0000000e+00
1483 0.0000000e+00
1484 0.0000000e+00
1485 1.5633730e-07
1486 1.6650050e-07
1487 1.6020820e-07
1488 1.3426550e-07
1489 1.0063590e-07
1490 7.6505130e-08
1491 5.6423980e-08
1492 3.3219080e-08
1493 2.0735890e-08
1494 1.2386720e-08
1495 0.0000000e+00
1496 0.0000000e+00
1497 0.0000000e+00
1498 0.0000000e+00
1499 0.0000000e+00
1500 2.3707280e-07
1501 2.5277040e-07
1502 2.4362390e-07
1503 2.0458610e-07
1504 1.5347210e-07
1505 1.1656810e-07
1506 8.6219260e-08
1507 5.0725320e-08
1508 3.1756570e-08
1509 1.8952040e-08
1510 0.0000000e+00
1511 0.0000000e+00
1512 0.0000000e+00
1513 0.0000000e+00
1514 0.0000000e+00
1515 3.3560160e-07
1516 3.5804990e-07
1517 3.4541410e-07
1518 2.9038270e-07
1519 2.1794000e-07
1520 1.6544870e-07
1521 1.2257350e-07
1522 7.2086670e-08
1523 4.5201970e-08
1524 2.6962100e-08
1525 0.0000000e+00
1526 0.0000000e+00
1527 0.0000000e+00
1528 0.0000000e+00
1529 0.0000000e+00
1530 9.9666140e-08
1531 1.0800780e-07
1532 1.0660270e-07
1533 9.2151080e-08
1534 7.0117580e-08
1535 5.2609510e-08
1536 4.0269650e-08
1537 2.3791470e-08
1538 1.5430510e-08
1539 9.0885130e-09
1540 5.3083570e-09
1541 0.0000000e+00
1542 0.0000000e+00
1543 0.0000000e+00
1544 0.0000000e+00
1545 1.8048240e-07
1546 1.9592260e-07
1547 1.9385910e-07
1548 1.6812690e-07
1549 1.2819160e-07
1550 9.6073030e-08
1551 7.3706130e-08
1552 4.3705000e-08
1553 2.8395680e-08
1554 1.6699970e-08
1555 9.7417530e-09
1556 0.0000000e+00
1557 0.0000000e+00
1558 0.0000000e+00
1559 0.0000000e+00
1560 2.7844040e-07
1561 3.0247470e-07
1562 2.9960200e-07
1563 2.6019040e-07
1564 1.9855690e-07
1565 1.4873730e-07
1566 1.1421900e-07
1567 6.7831790e-08
1568 4.4103000e-08
1569 2.5921620e-08
1570 1.5113090e-08
1571 0.0000000e+00
1572 0.0000000e+00
1573 0.0000000e+00
1574 0.0000000e+00
1575 1.2894160e-07
1576 1.4223560e-07
1577 1.4407350e-07
1578 1.2889650e-07
1579 1.0043190e-07
1580 7.4614690e-08
1581 5.8038750e-08
1582 3.6120630e-08
1583 2.3424820e-08
1584 1.3598720e-08
1585 7.9380630e-09
1586 0.0000000e+00
1587 0.0000000e+00
1588 0.0000000e+00
1589 0.0000000e+00
1590 2.2614030e-07
1591 2.4968600e-07
1592 2.5325740e-07
1593 2.2700690e-07
1594 1.7714450e-07
1595 1.3156640e-07
1596 1.0235460e-07
1597 6.3960140e-08
1598 4.1404740e-08
1599 2.4023130e-08
1600 1.4036130e-08
1601 0.0000000e+00
1602 0.0000000e+00
1603 0.0000000e+00
1604 0.0000000e+00
1605 6.3531970e-05
1606 4.8062630e-05
1607 3.6600680e-05
1608 2.6265080e-05
1609 1.6367260e-05
1610 1.0442670e-05
1611 6.5009330e-06
1612 0.0000000e+00
1613 0.0000000e+00
1614 0.0000000e+00
1615 0.0000000e+00
1616 0.0000000e+00
1617 0.0000000e+00
1618 0.0000000e+00
1619 0.0000000e+00
1620 5.0209480e-05
1621 4.1673240e-05
1622 3.1243830e-05
1623 2.3857240e-05
1624 1.7322530e-05
1625 1.0493760e-05
1626 6.6364850e-06
1627 4.1077410e-06
1628 0.0000000e+00
1629 0.0000000e+00
1630 0.0000000e+00
1631 0.0000000e+00
1632 0.0000000e+00
1633 0.0000000e+00
1634 0.0000000e+00
1635 4.0586940e-05
1636 3.6469340e-05
1637 2.8589250e-05
1638 2.1252400e-05
1639 1.6506730e-05
1640 1.0566940e-05
1641 6.8449960e-06
1642 4.1030290e-06
1643 2.5266320e-06
1644 0.0000000e+00
1645 0.0000000e+00
1646 0.0000000e+00
1647 0.0000000e+00
1648 0.0000000e+00
1649 0.0000000e+00
1650 3.2820190e-05
1651 3.1149970e-05
1652 2.5731450e-05
1653 1.9200420e-05
1654 1.4691540e-05
1655 1.0602520e-05
1656 6.3539530e-06
1657 3.9379370e-06
1658 2.4137350e-06
1659 0.0000000e+00
1660 0.0000000e+00
1661 0.0000000e+00
1662 0.0000000e+00
1663 0.0000000e+00
1664 0.0000000e+00
1665 2.6947430e-05
1666 2.6640750e-05
1667 2.3104520e-05
1668 1.7624420e-05
1669 1.3206220e-05
1670 1.0141930e-05
1671 6.0572650e-06
1672 3.9701710e-06
1673 2.3763200e-06
1674 1.4280870e-06
1675 0.0000000e+00
1676 0.0000000e+00
1677 0.0000000e+00
1678 0.0000000e+00
1679 0.0000000e+00
1680 2.2794630e-05
1681 2.3254110e-05
1682 2.1033840e-05
1683 1.6546080e-05
1684 1.2271180e-05
1685 9.5488170e-06
1686 6.1278260e-06
1687 3.9476180e-06
1688 2.3235890e-06
1689 1.4028210e-06
1690 0.0000000e+00
1691 0.0000000e+00
1692 0.0000000e+00
1693 0.0000000e+00
1694 0.0000000e+00
1695 1.9476050e-05
1696 2.0368970e-05
1697 1.9085690e-05
1698 1.5523620e-05
1699 1.1525980e-05
1700 8.8836170e-06
1701 6.2003280e-06
1702 3.7654560e-06
1703 2.2494210e-06
1704 1.3624160e-06
1705 0.0000000e+00
1706 0.0000000e+00
1707 0.0000000e+00
1708 0.0000000e+00
1709 0.0000000e+00
1710 1.6699910e-05
1711 1.7837480e-05
1712 1.7234000e-05
1713 1.4505290e-05
1714 1.0882450e-05
1715 8.2562180e-06
1716 6.1420630e-06
1717 3.5917200e-06
1718 2.2566550e-06
1719 1.3454450e-06
1720 0.0000000e+00
1721 0.0000000e+00
1722 0.0000000e+00
1723 0.0000000e+00
1724 0.0000000e+00
1725 1.4531670e-05
1726 1.5800600e-05
1727 1.5670280e-05
1728 1.3625490e-05
1729 1.0398230e-05
1730 7.7827120e-06
1731 5.9940990e-06
1732 3.5473660e-06
1733 2.3179960e-06
1734 1.3621790e-06
1735 7.9079160e-07
1736 0.0000000e+00
1737 0.0000000e+00
1738 0.0000000e+00
1739 0.0000000e+00
1740 1.2416260e-05
1741 1.3722440e-05
1742 1.3937630e-05
1743 1.2512980e-05
1744 9.7713810e-06
1745 7.2514090e-06
1746 5.6500030e-06
1747 3.5330400e-06
1748 2.2933900e-06
1749 1.3286340e-06
1750 7.7616100e-07
1751 0.0000000e+00
1752 0.0000000e+00
1753 0.0000000e+00
1754 0.0000000e+00
1755 1.3320690e-06
1756 1.0168290e-06
1757 7.6887680e-07
1758 5.5202890e-07
1759 3.4940940e-07
1760 2.2232310e-07
1761 1.3831770e-07
1762 0.0000000e+00
1763 0.0000000e+00
1764 0.0000000e+00
1765 0.0000000e+00
1766 0.0000000e+00
1767 0.0000000e+00
1768 0.0000000e+00
1769 0.0000000e+00
1770 1.1878030e-06
1771 9.8784420e-07
1772 7.4401560e-07
1773 5.6693120e-07
1774 4.0984600e-07
1775 2.5128850e-07
1776 1.5931320e-07
1777 9.8245810e-08
1778 0.0000000e+00
1779 0.0000000e+00
1780 0.0000000e+00
1781 0.0000000e+00
1782 0.0000000e+00
1783 0.0000000e+00
1784 0.0000000e+00
1785 1.0454600e-06
1786 9.3947160e-07
1787 7.3827280e-07
1788 5.5005210e-07
1789 4.2498340e-07
1790 2.7455220e-07
1791 1.7584710e-07
1792 1.0605270e-07
1793 6.5367130e-08
1794 0.0000000e+00
1795 0.0000000e+00
1796 0.0000000e+00
1797 0.0000000e+00
1798 0.0000000e+00
1799 0.0000000e+00
1800 9.2738590e-07
1801 8.7988450e-07
1802 7.2755360e-07
1803 5.4411890e-07
1804 4.1596030e-07
1805 2.9937780e-07
1806 1.8060170e-07
1807 1.1243870e-07
1808 6.8741320e-08
1809 0.0000000e+00
1810 0.0000000e+00
1811 0.0000000e+00
1812 0.0000000e+00
1813 0.0000000e+00
1814 0.0000000e+00
1815 8.2603710e-07
1816 8.1624920e-07
1817 7.0802740e-07
1818 5.4098720e-07
1819 4.0568260e-07
1820 3.1028190e-07
1821 1.8708310e-07
1822 1.2167610e-07
1823 7.2813120e-08
1824 4.3961340e-08
1825 0.0000000e+00
1826 0.0000000e+00
1827 0.0000000e+00
1828 0.0000000e+00
1829 0.0000000e+00
1830 7.3925510e-07
1831 7.5388380e-07
1832 6.8177320e-07
1833 5.3680480e-07
1834 3.9859170e-07
1835 3.0942700e-07
1836 1.9928610e-07
1837 1.2760620e-07
1838 7.5382040e-08
1839 4.5491530e-08
1840 0.0000000e+00
1841 0.0000000e+00
1842 0.0000000e+00
1843 0.0000000e+00
1844 0.0000000e+00
1845 6.6506160e-07
1846 6.9535310e-07
1847 6.5137750e-07
1848 5.3008140e-07
1849 3.9403470e-07
1850 3.0344190e-07
1851 2.1165070e-07
1852 1.2869540e-07
1853 7.7271550e-08
1854 4.6686820e-08
1855 0.0000000e+00
1856 0.0000000e+00
1857 0.0000000e+00
1858 0.0000000e+00
1859 0.0000000e+00
1860 5.9903560e-07
1861 6.3964810e-07
1862 6.1771840e-07
1863 5.1993100e-07
1864 3.9041480e-07
1865 2.9623660e-07
1866 2.1982250e-07
1867 1.2923210e-07
1868 8.1169980e-08
1869 4.8390180e-08
1870 0.0000000e+00
1871 0.0000000e+00
1872 0.0000000e+00
1873 0.0000000e+00
1874 0.0000000e+00
1875 5.4045100e-07
1876 5.8758280e-07
1877 5.8258250e-07
1878 5.0656670e-07
1879 3.8686760e-07
1880 2.8968940e-07
1881 2.2263190e-07
1882 1.3240110e-07
1883 8.6132860e-08
1884 5.0597310e-08
1885 2.9487590e-08
1886 0.0000000e+00
1887 0.0000000e+00
1888 0.0000000e+00
1889 0.0000000e+00
1890 4.8601840e-07
1891 5.3705510e-07
1892 5.4527590e-07
1893 4.8938240e-07
1894 3.8229200e-07
1895 2.8388010e-07
1896 2.2086570e-07
1897 1.3839430e-07
1898 8.9474130e-08
1899 5.1894230e-08
1900 3.0340720e-08
1901 0.0000000e+00
1902 0.0000000e+00
1903 0.0000000e+00
1904 0.0000000e+00
1905 6.1188260e-09
1906 4.3127970e-09
1907 2.9183220e-09
1908 1.9013270e-09
1909 1.2344730e-09
1910 8.1349100e-10
1911 5.4811540e-10
1912 3.7667300e-10
1913 2.6020860e-10
1914 1.7719950e-10
1915 1.1679680e-10
1916 7.3500350e-11
1917 4.3818000e-11
1918 2.4712490e-11
1919 1.3245700e-11
1920 1.5213920e-08
1921 1.1155140e-08
1922 7.8920280e-09
1923 5.3367580e-09
1924 3.4403110e-09
1925 2.2164890e-09
1926 1.4436030e-09
1927 9.6427060e-10
1928 6.5891270e-10
1929 4.5459980e-10
1930 3.1017160e-10
1931 2.0531590e-10
1932 1.2990190e-10
1933 7.7829610e-11
1934 4.4088290e-11
1935 2.3180860e-08
1936 1.7499970e-08
1937 1.2638610e-08
1938 8.8108110e-09
1939 5.8181070e-09
1940 3.7100850e-09
1941 2.3890610e-09
1942 1.5591200e-09
1943 1.0449410e-09
1944 7.1453160e-10
1945 4.9028030e-10
1946 3.3075400e-10
1947 2.1546700e-10
1948 1.3380480e-10
1949 7.8663860e-11
1950 3.1109470e-08
1951 2.4170660e-08
1952 1.7772010e-08
1953 1.2606160e-08
1954 8.5534180e-09
1955 5.4827300e-09
1956 3.5038840e-09
1957 2.2509720e-09
1958 1.4821610e-09
1959 1.0001940e-09
1960 6.8382160e-10
1961 4.6471120e-10
1962 3.0790010e-10
1963 1.9585720e-10
1964 1.1842730e-10
1965 3.9478820e-08
1966 3.1549990e-08
1967 2.3652910e-08
1968 1.6997610e-08
1969 1.1777770e-08
1970 7.6929650e-09
1971 4.8718280e-09
1972 3.1110590e-09
1973 2.0153520e-09
1974 1.3390850e-09
1975 9.0768960e-10
1976 6.1734140e-10
1977 4.1311520e-10
1978 2.6738810e-10
1979 1.6535860e-10
1980 4.8240910e-08
1981 3.9600740e-08
1982 3.0335460e-08
1983 2.2078540e-08
1984 1.5522140e-08
1985 1.0369610e-08
1986 6.5620530e-09
1987 4.1754350e-09
1988 2.6647210e-09
1989 1.7443750e-09
1990 1.1689370e-09
1991 7.9185630e-10
1992 5.3231780e-10
1993 3.4873700e-10
1994 2.1955640e-10
1995 5.7721360e-08
1996 4.8620020e-08
1997 3.8114290e-08
1998 2.8158110e-08
1999 2.0026400e-08
2000 1.3655540e-08
2001 8.7411160e-09
2002 5.5193170e-09
2003 3.4902050e-09
2004 2.2520330e-09
2005 1.4882550e-09
2006 1.0001890e-09
2007 6.7239490e-10
2008 4.4396800e-10
2009 2.8351850e-10
2010 6.8562380e-08
2011 5.9270020e-08
2012 4.7649390e-08
2013 3.5866420e-08
2014 2.5806150e-08
2015 1.7900450e-08
2016 1.1696530e-08
2017 7.3368880e-09
2018 4.6258320e-09
2019 2.9384440e-09
2020 1.9094350e-09
2021 1.2678120e-09
2022 8.4840580e-10
2023 5.6222840e-10
2024 3.6299360e-10
2025 8.2263320e-08
2026 7.3157510e-08
2027 6.0591470e-08
2028 4.6763610e-08
2029 3.4174880e-08
2030 2.4071160e-08
2031 1.6140840e-08
2032 1.0180730e-08
2033 6.3874750e-09
2034 3.9954470e-09
2035 2.5491820e-09
2036 1.6622570e-09
2037 1.0999900e-09
2038 7.2750200e-10
2039 4.7301180e-10
2040 1.0481100e-07
2041 9.6856530e-08
2042 8.3724380e-08
2043 6.7360830e-08
2044 5.0761830e-08
2045 3.6506490e-08
2046 2.5245010e-08
2047 1.6450760e-08
2048 1.0247140e-08
2049 6.3602240e-09
2050 3.9502920e-09
2051 2.4970270e-09
2052 1.6086460e-09
2053 1.0470310e-09
2054 6.7890160e-10
2055 2.1070890e-07
2056 2.1582470e-07
2057 2.1015880e-07
2058 1.9266440e-07
2059 1.6489070e-07
2060 1.3117480e-07
2061 9.7733030e-08
2062 6.9561830e-08
2063 4.7494870e-08
2064 3.0163110e-08
2065 1.8231730e-08
2066 1.0838480e-08
2067 6.3622900e-09
2068 3.7323050e-09
2069 2.2090400e-09
