0 3.186575e-09
1 2.336913e-09
2 1.667049e-09
3 1.168113e-09
4 8.105902e-10
5 5.597077e-10
6 3.830581e-10
7 2.564367e-10
8 1.684203e-10
9 1.086157e-10
10 6.838028e-11
11 4.201026e-11
12 2.522959e-11
13 1.486521e-11
14 8.620516e-12
15 4.208903e-09
16 2.999447e-09
17 2.065613e-09
18 1.389661e-09
19 9.298523e-10
20 6.269182e-10
21 4.261616e-10
22 2.897437e-10
23 1.955030e-10
24 1.296939e-10
25 8.351656e-11
26 5.180108e-11
27 3.084675e-11
28 1.765385e-11
29 9.764194e-12
30 5.076575e-09
31 3.641692e-09
32 2.520052e-09
33 1.699883e-09
34 1.128958e-09
35 7.522530e-10
36 5.064008e-10
37 3.427338e-10
38 2.317840e-10
39 1.550244e-10
40 1.011385e-10
41 6.372719e-11
42 3.855933e-11
43 2.236431e-11
44 1.246622e-11
45 5.609257e-09
46 4.024542e-09
47 2.773465e-09
48 1.864251e-09
49 1.231601e-09
50 8.078284e-10
51 5.383983e-10
52 3.629026e-10
53 2.463049e-10
54 1.660604e-10
55 1.095579e-10
56 6.986860e-11
57 4.272622e-11
58 2.497359e-11
59 1.395013e-11
60 6.299679e-09
61 4.583486e-09
62 3.190912e-09
63 2.163752e-09
64 1.442990e-09
65 9.441916e-10
66 6.242129e-10
67 4.170135e-10
68 2.812203e-10
69 1.892459e-10
70 1.253314e-10
71 8.069675e-11
72 5.005675e-11
73 2.977346e-11
74 1.694991e-11
75 7.015868e-09
76 5.191229e-09
77 3.663704e-09
78 2.509756e-09
79 1.692602e-09
80 1.113906e-09
81 7.301563e-10
82 4.843435e-10
83 3.236698e-10
84 2.165848e-10
85 1.434835e-10
86 9.298260e-11
87 5.838457e-11
88 3.531649e-11
89 2.051086e-11
90 7.753399e-09
91 5.840639e-09
92 4.186389e-09
93 2.899994e-09
94 1.976206e-09
95 1.313733e-09
96 8.566138e-10
97 5.645339e-10
98 3.733046e-10
99 2.480806e-10
100 1.639663e-10
101 1.066442e-10
102 6.761756e-11
103 4.151237e-11
104 2.456284e-11
105 8.544266e-09
106 6.561172e-09
107 4.788633e-09
108 3.361024e-09
109 2.313742e-09
110 1.556486e-09
111 1.016235e-09
112 6.639460e-10
113 4.348603e-10
114 2.864670e-10
115 1.884052e-10
116 1.226646e-10
117 7.834170e-11
118 4.871738e-11
119 2.932745e-11
120 9.473302e-09
121 7.436295e-09
122 5.546625e-09
123 3.960580e-09
124 2.758500e-09
125 1.879459e-09
126 1.238177e-09
127 8.014066e-10
128 5.210237e-10
129 3.391281e-10
130 2.212031e-10
131 1.436598e-10
132 9.215964e-11
133 5.793638e-11
134 3.544695e-11
135 1.058727e-08
136 8.556913e-09
137 6.585722e-09
138 4.834383e-09
139 3.431707e-09
140 2.376153e-09
141 1.594566e-09
142 1.031805e-09
143 6.633668e-10
144 4.251383e-10
145 2.731925e-10
146 1.756986e-10
147 1.125257e-10
148 7.125405e-11
149 4.426927e-11
150 6.291321e-09
151 4.477073e-09
152 3.061786e-09
153 2.014898e-09
154 1.318644e-09
155 8.722092e-10
156 5.876165e-10
157 4.018891e-10
158 2.758628e-10
159 1.871104e-10
160 1.231696e-10
161 7.770723e-11
162 4.663215e-11
163 2.658554e-11
164 1.446367e-11
165 7.755332e-09
166 5.564113e-09
167 3.841964e-09
168 2.541563e-09
169 1.653844e-09
170 1.085161e-09
171 7.244063e-10
172 4.927148e-10
173 3.382555e-10
174 2.308128e-10
175 1.536174e-10
176 9.829419e-11
177 5.988862e-11
178 3.462367e-11
179 1.904233e-11
180 8.593181e-09
181 6.180858e-09
182 4.276250e-09
183 2.832600e-09
184 1.837204e-09
185 1.197427e-09
186 7.944938e-10
187 5.385816e-10
188 3.700566e-10
189 2.534708e-10
190 1.698189e-10
191 1.094971e-10
192 6.723318e-11
193 3.912908e-11
194 2.161213e-11
195 9.393486e-09
196 6.798607e-09
197 4.729184e-09
198 3.147646e-09
199 2.047298e-09
200 1.332079e-09
201 8.799255e-10
202 5.939105e-10
203 4.069784e-10
204 2.787547e-10
205 1.872442e-10
206 1.213720e-10
207 7.506570e-11
208 4.405958e-11
209 2.455322e-11
210 1.011297e-08
211 7.369856e-09
212 5.157838e-09
213 3.450044e-09
214 2.253943e-09
215 1.468617e-09
216 9.661433e-10
217 6.496832e-10
218 4.434267e-10
219 3.031650e-10
220 2.038377e-10
221 1.326127e-10
222 8.251342e-11
223 4.881768e-11
224 2.745866e-11
225 1.078151e-08
226 7.915302e-09
227 5.577522e-09
228 3.752067e-09
229 2.462357e-09
230 1.610502e-09
231 1.056379e-09
232 7.076677e-10
233 4.806914e-10
234 3.276856e-10
235 2.202433e-10
236 1.436356e-10
237 8.982754e-11
238 5.354135e-11
239 3.039989e-11
240 1.144109e-08
241 8.469267e-09
242 6.016476e-09
243 4.074888e-09
244 2.688610e-09
245 1.767805e-09
246 1.159151e-09
247 7.727712e-10
248 5.222645e-10
249 3.544883e-10
250 2.378296e-10
251 1.552970e-10
252 9.753891e-11
253 5.855727e-11
254 3.357295e-11
255 1.216306e-08
256 9.093855e-09
257 6.528731e-09
258 4.463463e-09
259 2.965535e-09
260 1.963379e-09
261 1.291697e-09
262 8.560975e-10
263 5.754517e-10
264 3.881316e-10
265 2.593882e-10
266 1.693164e-10
267 1.067123e-10
268 6.452496e-11
269 3.739083e-11
270 1.286353e-08
271 9.759787e-09
272 7.123614e-09
273 4.951607e-09
274 3.334402e-09
275 2.231492e-09
276 1.482353e-09
277 9.799133e-10
278 6.525508e-10
279 4.353587e-10
280 2.883958e-10
281 1.874008e-10
282 1.182317e-10
283 7.198735e-11
284 4.224800e-11
285 1.003902e-08
286 7.279981e-09
287 5.091583e-09
288 3.407502e-09
289 2.206760e-09
290 1.436780e-09
291 9.477768e-10
292 6.389513e-10
293 4.374821e-10
294 2.999539e-10
295 2.019729e-10
296 1.313808e-10
297 8.157006e-11
298 4.804070e-11
299 2.683670e-11
300 1.146149e-08
301 8.355352e-09
302 5.869987e-09
303 3.951599e-09
304 2.557634e-09
305 1.655014e-09
306 1.084492e-09
307 7.270891e-10
308 4.969657e-10
309 3.414768e-10
310 2.313099e-10
311 1.517531e-10
312 9.514823e-11
313 5.658634e-11
314 3.187274e-11
315 1.274379e-08
316 9.349601e-09
317 6.603901e-09
318 4.473165e-09
319 2.904790e-09
320 1.875388e-09
321 1.223874e-09
322 8.165075e-10
323 5.562057e-10
324 3.819659e-10
325 2.594145e-10
326 1.711072e-10
327 1.080879e-10
328 6.483278e-11
329 3.683275e-11
330 1.384276e-08
331 1.021538e-08
332 7.251129e-09
333 4.936361e-09
334 3.216920e-09
335 2.077375e-09
336 1.351290e-09
337 8.982758e-10
338 6.098721e-10
339 4.181257e-10
340 2.842886e-10
341 1.881726e-10
342 1.195092e-10
343 7.216309e-11
344 4.129840e-11
345 1.481905e-08
346 1.099738e-08
347 7.844365e-09
348 5.364717e-09
349 3.508299e-09
350 2.269672e-09
351 1.473030e-09
352 9.763109e-10
353 6.604227e-10
354 4.518570e-10
355 3.072379e-10
356 2.038187e-10
357 1.299715e-10
358 7.891707e-11
359 4.546113e-11
360 1.574261e-08
361 1.175090e-08
362 8.427884e-09
363 5.792179e-09
364 3.802163e-09
365 2.467206e-09
366 1.600672e-09
367 1.057212e-09
368 7.124880e-10
369 4.861447e-10
370 3.302187e-10
371 2.193303e-10
372 1.403241e-10
373 8.563256e-11
374 4.964715e-11
375 1.671334e-08
376 1.256123e-08
377 9.070625e-09
378 6.273327e-09
379 4.138163e-09
380 2.696541e-09
381 1.753217e-09
382 1.153292e-09
383 7.743610e-10
384 5.260684e-10
385 3.564511e-10
386 2.367554e-10
387 1.518527e-10
388 9.311376e-11
389 5.435497e-11
390 1.756582e-08
391 1.333040e-08
392 9.729582e-09
393 6.801969e-09
394 4.528001e-09
395 2.972854e-09
396 1.945841e-09
397 1.278004e-09
398 8.525004e-10
399 5.747832e-10
400 3.870437e-10
401 2.562538e-10
402 1.644498e-10
403 1.012824e-10
404 5.959564e-11
405 1.343298e-08
406 9.881885e-09
407 6.995852e-09
408 4.758920e-09
409 3.093329e-09
410 1.991945e-09
411 1.298069e-09
412 8.637800e-10
413 5.873604e-10
414 4.032951e-10
415 2.743792e-10
416 1.815620e-10
417 1.151555e-10
418 6.938138e-11
419 3.957722e-11
420 1.520958e-08
421 1.128018e-08
422 8.035055e-09
423 5.508527e-09
424 3.601439e-09
425 2.312408e-09
426 1.501280e-09
427 9.927499e-10
428 6.718570e-10
429 4.605963e-10
430 3.140606e-10
431 2.090155e-10
432 1.336899e-10
433 8.134951e-11
434 4.688589e-11
435 1.666953e-08
436 1.243357e-08
437 8.894249e-09
438 6.128833e-09
439 4.024258e-09
440 2.579500e-09
441 1.670725e-09
442 1.100189e-09
443 7.420870e-10
444 5.080617e-10
445 3.468723e-10
446 2.317032e-10
447 1.490124e-10
448 9.126491e-11
449 5.295821e-11
450 1.790342e-08
451 1.340931e-08
452 9.623100e-09
453 6.655588e-09
454 4.383081e-09
455 2.807189e-09
456 1.815184e-09
457 1.191762e-09
458 8.019427e-10
459 5.483656e-10
460 3.747024e-10
461 2.509482e-10
462 1.619906e-10
463 9.966815e-11
464 5.811044e-11
465 1.900713e-08
466 1.428541e-08
467 1.027767e-08
468 7.129697e-09
469 4.706153e-09
470 3.012767e-09
471 1.945842e-09
472 1.274680e-09
473 8.559238e-10
474 5.847288e-10
475 3.997608e-10
476 2.682191e-10
477 1.736628e-10
478 1.072261e-10
479 6.275193e-11
480 2.009950e-08
481 1.515461e-08
482 1.093048e-08
483 7.603128e-09
484 5.029583e-09
485 3.219020e-09
486 2.077718e-09
487 1.358169e-09
488 9.103253e-10
489 6.212541e-10
490 4.248884e-10
491 2.855197e-10
492 1.853305e-10
493 1.147835e-10
494 6.739722e-11
495 2.090444e-08
496 1.581245e-08
497 1.143542e-08
498 7.979124e-09
499 5.292413e-09
500 3.388457e-09
501 2.187249e-09
502 1.427237e-09
503 9.546507e-10
504 6.505295e-10
505 4.446898e-10
506 2.990774e-10
507 1.945054e-10
508 1.208008e-10
509 7.116789e-11
510 1.763890e-08
511 1.323556e-08
512 9.505481e-09
513 6.579623e-09
514 4.345676e-09
515 2.784565e-09
516 1.800636e-09
517 1.181006e-09
518 7.934409e-10
519 5.418379e-10
520 3.699203e-10
521 2.477004e-10
522 1.600271e-10
523 9.861338e-11
524 5.762292e-11
525 1.971775e-08
526 1.492675e-08
527 1.078520e-08
528 7.513072e-09
529 4.999354e-09
530 3.203978e-09
531 2.065457e-09
532 1.346973e-09
533 9.003720e-10
534 6.128986e-10
535 4.185374e-10
536 2.813093e-10
537 1.829464e-10
538 1.137044e-10
539 6.707440e-11
540 2.147460e-08
541 1.635806e-08
542 1.186880e-08
543 8.304139e-09
544 5.553952e-09
545 3.560192e-09
546 2.289978e-09
547 1.488029e-09
548 9.909562e-10
549 6.731040e-10
550 4.597059e-10
551 3.097602e-10
552 2.023499e-10
553 1.264879e-10
554 7.508737e-11
555 2.303642e-08
556 1.763028e-08
557 1.283292e-08
558 9.007915e-09
559 6.046703e-09
560 3.876998e-09
561 2.490000e-09
562 1.613535e-09
563 1.071579e-09
564 7.266042e-10
565 4.962925e-10
566 3.350404e-10
567 2.196078e-10
568 1.378575e-10
569 8.220719e-11
570 2.457016e-08
571 1.887919e-08
572 1.377858e-08
573 9.697967e-09
574 6.529973e-09
575 4.187520e-09
576 2.685410e-09
577 1.736452e-09
578 1.150632e-09
579 7.791002e-10
580 5.322021e-10
581 3.598677e-10
582 2.365232e-10
583 1.489914e-10
584 8.919187e-11
585 2.574832e-08
586 1.985781e-08
587 1.452776e-08
588 1.025053e-08
589 6.923405e-09
590 4.441534e-09
591 2.844612e-09
592 1.835628e-09
593 1.213701e-09
594 8.205936e-10
595 5.604741e-10
596 3.794803e-10
597 2.500279e-10
598 1.580078e-10
599 9.492981e-11
600 2.249882e-08
601 1.724955e-08
602 1.257224e-08
603 8.827101e-09
604 5.936107e-09
605 3.818182e-09
606 2.450592e-09
607 1.588331e-09
608 1.053412e-09
609 7.131093e-10
610 4.863284e-10
611 3.280027e-10
612 2.149348e-10
613 1.350161e-10
614 8.065006e-11
615 2.493277e-08
616 1.929820e-08
617 1.415901e-08
618 9.996633e-09
619 6.772830e-09
620 4.372679e-09
621 2.796967e-09
622 1.806022e-09
623 1.191048e-09
624 8.026854e-10
625 5.466539e-10
626 3.694347e-10
627 2.433119e-10
628 1.539653e-10
629 9.276903e-11
630 2.710111e-08
631 2.112556e-08
632 1.557505e-08
633 1.104045e-08
634 7.518983e-09
635 4.867540e-09
636 3.106291e-09
637 2.000628e-09
638 1.313938e-09
639 8.826712e-10
640 6.004961e-10
641 4.064119e-10
642 2.686364e-10
643 1.708786e-10
644 1.035909e-10
645 2.923109e-08
646 2.291895e-08
647 1.696446e-08
648 1.206451e-08
649 8.250985e-09
650 5.353238e-09
651 3.409527e-09
652 2.191420e-09
653 1.434542e-09
654 9.611977e-10
655 6.533185e-10
656 4.426908e-10
657 2.934836e-10
658 1.874726e-10
659 1.142077e-10
660 3.097174e-08
661 2.441670e-08
662 1.814022e-08
663 1.293888e-08
664 8.884201e-09
665 5.776942e-09
666 3.673534e-09
667 2.356561e-09
668 1.537823e-09
669 1.027688e-09
670 6.978285e-10
671 4.732727e-10
672 3.145866e-10
673 2.017274e-10
674 1.234458e-10
675 2.813319e-08
676 2.206840e-08
677 1.635101e-08
678 1.162766e-08
679 7.952421e-09
680 5.175688e-09
681 3.298710e-09
682 2.122100e-09
683 1.388211e-09
684 9.291620e-10
685 6.305617e-10
686 4.265953e-10
687 2.824748e-10
688 1.803345e-10
689 1.098829e-10
690 3.107261e-08
691 2.462729e-08
692 1.838800e-08
693 1.314895e-08
694 9.054265e-09
695 5.930670e-09
696 3.772856e-09
697 2.420467e-09
698 1.573862e-09
699 1.047801e-09
700 7.089629e-10
701 4.798175e-10
702 3.188864e-10
703 2.048674e-10
704 1.258472e-10
705 3.395885e-08
706 2.713987e-08
707 2.038861e-08
708 1.464280e-08
709 1.013577e-08
710 6.671666e-09
711 4.238208e-09
712 2.713214e-09
713 1.755962e-09
714 1.164147e-09
715 7.859123e-10
716 5.320732e-10
717 3.546365e-10
718 2.289555e-10
719 1.415225e-10
720 3.644919e-08
721 2.935709e-08
722 2.218109e-08
723 1.599240e-08
724 1.112358e-08
725 7.356482e-09
726 4.667554e-09
727 2.982661e-09
728 1.922135e-09
729 1.269218e-09
730 8.548479e-10
731 5.787656e-10
732 3.867146e-10
733 2.507643e-10
734 1.558785e-10
735 3.493008e-08
736 2.808352e-08
737 2.121360e-08
738 1.528950e-08
739 1.061668e-08
740 7.027384e-09
741 4.472732e-09
742 2.858566e-09
743 1.844281e-09
744 1.218178e-09
745 8.197261e-10
746 5.540439e-10
747 3.694271e-10
748 2.390659e-10
749 1.483667e-10
750 3.881383e-08
751 3.158218e-08
752 2.409211e-08
753 1.747754e-08
754 1.221718e-08
755 8.154231e-09
756 5.196835e-09
757 3.310857e-09
758 2.124084e-09
759 1.393906e-09
760 9.334503e-10
761 6.299608e-10
762 4.209888e-10
763 2.739328e-10
764 1.713571e-10
765 4.234336e-08
766 3.483272e-08
767 2.680602e-08
768 1.956158e-08
769 1.375407e-08
770 9.249273e-09
771 5.903655e-09
772 3.750280e-09
773 2.394161e-09
774 1.562102e-09
775 1.041296e-09
776 7.016318e-10
777 4.697290e-10
778 3.071077e-10
779 1.934473e-10
780 4.403135e-08
781 3.643178e-08
782 2.820805e-08
783 2.068524e-08
784 1.458293e-08
785 9.851087e-09
786 6.324248e-09
787 4.008515e-09
788 2.556913e-09
789 1.661627e-09
790 1.102975e-09
791 7.409531e-10
792 4.955019e-10
793 3.242517e-10
794 2.048169e-10
795 4.914723e-08
796 4.132315e-08
797 3.245927e-08
798 2.405127e-08
799 1.709279e-08
800 1.167246e-08
801 7.554612e-09
802 4.768801e-09
803 3.028390e-09
804 1.949685e-09
805 1.282937e-09
806 8.573546e-10
807 5.731622e-10
808 3.767593e-10
809 2.399891e-10
810 5.698389e-08
811 4.913701e-08
812 3.958626e-08
813 2.993955e-08
814 2.158076e-08
815 1.497078e-08
816 9.882191e-09
817 6.244898e-09
818 3.942293e-09
819 2.501026e-09
820 1.619191e-09
821 1.067686e-09
822 7.091816e-10
823 4.669448e-10
824 3.001888e-10
825 5.405874e-07
826 4.086462e-07
827 3.097218e-07
828 2.150580e-07
829 1.351628e-07
830 8.554895e-08
831 5.365591e-08
832 0.000000e+00
833 0.000000e+00
834 0.000000e+00
835 0.000000e+00
836 0.000000e+00
837 0.000000e+00
838 0.000000e+00
839 0.000000e+00
840 6.683065e-07
841 5.058348e-07
842 3.833498e-07
843 2.681815e-07
844 1.685180e-07
845 1.068347e-07
846 6.688941e-08
847 0.000000e+00
848 0.000000e+00
849 0.000000e+00
850 0.000000e+00
851 0.000000e+00
852 0.000000e+00
853 0.000000e+00
854 0.000000e+00
855 7.715032e-07
856 5.844051e-07
857 4.428679e-07
858 3.110869e-07
859 1.954999e-07
860 1.240457e-07
861 7.758925e-08
862 0.000000e+00
863 0.000000e+00
864 0.000000e+00
865 0.000000e+00
866 0.000000e+00
867 0.000000e+00
868 0.000000e+00
869 0.000000e+00
870 8.546238e-07
871 6.476857e-07
872 4.908050e-07
873 3.456661e-07
874 2.172364e-07
875 1.378991e-07
876 8.620206e-08
877 0.000000e+00
878 0.000000e+00
879 0.000000e+00
880 0.000000e+00
881 0.000000e+00
882 0.000000e+00
883 0.000000e+00
884 0.000000e+00
885 9.244159e-07
886 7.008198e-07
887 5.310168e-07
888 3.747010e-07
889 2.354658e-07
890 1.495394e-07
891 9.343886e-08
892 0.000000e+00
893 0.000000e+00
894 0.000000e+00
895 0.000000e+00
896 0.000000e+00
897 0.000000e+00
898 0.000000e+00
899 0.000000e+00
900 9.865565e-07
901 7.480556e-07
902 5.668368e-07
903 4.005444e-07
904 2.517083e-07
905 1.599002e-07
906 9.988017e-08
907 0.000000e+00
908 0.000000e+00
909 0.000000e+00
910 0.000000e+00
911 0.000000e+00
912 0.000000e+00
913 0.000000e+00
914 0.000000e+00
915 1.047572e-06
916 7.944993e-07
917 6.020207e-07
918 4.259279e-07
919 2.676619e-07
920 1.700768e-07
921 1.062071e-07
922 0.000000e+00
923 0.000000e+00
924 0.000000e+00
925 0.000000e+00
926 0.000000e+00
927 0.000000e+00
928 0.000000e+00
929 0.000000e+00
930 1.089735e-06
931 8.267280e-07
932 6.264196e-07
933 4.436928e-07
934 2.788337e-07
935 1.772159e-07
936 1.106363e-07
937 0.000000e+00
938 0.000000e+00
939 0.000000e+00
940 0.000000e+00
941 0.000000e+00
942 0.000000e+00
943 0.000000e+00
944 0.000000e+00
945 3.780228e-07
946 3.037737e-07
947 2.271033e-07
948 1.745224e-07
949 1.189738e-07
950 7.447073e-08
951 4.612584e-08
952 2.874954e-08
953 0.000000e+00
954 0.000000e+00
955 0.000000e+00
956 0.000000e+00
957 0.000000e+00
958 0.000000e+00
959 0.000000e+00
960 5.079284e-07
961 4.101007e-07
962 3.068157e-07
963 2.355432e-07
964 1.620121e-07
965 1.010238e-07
966 6.277882e-08
967 3.907504e-08
968 0.000000e+00
969 0.000000e+00
970 0.000000e+00
971 0.000000e+00
972 0.000000e+00
973 0.000000e+00
974 0.000000e+00
975 6.127826e-07
976 4.959661e-07
977 3.712063e-07
978 2.848257e-07
979 1.967810e-07
980 1.224816e-07
981 7.623717e-08
982 4.741915e-08
983 0.000000e+00
984 0.000000e+00
985 0.000000e+00
986 0.000000e+00
987 0.000000e+00
988 0.000000e+00
989 0.000000e+00
990 7.007607e-07
991 5.680060e-07
992 4.252275e-07
993 3.261742e-07
994 2.259522e-07
995 1.404802e-07
996 8.752962e-08
997 5.441796e-08
998 0.000000e+00
999 0.000000e+00
1000 0.000000e+00
1001 0.000000e+00
1002 0.000000e+00
1003 0.000000e+00
1004 0.000000e+00
1005 7.790450e-07
1006 6.321077e-07
1007 4.732959e-07
1008 3.629656e-07
1009 2.519088e-07
1010 1.564989e-07
1011 9.757768e-08
1012 6.064685e-08
1013 0.000000e+00
1014 0.000000e+00
1015 0.000000e+00
1016 0.000000e+00
1017 0.000000e+00
1018 0.000000e+00
1019 0.000000e+00
1020 8.559575e-07
1021 6.950858e-07
1022 5.205037e-07
1023 3.991121e-07
1024 2.774107e-07
1025 1.722370e-07
1026 1.074497e-07
1027 6.676658e-08
1028 0.000000e+00
1029 0.000000e+00
1030 0.000000e+00
1031 0.000000e+00
1032 0.000000e+00
1033 0.000000e+00
1034 0.000000e+00
1035 9.199385e-07
1036 7.476355e-07
1037 5.599289e-07
1038 4.292684e-07
1039 2.988007e-07
1040 1.854095e-07
1041 1.157291e-07
1042 7.189460e-08
1043 0.000000e+00
1044 0.000000e+00
1045 0.000000e+00
1046 0.000000e+00
1047 0.000000e+00
1048 0.000000e+00
1049 0.000000e+00
1050 3.034798e-07
1051 2.638601e-07
1052 2.025262e-07
1053 1.519791e-07
1054 1.159583e-07
1055 7.142976e-08
1056 4.639044e-08
1057 2.813965e-08
1058 1.740713e-08
1059 0.000000e+00
1060 0.000000e+00
1061 0.000000e+00
1062 0.000000e+00
1063 0.000000e+00
1064 0.000000e+00
1065 4.187407e-07
1066 3.656151e-07
1067 2.814431e-07
1068 2.109657e-07
1069 1.613062e-07
1070 9.992665e-08
1071 6.482919e-08
1072 3.927715e-08
1073 2.428178e-08
1074 0.000000e+00
1075 0.000000e+00
1076 0.000000e+00
1077 0.000000e+00
1078 0.000000e+00
1079 0.000000e+00
1080 5.153151e-07
1081 4.508848e-07
1082 3.475856e-07
1083 2.604059e-07
1084 1.993115e-07
1085 1.238144e-07
1086 8.028374e-08
1087 4.861421e-08
1088 3.004498e-08
1089 0.000000e+00
1090 0.000000e+00
1091 0.000000e+00
1092 0.000000e+00
1093 0.000000e+00
1094 0.000000e+00
1095 6.011830e-07
1096 5.266979e-07
1097 4.063902e-07
1098 3.043614e-07
1099 2.331007e-07
1100 1.450538e-07
1101 9.402120e-08
1102 5.691345e-08
1103 3.516858e-08
1104 0.000000e+00
1105 0.000000e+00
1106 0.000000e+00
1107 0.000000e+00
1108 0.000000e+00
1109 0.000000e+00
1110 6.855425e-07
1111 6.011789e-07
1112 4.641399e-07
1113 3.475294e-07
1114 2.662873e-07
1115 1.659199e-07
1116 1.075175e-07
1117 6.506812e-08
1118 4.020145e-08
1119 0.000000e+00
1120 0.000000e+00
1121 0.000000e+00
1122 0.000000e+00
1123 0.000000e+00
1124 0.000000e+00
1125 7.631797e-07
1126 6.698333e-07
1127 5.174750e-07
1128 3.873783e-07
1129 2.969430e-07
1130 1.852413e-07
1131 1.200056e-07
1132 7.261137e-08
1133 4.485593e-08
1134 0.000000e+00
1135 0.000000e+00
1136 0.000000e+00
1137 0.000000e+00
1138 0.000000e+00
1139 0.000000e+00
1140 1.532104e-07
1141 1.406649e-07
1142 1.124868e-07
1143 8.361260e-08
1144 6.466845e-08
1145 4.348394e-08
1146 2.729216e-08
1147 1.648134e-08
1148 1.016084e-08
1149 0.000000e+00
1150 0.000000e+00
1151 0.000000e+00
1152 0.000000e+00
1153 0.000000e+00
1154 0.000000e+00
1155 2.688144e-07
1156 2.484439e-07
1157 1.999888e-07
1158 1.487594e-07
1159 1.148244e-07
1160 7.835033e-08
1161 4.872221e-08
1162 2.957319e-08
1163 1.821156e-08
1164 0.000000e+00
1165 0.000000e+00
1166 0.000000e+00
1167 0.000000e+00
1168 0.000000e+00
1169 0.000000e+00
1170 3.701980e-07
1171 3.431694e-07
1172 2.770804e-07
1173 2.061997e-07
1174 1.589996e-07
1175 1.091938e-07
1176 6.763708e-08
1177 4.116306e-08
1178 2.533161e-08
1179 0.000000e+00
1180 0.000000e+00
1181 0.000000e+00
1182 0.000000e+00
1183 0.000000e+00
1184 0.000000e+00
1185 4.600363e-07
1186 4.270843e-07
1187 3.453739e-07
1188 2.570853e-07
1189 1.981346e-07
1190 1.365195e-07
1191 8.439782e-08
1192 5.143258e-08
1193 3.164053e-08
1194 0.000000e+00
1195 0.000000e+00
1196 0.000000e+00
1197 0.000000e+00
1198 0.000000e+00
1199 0.000000e+00
1200 5.482388e-07
1201 5.095062e-07
1202 4.124396e-07
1203 3.070556e-07
1204 2.365659e-07
1205 1.633498e-07
1206 1.008549e-07
1207 6.151732e-08
1208 3.783505e-08
1209 0.000000e+00
1210 0.000000e+00
1211 0.000000e+00
1212 0.000000e+00
1213 0.000000e+00
1214 0.000000e+00
1215 6.350569e-07
1216 5.907084e-07
1217 4.785936e-07
1218 3.563553e-07
1219 2.744672e-07
1220 1.898735e-07
1221 1.170998e-07
1222 7.148066e-08
1223 4.395427e-08
1224 0.000000e+00
1225 0.000000e+00
1226 0.000000e+00
1227 0.000000e+00
1228 0.000000e+00
1229 0.000000e+00
1230 1.502882e-07
1231 1.447795e-07
1232 1.217400e-07
1233 9.151736e-08
1234 6.946389e-08
1235 5.144378e-08
1236 3.062835e-08
1237 1.943977e-08
1238 1.180677e-08
1239 7.247169e-09
1240 0.000000e+00
1241 0.000000e+00
1242 0.000000e+00
1243 0.000000e+00
1244 0.000000e+00
1245 2.528484e-07
1246 2.447089e-07
1247 2.069273e-07
1248 1.559771e-07
1249 1.181118e-07
1250 8.807249e-08
1251 5.246662e-08
1252 3.349373e-08
1253 2.028591e-08
1254 1.240636e-08
1255 0.000000e+00
1256 0.000000e+00
1257 0.000000e+00
1258 0.000000e+00
1259 0.000000e+00
1260 3.450746e-07
1261 3.346403e-07
1262 2.836730e-07
1263 2.140904e-07
1264 1.619545e-07
1265 1.211084e-07
1266 7.219089e-08
1267 4.619205e-08
1268 2.794164e-08
1269 1.706322e-08
1270 0.000000e+00
1271 0.000000e+00
1272 0.000000e+00
1273 0.000000e+00
1274 0.000000e+00
1275 4.353669e-07
1276 4.226782e-07
1277 3.588017e-07
1278 2.709754e-07
1279 2.048725e-07
1280 1.534472e-07
1281 9.149613e-08
1282 5.861544e-08
1283 3.543305e-08
1284 2.162174e-08
1285 0.000000e+00
1286 0.000000e+00
1287 0.000000e+00
1288 0.000000e+00
1289 0.000000e+00
1290 5.285471e-07
1291 5.135802e-07
1292 4.364155e-07
1293 3.297851e-07
1294 2.492283e-07
1295 1.868882e-07
1296 1.114633e-07
1297 7.147642e-08
1298 4.318671e-08
1299 2.633575e-08
1300 0.000000e+00
1301 0.000000e+00
1302 0.000000e+00
1303 0.000000e+00
1304 0.000000e+00
1305 1.548631e-07
1306 1.549079e-07
1307 1.364994e-07
1308 1.053237e-07
1309 7.857442e-08
1310 6.072030e-08
1311 3.723566e-08
1312 2.431292e-08
1313 1.444880e-08
1314 8.686820e-09
1315 0.000000e+00
1316 0.000000e+00
1317 0.000000e+00
1318 0.000000e+00
1319 0.000000e+00
1320 2.486257e-07
1321 2.494548e-07
1322 2.207190e-07
1323 1.708406e-07
1324 1.273357e-07
1325 9.851033e-08
1326 6.086373e-08
1327 3.964655e-08
1328 2.352998e-08
1329 1.415281e-08
1330 0.000000e+00
1331 0.000000e+00
1332 0.000000e+00
1333 0.000000e+00
1334 0.000000e+00
1335 3.400754e-07
1336 3.416748e-07
1337 3.028742e-07
1338 2.347597e-07
1339 1.749091e-07
1340 1.353768e-07
1341 8.392285e-08
1342 5.460606e-08
1343 3.239070e-08
1344 1.948614e-08
1345 0.000000e+00
1346 0.000000e+00
1347 0.000000e+00
1348 0.000000e+00
1349 0.000000e+00
1350 4.377318e-07
1351 4.401932e-07
1352 3.906870e-07
1353 3.031075e-07
1354 2.257727e-07
1355 1.747987e-07
1356 1.086029e-07
1357 7.061274e-08
1358 4.187009e-08
1359 2.519213e-08
1360 0.000000e+00
1361 0.000000e+00
1362 0.000000e+00
1363 0.000000e+00
1364 0.000000e+00
1365 1.655454e-07
1366 1.707084e-07
1367 1.568025e-07
1368 1.251682e-07
1369 9.285290e-08
1370 7.196686e-08
1371 4.797585e-08
1372 3.009434e-08
1373 1.780865e-08
1374 1.077782e-08
1375 0.000000e+00
1376 0.000000e+00
1377 0.000000e+00
1378 0.000000e+00
1379 0.000000e+00
1380 2.578657e-07
1381 2.664081e-07
1382 2.453783e-07
1383 1.963908e-07
1384 1.457161e-07
1385 1.128472e-07
1386 7.571706e-08
1387 4.728981e-08
1388 2.802901e-08
1389 1.696237e-08
1390 0.000000e+00
1391 0.000000e+00
1392 0.000000e+00
1393 0.000000e+00
1394 0.000000e+00
1395 3.587978e-07
1396 3.710430e-07
1397 3.422493e-07
1398 2.743242e-07
1399 2.035612e-07
1400 1.575667e-07
1401 1.060957e-07
1402 6.609957e-08
1403 3.921479e-08
1404 2.373108e-08
1405 0.000000e+00
1406 0.000000e+00
1407 0.000000e+00
1408 0.000000e+00
1409 0.000000e+00
1410 9.333219e-08
1411 9.839722e-08
1412 9.330751e-08
1413 7.691306e-08
1414 5.732269e-08
1415 4.390750e-08
1416 3.146875e-08
1417 1.878812e-08
1418 1.144910e-08
1419 6.889431e-09
1420 0.000000e+00
1421 0.000000e+00
1422 0.000000e+00
1423 0.000000e+00
1424 0.000000e+00
1425 1.856360e-07
1426 1.963329e-07
1427 1.870128e-07
1428 1.549443e-07
1429 1.156786e-07
1430 8.839921e-08
1431 6.393371e-08
1432 3.799448e-08
1433 2.332729e-08
1434 1.400542e-08
1435 0.000000e+00
1436 0.000000e+00
1437 0.000000e+00
1438 0.000000e+00
1439 0.000000e+00
1440 2.890247e-07
1441 3.060569e-07
1442 2.920553e-07
1443 2.424753e-07
1444 1.811575e-07
1445 1.383067e-07
1446 1.003854e-07
1447 5.955609e-08
1448 3.667607e-08
1449 2.199919e-08
1450 0.000000e+00
1451 0.000000e+00
1452 0.000000e+00
1453 0.000000e+00
1454 0.000000e+00
1455 1.206414e-07
1456 1.301872e-07
1457 1.277109e-07
1458 1.095591e-07
1459 8.301648e-08
1460 6.247660e-08
1461 4.747057e-08
1462 2.792845e-08
1463 1.797543e-08
1464 1.062311e-08
1465 6.239812e-09
1466 0.000000e+00
1467 0.000000e+00
1468 0.000000e+00
1469 0.000000e+00
1470 2.261513e-07
1471 2.444864e-07
1472 2.404584e-07
1473 2.069674e-07
1474 1.571286e-07
1475 1.181023e-07
1476 8.999624e-08
1477 5.308470e-08
1478 3.426238e-08
1479 2.021771e-08
1480 1.185112e-08
1481 0.000000e+00
1482 0.000000e+00
1483 0.000000e+00
1484 0.000000e+00
1485 1.573310e-07
1486 1.733287e-07
1487 1.752438e-07
1488 1.563988e-07
1489 1.216441e-07
1490 9.042883e-08
1491 7.028709e-08
1492 4.355542e-08
1493 2.827020e-08
1494 1.642887e-08
1495 9.583511e-09
1496 0.000000e+00
1497 0.000000e+00
1498 0.000000e+00
1499 0.000000e+00
1500 7.125459e-05
1501 5.364711e-05
1502 4.099805e-05
1503 2.905075e-05
1504 1.805338e-05
1505 1.145726e-05
1506 7.164888e-06
1507 0.000000e+00
1508 0.000000e+00
1509 0.000000e+00
1510 0.000000e+00
1511 0.000000e+00
1512 0.000000e+00
1513 0.000000e+00
1514 0.000000e+00
1515 5.565683e-05
1516 4.518409e-05
1517 3.369649e-05
1518 2.594700e-05
1519 1.808655e-05
1520 1.118357e-05
1521 6.922929e-06
1522 4.316524e-06
1523 0.000000e+00
1524 0.000000e+00
1525 0.000000e+00
1526 0.000000e+00
1527 0.000000e+00
1528 0.000000e+00
1529 0.000000e+00
1530 4.392548e-05
1531 3.861405e-05
1532 2.978145e-05
1533 2.224525e-05
1534 1.718262e-05
1535 1.059297e-05
1536 6.952542e-06
1537 4.193504e-06
1538 2.579044e-06
1539 0.000000e+00
1540 0.000000e+00
1541 0.000000e+00
1542 0.000000e+00
1543 0.000000e+00
1544 0.000000e+00
1545 3.578411e-05
1546 3.334669e-05
1547 2.701785e-05
1548 2.007535e-05
1549 1.548939e-05
1550 1.074443e-05
1551 6.609552e-06
1552 4.007058e-06
1553 2.472698e-06
1554 0.000000e+00
1555 0.000000e+00
1556 0.000000e+00
1557 0.000000e+00
1558 0.000000e+00
1559 0.000000e+00
1560 2.942251e-05
1561 2.864251e-05
1562 2.436651e-05
1563 1.839165e-05
1564 1.388652e-05
1565 1.047437e-05
1566 6.186352e-06
1567 3.987631e-06
1568 2.409441e-06
1569 1.466673e-06
1570 0.000000e+00
1571 0.000000e+00
1572 0.000000e+00
1573 0.000000e+00
1574 0.000000e+00
1575 2.456050e-05
1576 2.474025e-05
1577 2.199320e-05
1578 1.706132e-05
1579 1.269044e-05
1580 9.860774e-06
1581 6.103666e-06
1582 3.998486e-06
1583 2.366054e-06
1584 1.419322e-06
1585 0.000000e+00
1586 0.000000e+00
1587 0.000000e+00
1588 0.000000e+00
1589 0.000000e+00
1590 2.066887e-05
1591 2.140815e-05
1592 1.978261e-05
1593 1.586737e-05
1594 1.176145e-05
1595 9.113633e-06
1596 6.152726e-06
1597 3.830492e-06
1598 2.262344e-06
1599 1.373090e-06
1600 0.000000e+00
1601 0.000000e+00
1602 0.000000e+00
1603 0.000000e+00
1604 0.000000e+00
1605 1.747835e-05
1606 1.853498e-05
1607 1.772042e-05
1608 1.473409e-05
1609 1.100297e-05
1610 8.395714e-06
1611 6.124082e-06
1612 3.611429e-06
1613 2.224622e-06
1614 1.334379e-06
1615 0.000000e+00
1616 0.000000e+00
1617 0.000000e+00
1618 0.000000e+00
1619 0.000000e+00
1620 1.472631e-05
1621 1.594230e-05
1622 1.570972e-05
1623 1.354796e-05
1624 1.028876e-05
1625 7.724598e-06
1626 5.910406e-06
1627 3.472174e-06
1628 2.253619e-06
1629 1.329084e-06
1630 7.756916e-07
1631 0.000000e+00
1632 0.000000e+00
1633 0.000000e+00
1634 0.000000e+00
1635 1.073957e-05
1636 1.184877e-05
1637 1.200427e-05
1638 1.074013e-05
1639 8.364339e-06
1640 6.211413e-06
1641 4.837371e-06
1642 3.003235e-06
1643 1.954830e-06
1644 1.134093e-06
1645 6.611987e-07
1646 0.000000e+00
1647 0.000000e+00
1648 0.000000e+00
1649 0.000000e+00
1650 1.338447e-06
1651 1.016235e-06
1652 7.700630e-07
1653 5.471936e-07
1654 3.438887e-07
1655 2.187039e-07
1656 1.364391e-07
1657 0.000000e+00
1658 0.000000e+00
1659 0.000000e+00
1660 0.000000e+00
1661 0.000000e+00
1662 0.000000e+00
1663 0.000000e+00
1664 0.000000e+00
1665 1.222717e-06
1666 9.956121e-07
1667 7.459576e-07
1668 5.717157e-07
1669 3.991821e-07
1670 2.473998e-07
1671 1.545976e-07
1672 9.599536e-08
1673 0.000000e+00
1674 0.000000e+00
1675 0.000000e+00
1676 0.000000e+00
1677 0.000000e+00
1678 0.000000e+00
1679 0.000000e+00
1680 1.088036e-06
1681 9.567349e-07
1682 7.400269e-07
1683 5.537810e-07
1684 4.248472e-07
1685 2.656024e-07
1686 1.719882e-07
1687 1.040220e-07
1688 6.424451e-08
1689 0.000000e+00
1690 0.000000e+00
1691 0.000000e+00
1692 0.000000e+00
1693 0.000000e+00
1694 0.000000e+00
1695 9.692415e-07
1696 9.030155e-07
1697 7.327437e-07
1698 5.457426e-07
1699 4.201487e-07
1700 2.915088e-07
1701 1.794686e-07
1702 1.096821e-07
1703 6.742367e-08
1704 0.000000e+00
1705 0.000000e+00
1706 0.000000e+00
1707 0.000000e+00
1708 0.000000e+00
1709 0.000000e+00
1710 8.663067e-07
1711 8.430003e-07
1712 7.175427e-07
1713 5.426365e-07
1714 4.098437e-07
1715 3.078528e-07
1716 1.836785e-07
1717 1.179561e-07
1718 7.121461e-08
1719 4.338805e-08
1720 0.000000e+00
1721 0.000000e+00
1722 0.000000e+00
1723 0.000000e+00
1724 0.000000e+00
1725 7.762028e-07
1726 7.815889e-07
1727 6.948241e-07
1728 5.397248e-07
1729 4.019006e-07
1730 3.112936e-07
1731 1.939671e-07
1732 1.259859e-07
1733 7.467079e-08
1734 4.493987e-08
1735 0.000000e+00
1736 0.000000e+00
1737 0.000000e+00
1738 0.000000e+00
1739 0.000000e+00
1740 6.960053e-07
1741 7.207031e-07
1742 6.658506e-07
1743 5.344835e-07
1744 3.966647e-07
1745 3.069227e-07
1746 2.073848e-07
1747 1.288895e-07
1748 7.654303e-08
1749 4.631892e-08
1750 0.000000e+00
1751 0.000000e+00
1752 0.000000e+00
1753 0.000000e+00
1754 0.000000e+00
1755 6.236277e-07
1756 6.611874e-07
1757 6.319480e-07
1758 5.256315e-07
1759 3.929549e-07
1760 2.997762e-07
1761 2.182197e-07
1762 1.292858e-07
1763 7.981235e-08
1764 4.783923e-08
1765 0.000000e+00
1766 0.000000e+00
1767 0.000000e+00
1768 0.000000e+00
1769 0.000000e+00
1770 5.572351e-07
1771 6.031561e-07
1772 5.941812e-07
1773 5.124112e-07
1774 3.894719e-07
1775 2.925284e-07
1776 2.232806e-07
1777 1.319094e-07
1778 8.527356e-08
1779 5.027462e-08
1780 2.943499e-08
1781 0.000000e+00
1782 0.000000e+00
1783 0.000000e+00
1784 0.000000e+00
1785 6.096685e-07
1786 6.211835e-07
1787 5.970876e-07
1788 5.179426e-07
1789 3.972074e-07
1790 2.913256e-07
1791 2.235299e-07
1792 1.396700e-07
1793 9.071167e-08
1794 5.336076e-08
1795 3.161332e-08
1796 0.000000e+00
1797 0.000000e+00
1798 0.000000e+00
1799 0.000000e+00
1800 1.549838e-08
1801 1.342816e-08
1802 1.110600e-08
1803 8.699186e-09
1804 6.471209e-09
1805 4.628264e-09
1806 3.213464e-09
1807 2.126720e-09
1808 1.341748e-09
1809 8.426666e-10
1810 5.239744e-10
1811 3.279140e-10
1812 2.068820e-10
1813 1.311651e-10
1814 8.291801e-11
1815 1.648050e-08
1816 1.307843e-08
1817 1.004667e-08
1818 7.362291e-09
1819 5.181870e-09
1820 3.579479e-09
1821 2.441349e-09
1822 1.633294e-09
1823 1.064462e-09
1824 6.929666e-10
1825 4.461375e-10
1826 2.843595e-10
1827 1.783006e-10
1828 1.095389e-10
1829 6.584102e-11
1830 2.213036e-08
1831 1.732699e-08
1832 1.310553e-08
1833 9.513520e-09
1834 6.550649e-09
1835 4.411070e-09
1836 2.949871e-09
1837 1.957284e-09
1838 1.284336e-09
1839 8.484282e-10
1840 5.582981e-10
1841 3.638601e-10
1842 2.322334e-10
1843 1.438403e-10
1844 8.608227e-11
1845 2.541634e-08
1846 1.941816e-08
1847 1.416726e-08
1848 9.983235e-09
1849 6.676095e-09
1850 4.282459e-09
1851 2.766705e-09
1852 1.800221e-09
1853 1.196936e-09
1854 8.123050e-10
1855 5.542487e-10
1856 3.734676e-10
1857 2.440856e-10
1858 1.526749e-10
1859 9.071212e-11
1860 3.189611e-08
1861 2.484793e-08
1862 1.829809e-08
1863 1.299568e-08
1864 8.839777e-09
1865 5.672175e-09
1866 3.620743e-09
1867 2.324270e-09
1868 1.528240e-09
1869 1.029870e-09
1870 7.037192e-10
1871 4.784240e-10
1872 3.173830e-10
1873 2.022657e-10
1874 1.225772e-10
1875 3.941173e-08
1876 3.148385e-08
1877 2.360236e-08
1878 1.695471e-08
1879 1.174519e-08
1880 7.669560e-09
1881 4.857280e-09
1882 3.101743e-09
1883 2.009772e-09
1884 1.335698e-09
1885 9.054169e-10
1886 6.158430e-10
1887 4.120971e-10
1888 2.666949e-10
1889 1.648903e-10
1890 4.774536e-08
1891 3.913928e-08
1892 2.993542e-08
1893 2.177209e-08
1894 1.529417e-08
1895 1.020539e-08
1896 6.456826e-09
1897 4.109013e-09
1898 2.624323e-09
1899 1.719407e-09
1900 1.152946e-09
1901 7.812951e-10
1902 5.251610e-10
1903 3.438561e-10
1904 2.162895e-10
1905 5.736333e-08
1906 4.827191e-08
1907 3.780595e-08
1908 2.791470e-08
1909 1.984352e-08
1910 1.352250e-08
1911 8.651846e-09
1912 5.464315e-09
1913 3.456140e-09
1914 2.231310e-09
1915 1.475234e-09
1916 9.917502e-10
1917 6.667636e-10
1918 4.401493e-10
1919 2.809541e-10
1920 6.961402e-08
1921 6.032857e-08
1922 4.862348e-08
1923 3.667278e-08
1924 2.641644e-08
1925 1.835098e-08
1926 1.201952e-08
1927 7.538710e-09
1928 4.752220e-09
1929 3.013870e-09
1930 1.955501e-09
1931 1.296322e-09
1932 8.667885e-10
1933 5.744147e-10
1934 3.711524e-10
1935 8.792849e-08
1936 7.942965e-08
1937 6.696380e-08
1938 5.258677e-08
1939 3.891495e-08
1940 2.765437e-08
1941 1.880839e-08
1942 1.202359e-08
1943 7.513556e-09
1944 4.680916e-09
1945 2.951095e-09
1946 1.898586e-09
1947 1.242501e-09
1948 8.166919e-10
1949 5.307681e-10
1950 2.107089e-07
1951 2.158247e-07
1952 2.101588e-07
1953 1.926644e-07
1954 1.648907e-07
1955 1.311748e-07
1956 9.773303e-08
1957 6.956183e-08
1958 4.749487e-08
1959 3.016311e-08
1960 1.823173e-08
1961 1.083848e-08
1962 6.362290e-09
1963 3.732305e-09
1964 2.209040e-09
