0 1.854094e-09
1 1.242513e-09
2 8.136967e-10
3 5.355467e-10
4 3.584461e-10
5 2.446955e-10
6 1.689039e-10
7 1.159316e-10
8 7.765680e-11
9 4.993761e-11
10 3.045477e-11
11 1.749670e-11
12 9.466717e-12
13 4.860079e-12
14 2.409361e-12
15 2.960885e-09
16 2.021491e-09
17 1.331182e-09
18 8.677781e-10
19 5.732342e-10
20 3.860360e-10
21 2.648695e-10
22 1.827058e-10
23 1.243403e-10
24 8.195671e-11
25 5.154344e-11
26 3.061415e-11
27 1.709712e-11
28 9.002159e-12
29 4.528662e-12
30 3.377839e-09
31 2.320081e-09
32 1.533868e-09
33 9.982095e-10
34 6.570678e-10
35 4.405383e-10
36 3.013774e-10
37 2.078629e-10
38 1.419314e-10
39 9.413918e-11
40 5.970870e-11
41 3.581189e-11
42 2.020061e-11
43 1.072926e-11
44 5.429067e-12
45 3.621660e-09
46 2.494636e-09
47 1.652530e-09
48 1.074654e-09
49 7.061612e-10
50 4.724456e-10
51 3.227129e-10
52 2.225613e-10
53 1.522070e-10
54 1.012582e-10
55 6.448022e-11
56 3.885301e-11
57 2.201856e-11
58 1.174248e-11
59 5.957851e-12
60 3.791872e-09
61 2.616437e-09
62 1.735256e-09
63 1.127912e-09
64 7.404007e-10
65 4.947074e-10
66 3.376291e-10
67 2.328439e-10
68 1.593906e-10
69 1.062299e-10
70 6.781598e-11
71 4.097651e-11
72 2.328567e-11
73 1.244758e-11
74 6.326241e-12
75 3.924734e-09
76 2.711674e-09
77 1.799872e-09
78 1.169579e-09
79 7.670910e-10
80 5.120588e-10
81 3.492132e-10
82 2.408351e-10
83 1.649751e-10
84 1.101067e-10
85 7.041546e-11
86 4.263140e-11
87 2.427502e-11
88 1.299886e-11
89 6.613454e-12
90 4.036040e-09
91 2.791443e-09
92 1.854116e-09
93 1.204422e-09
94 7.894936e-10
95 5.266161e-10
96 3.589809e-10
97 2.475614e-10
98 1.696801e-10
99 1.133606e-10
100 7.259552e-11
101 4.402130e-11
102 2.510541e-11
103 1.346120e-11
104 6.854730e-12
105 4.134982e-09
106 2.862195e-09
107 1.902254e-09
108 1.235400e-09
109 8.094061e-10
110 5.395649e-10
111 3.676344e-10
112 2.535275e-10
113 1.738504e-10
114 1.162518e-10
115 7.453411e-11
116 4.525471e-11
117 2.584286e-11
118 1.387222e-11
119 7.068909e-12
120 4.232358e-09
121 2.931910e-09
122 1.949610e-09
123 1.265859e-09
124 8.289707e-10
125 5.522954e-10
126 3.761663e-10
127 2.593926e-10
128 1.779536e-10
129 1.190943e-10
130 7.643954e-11
131 4.646884e-11
132 2.656712e-11
133 1.427482e-11
134 7.279303e-12
135 4.355978e-09
136 3.020439e-09
137 2.009769e-09
138 1.304651e-09
139 8.538623e-10
140 5.684690e-10
141 3.869739e-10
142 2.668515e-10
143 1.831663e-10
144 1.227000e-10
145 7.885719e-11
146 4.801089e-11
147 2.748786e-11
148 1.478776e-11
149 7.546696e-12
150 5.650411e-09
151 3.971485e-09
152 2.678323e-09
153 1.740540e-09
154 1.131841e-09
155 7.462014e-10
156 5.033125e-10
157 3.456274e-10
158 2.379821e-10
159 1.611279e-10
160 1.052604e-10
161 6.540435e-11
162 3.828784e-11
163 2.103428e-11
164 1.090675e-11
165 7.026747e-09
166 4.989850e-09
167 3.406407e-09
168 2.227438e-09
169 1.441158e-09
170 9.439426e-10
171 6.311193e-10
172 4.310781e-10
173 2.968106e-10
174 2.021760e-10
175 1.336761e-10
176 8.437008e-11
177 5.029629e-11
178 2.814716e-11
179 1.482718e-11
180 7.871884e-09
181 5.617126e-09
182 3.857133e-09
183 2.531328e-09
184 1.634723e-09
185 1.067733e-09
186 7.107296e-10
187 4.838529e-10
188 3.330754e-10
189 2.274959e-10
190 1.511621e-10
191 9.611781e-11
192 5.777892e-11
193 3.260508e-11
194 1.730545e-11
195 8.465094e-09
196 6.058006e-09
197 4.173520e-09
198 2.745292e-09
199 1.770567e-09
200 1.154606e-09
201 7.666660e-10
202 5.210446e-10
203 3.585359e-10
204 2.452358e-10
205 1.634532e-10
206 1.043519e-10
207 6.302855e-11
208 3.573813e-11
209 1.904827e-11
210 8.930296e-09
211 6.402563e-09
212 4.420689e-09
213 2.911753e-09
214 1.876898e-09
215 1.222455e-09
216 8.103583e-10
217 5.500289e-10
218 3.784779e-10
219 2.591553e-10
220 1.730535e-10
221 1.107949e-10
222 6.713185e-11
223 3.819053e-11
224 2.040935e-11
225 9.318237e-09
226 6.690217e-09
227 4.626602e-09
228 3.051093e-09
229 1.965460e-09
230 1.279093e-09
231 8.468256e-10
232 5.743424e-10
233 3.950632e-10
234 2.707001e-10
235 1.810768e-10
236 1.161674e-10
237 7.054685e-11
238 4.023010e-11
239 2.154373e-11
240 9.662411e-09
241 6.945978e-09
242 4.810315e-09
243 3.175274e-09
244 2.044181e-09
245 1.329447e-09
246 8.793851e-10
247 5.959323e-10
248 4.098951e-10
249 2.810246e-10
250 1.882124e-10
251 1.209658e-10
252 7.358865e-11
253 4.205087e-11
254 2.255340e-11
255 1.000208e-08
256 7.198191e-09
257 4.991123e-09
258 3.296831e-09
259 2.121972e-09
260 1.378890e-09
261 9.111654e-10
262 6.171194e-10
263 4.244546e-10
264 2.912482e-10
265 1.952558e-10
266 1.256852e-10
267 7.659867e-11
268 4.383955e-11
269 2.354633e-11
270 1.043103e-08
271 7.517870e-09
272 5.220190e-09
273 3.451416e-09
274 2.220290e-09
275 1.441811e-09
276 9.517065e-10
277 6.440476e-10
278 4.428588e-10
279 3.040539e-10
280 2.041452e-10
281 1.316282e-10
282 8.039610e-11
283 4.610900e-11
284 2.480875e-11
285 9.344348e-09
286 6.730844e-09
287 4.674358e-09
288 3.103821e-09
289 2.000496e-09
290 1.300578e-09
291 8.583870e-10
292 5.798111e-10
293 3.976955e-10
294 2.722995e-10
295 1.824682e-10
296 1.175289e-10
297 7.183057e-11
298 4.129071e-11
299 2.230118e-11
300 1.093872e-08
301 7.943441e-09
302 5.561835e-09
303 3.728767e-09
304 2.406034e-09
305 1.557692e-09
306 1.021491e-09
307 6.856175e-10
308 4.686752e-10
309 3.211954e-10
310 2.164390e-10
311 1.407870e-10
312 8.711557e-11
313 5.077355e-11
314 2.780669e-11
315 1.208525e-08
316 8.818602e-09
317 6.202956e-09
318 4.180937e-09
319 2.701388e-09
320 1.744372e-09
321 1.139848e-09
322 7.624661e-10
323 5.199247e-10
324 3.564930e-10
325 2.409693e-10
326 1.575560e-10
327 9.818743e-11
328 5.767494e-11
329 3.181606e-11
330 1.298098e-08
331 9.503217e-09
332 6.704541e-09
333 4.534771e-09
334 2.932483e-09
335 1.890863e-09
336 1.232848e-09
337 8.225359e-10
338 5.600830e-10
339 3.841299e-10
340 2.601617e-10
341 1.706929e-10
342 1.068316e-10
343 6.307350e-11
344 3.496180e-11
345 1.373221e-08
346 1.007553e-08
347 7.125125e-09
348 4.830576e-09
349 3.125442e-09
350 2.012822e-09
351 1.310320e-09
352 8.727391e-10
353 5.936898e-10
354 4.072572e-10
355 2.762323e-10
356 1.816924e-10
357 1.140750e-10
358 6.758263e-11
359 3.758763e-11
360 1.439889e-08
361 1.058521e-08
362 7.497714e-09
363 5.093514e-09
364 3.297669e-09
365 2.121605e-09
366 1.379526e-09
367 9.174194e-10
368 6.235373e-10
369 4.277957e-10
370 2.904853e-10
371 1.914562e-10
372 1.205078e-10
373 7.159101e-11
374 3.992042e-11
375 1.505481e-08
376 1.108578e-08
377 7.864011e-09
378 5.352480e-09
379 3.466099e-09
380 2.228253e-09
381 1.447377e-09
382 9.613276e-10
383 6.528730e-10
384 4.479898e-10
385 3.045176e-10
386 2.010686e-10
387 1.268419e-10
388 7.554131e-11
389 4.221860e-11
390 1.588731e-08
391 1.172042e-08
392 8.329526e-09
393 5.680567e-09
394 3.680728e-09
395 2.363801e-09
396 1.533736e-09
397 1.017106e-09
398 6.901965e-10
399 4.737178e-10
400 3.224034e-10
401 2.132796e-10
402 1.348670e-10
403 8.053874e-11
404 4.513110e-11
405 1.330121e-08
406 9.777762e-09
407 6.916966e-09
408 4.701967e-09
409 3.053916e-09
410 1.965893e-09
411 1.280283e-09
412 8.509530e-10
413 5.777510e-10
414 3.955333e-10
415 2.680103e-10
416 1.763198e-10
417 1.108529e-10
418 6.584241e-11
419 3.676474e-11
420 1.511533e-08
421 1.120395e-08
422 7.976485e-09
423 5.465795e-09
424 3.571106e-09
425 2.291761e-09
426 1.487133e-09
427 9.822925e-10
428 6.636224e-10
429 4.536997e-10
430 3.082174e-10
431 2.040118e-10
432 1.294446e-10
433 7.776007e-11
434 4.393419e-11
435 1.654965e-08
436 1.233358e-08
437 8.816975e-09
438 6.071866e-09
439 3.982701e-09
440 2.551578e-09
441 1.651840e-09
442 1.086931e-09
443 7.320738e-10
444 4.999137e-10
445 3.401084e-10
446 2.260022e-10
447 1.442131e-10
448 8.722974e-11
449 4.963869e-11
450 1.775548e-08
451 1.328253e-08
452 9.523106e-09
453 6.581272e-09
454 4.328017e-09
455 2.769981e-09
456 1.790254e-09
457 1.174829e-09
458 7.893887e-10
459 5.386797e-10
460 3.668677e-10
461 2.445151e-10
462 1.566065e-10
463 9.517938e-11
464 5.443841e-11
465 1.882320e-08
466 1.412616e-08
467 1.015000e-08
468 7.032313e-09
469 4.634998e-09
470 2.963201e-09
471 1.913134e-09
472 1.252592e-09
473 8.403671e-10
474 5.730995e-10
475 3.906377e-10
476 2.608495e-10
477 1.676109e-10
478 1.022408e-10
479 5.869117e-11
480 1.987485e-08
481 1.495289e-08
482 1.076513e-08
483 7.476177e-09
484 4.936566e-09
485 3.153741e-09
486 2.033863e-09
487 1.329115e-09
488 8.903663e-10
489 6.069650e-10
490 4.139899e-10
491 2.769384e-10
492 1.784242e-10
493 1.091733e-10
494 6.287207e-11
495 2.120603e-08
496 1.600240e-08
497 1.154727e-08
498 8.040735e-09
499 5.319542e-09
500 3.395544e-09
501 2.187164e-09
502 1.426212e-09
503 9.539306e-10
504 6.498676e-10
505 4.436288e-10
506 2.973764e-10
507 1.921480e-10
508 1.179643e-10
509 6.818306e-11
510 1.762932e-08
511 1.322847e-08
512 9.499023e-09
513 6.574154e-09
514 4.341181e-09
515 2.780599e-09
516 1.796725e-09
517 1.176778e-09
518 7.891827e-10
519 5.375404e-10
520 3.657297e-10
521 2.437142e-10
522 1.563529e-10
523 9.528782e-11
524 5.470228e-11
525 1.970986e-08
526 1.492048e-08
527 1.077881e-08
528 7.508337e-09
529 4.995755e-09
530 3.200443e-09
531 2.061538e-09
532 1.343030e-09
533 8.960752e-10
534 6.084291e-10
535 4.141175e-10
536 2.770525e-10
537 1.789811e-10
538 1.100818e-10
539 6.386525e-11
540 2.146766e-08
541 1.635082e-08
542 1.186358e-08
543 8.299299e-09
544 5.548856e-09
545 3.556109e-09
546 2.285683e-09
547 1.483950e-09
548 9.864108e-10
549 6.683944e-10
550 4.550214e-10
551 3.053200e-10
552 1.981348e-10
553 1.226128e-10
554 7.163124e-11
555 2.302671e-08
556 1.762341e-08
557 1.282603e-08
558 9.001380e-09
559 6.042110e-09
560 3.872406e-09
561 2.485290e-09
562 1.609118e-09
563 1.066830e-09
564 7.217366e-10
565 4.914166e-10
566 3.303509e-10
567 2.151647e-10
568 1.337464e-10
569 7.854198e-11
570 2.456609e-08
571 1.887411e-08
572 1.377070e-08
573 9.692640e-09
574 6.524651e-09
575 4.183148e-09
576 2.680903e-09
577 1.732060e-09
578 1.145796e-09
579 7.739806e-10
580 5.271217e-10
581 3.549380e-10
582 2.318711e-10
583 1.446572e-10
584 8.530218e-11
585 2.650624e-08
586 2.045505e-08
587 1.497114e-08
588 1.056715e-08
589 7.138705e-09
590 4.577418e-09
591 2.929262e-09
592 1.887882e-09
593 1.245908e-09
594 8.404771e-10
595 5.724666e-10
596 3.861651e-10
597 2.530706e-10
598 1.585688e-10
599 9.390493e-11
600 2.249479e-08
601 1.724612e-08
602 1.256782e-08
603 8.823747e-09
604 5.933472e-09
605 3.815577e-09
606 2.446595e-09
607 1.584319e-09
608 1.049161e-09
609 7.085112e-10
610 4.816975e-10
611 3.234683e-10
612 2.106527e-10
613 1.310559e-10
614 7.708798e-11
615 2.493067e-08
616 1.929635e-08
617 1.415639e-08
618 9.992568e-09
619 6.768550e-09
620 4.369084e-09
621 2.792800e-09
622 1.801863e-09
623 1.186531e-09
624 7.978956e-10
625 5.417603e-10
626 3.646949e-10
627 2.387363e-10
628 1.496929e-10
629 8.889763e-11
630 2.709806e-08
631 2.112304e-08
632 1.557174e-08
633 1.103627e-08
634 7.515529e-09
635 4.863329e-09
636 3.102039e-09
637 1.996102e-09
638 1.309287e-09
639 8.776852e-10
640 5.953545e-10
641 4.013523e-10
642 2.637805e-10
643 1.663096e-10
644 9.941044e-11
645 2.923377e-08
646 2.291754e-08
647 1.695934e-08
648 1.206026e-08
649 8.246913e-09
650 5.348904e-09
651 3.405169e-09
652 2.187010e-09
653 1.429691e-09
654 9.559387e-10
655 6.479415e-10
656 4.373560e-10
657 2.883545e-10
658 1.826423e-10
659 1.097539e-10
660 3.193031e-08
661 2.519091e-08
662 1.872385e-08
663 1.335967e-08
664 9.175278e-09
665 5.964352e-09
666 3.790443e-09
667 2.428829e-09
668 1.582316e-09
669 1.055225e-09
670 7.146450e-10
671 4.830263e-10
672 3.195197e-10
673 2.033162e-10
674 1.228704e-10
675 2.812906e-08
676 2.206382e-08
677 1.634808e-08
678 1.162322e-08
679 7.948453e-09
680 5.171850e-09
681 3.294405e-09
682 2.117763e-09
683 1.383494e-09
684 9.240531e-10
685 6.253630e-10
686 4.215020e-10
687 2.775144e-10
688 1.756597e-10
689 1.056015e-10
690 3.106922e-08
691 2.462411e-08
692 1.838490e-08
693 1.314464e-08
694 9.050171e-09
695 5.925998e-09
696 3.768207e-09
697 2.415737e-09
698 1.568906e-09
699 1.042369e-09
700 7.034425e-10
701 4.743453e-10
702 3.135726e-10
703 1.998139e-10
704 1.211669e-10
705 3.396097e-08
706 2.713731e-08
707 2.038615e-08
708 1.463834e-08
709 1.013114e-08
710 6.666877e-09
711 4.233078e-09
712 2.708431e-09
713 1.750756e-09
714 1.158636e-09
715 7.801302e-10
716 5.262663e-10
717 3.489767e-10
718 2.235094e-10
719 1.364830e-10
720 3.761762e-08
721 3.032479e-08
722 2.292506e-08
723 1.653513e-08
724 1.150358e-08
725 7.607397e-09
726 4.823886e-09
727 3.079685e-09
728 1.981707e-09
729 1.305949e-09
730 8.774191e-10
731 5.921640e-10
732 3.939200e-10
733 2.536625e-10
734 1.559098e-10
735 3.492857e-08
736 2.808146e-08
737 2.121027e-08
738 1.528511e-08
739 1.061240e-08
740 7.022684e-09
741 4.467680e-09
742 2.853630e-09
743 1.839144e-09
744 1.212576e-09
745 8.138703e-10
746 5.481935e-10
747 3.636942e-10
748 2.335607e-10
749 1.432147e-10
750 3.881717e-08
751 3.157843e-08
752 2.408903e-08
753 1.747408e-08
754 1.221171e-08
755 8.149090e-09
756 5.192566e-09
757 3.305562e-09
758 2.118458e-09
759 1.388006e-09
760 9.272718e-10
761 6.237186e-10
762 4.148391e-10
763 2.679981e-10
764 1.657629e-10
765 4.374341e-08
766 3.601689e-08
767 2.773452e-08
768 2.025032e-08
769 1.424098e-08
770 9.577577e-09
771 6.110807e-09
772 3.878608e-09
773 2.472615e-09
774 1.610427e-09
775 1.070998e-09
776 7.194868e-10
777 4.797319e-10
778 3.116357e-10
779 1.943039e-10
780 4.403039e-08
781 3.642736e-08
782 2.820214e-08
783 2.067890e-08
784 1.457704e-08
785 9.845502e-09
786 6.319442e-09
787 4.003175e-09
788 2.551169e-09
789 1.655544e-09
790 1.096371e-09
791 7.342639e-10
792 4.888442e-10
793 3.177574e-10
794 1.986214e-10
795 5.082527e-08
796 4.277774e-08
797 3.362858e-08
798 2.493002e-08
799 1.772348e-08
800 1.210571e-08
801 7.833863e-09
802 4.941449e-09
803 3.134333e-09
804 2.014469e-09
805 1.322618e-09
806 8.813606e-10
807 5.869421e-10
808 3.835436e-10
809 2.420876e-10
810 6.115910e-08
811 5.286821e-08
812 4.268419e-08
813 3.233851e-08
814 2.333771e-08
815 1.620253e-08
816 1.070392e-08
817 6.761921e-09
818 4.262906e-09
819 2.698948e-09
820 1.742606e-09
821 1.145453e-09
822 7.580368e-10
823 4.965452e-10
824 3.167199e-10
825 5.170782e-07
826 3.908177e-07
827 2.958632e-07
828 2.044880e-07
829 1.285927e-07
830 8.133842e-08
831 5.107402e-08
832 0.000000e+00
833 0.000000e+00
834 0.000000e+00
835 0.000000e+00
836 0.000000e+00
837 0.000000e+00
838 0.000000e+00
839 0.000000e+00
840 6.686483e-07
841 5.061659e-07
842 3.832117e-07
843 2.673933e-07
844 1.681074e-07
845 1.065482e-07
846 6.675115e-08
847 0.000000e+00
848 0.000000e+00
849 0.000000e+00
850 0.000000e+00
851 0.000000e+00
852 0.000000e+00
853 0.000000e+00
854 0.000000e+00
855 7.750674e-07
856 5.871874e-07
857 4.445677e-07
858 3.115878e-07
859 1.958954e-07
860 1.242710e-07
861 7.777110e-08
862 0.000000e+00
863 0.000000e+00
864 0.000000e+00
865 0.000000e+00
866 0.000000e+00
867 0.000000e+00
868 0.000000e+00
869 0.000000e+00
870 8.580515e-07
871 6.503674e-07
872 4.924099e-07
873 3.460456e-07
874 2.175543e-07
875 1.380855e-07
876 8.636406e-08
877 0.000000e+00
878 0.000000e+00
879 0.000000e+00
880 0.000000e+00
881 0.000000e+00
882 0.000000e+00
883 0.000000e+00
884 0.000000e+00
885 9.276169e-07
886 7.033228e-07
887 5.325156e-07
888 3.749278e-07
889 2.357151e-07
890 1.496658e-07
891 9.356551e-08
892 0.000000e+00
893 0.000000e+00
894 0.000000e+00
895 0.000000e+00
896 0.000000e+00
897 0.000000e+00
898 0.000000e+00
899 0.000000e+00
900 9.895280e-07
901 7.504519e-07
902 5.682089e-07
903 4.006352e-07
904 2.518777e-07
905 1.599733e-07
906 9.997477e-08
907 0.000000e+00
908 0.000000e+00
909 0.000000e+00
910 0.000000e+00
911 0.000000e+00
912 0.000000e+00
913 0.000000e+00
914 0.000000e+00
915 1.050352e-06
916 7.967574e-07
917 6.032748e-07
918 4.258861e-07
919 2.677560e-07
920 1.700985e-07
921 1.062725e-07
922 0.000000e+00
923 0.000000e+00
924 0.000000e+00
925 0.000000e+00
926 0.000000e+00
927 0.000000e+00
928 0.000000e+00
929 0.000000e+00
930 1.127590e-06
931 8.555622e-07
932 6.477924e-07
933 4.579505e-07
934 2.879184e-07
935 1.829568e-07
936 1.142691e-07
937 0.000000e+00
938 0.000000e+00
939 0.000000e+00
940 0.000000e+00
941 0.000000e+00
942 0.000000e+00
943 0.000000e+00
944 0.000000e+00
945 3.740575e-07
946 3.004786e-07
947 2.246224e-07
948 1.726431e-07
949 1.176105e-07
950 7.363669e-08
951 4.559447e-08
952 2.842240e-08
953 0.000000e+00
954 0.000000e+00
955 0.000000e+00
956 0.000000e+00
957 0.000000e+00
958 0.000000e+00
959 0.000000e+00
960 5.084933e-07
961 4.104907e-07
962 3.070853e-07
963 2.357797e-07
964 1.621182e-07
965 1.010954e-07
966 6.281192e-08
967 3.909924e-08
968 0.000000e+00
969 0.000000e+00
970 0.000000e+00
971 0.000000e+00
972 0.000000e+00
973 0.000000e+00
974 0.000000e+00
975 6.135025e-07
976 4.964496e-07
977 3.715370e-07
978 2.851129e-07
979 1.969133e-07
980 1.225721e-07
981 7.627903e-08
982 4.744907e-08
983 0.000000e+00
984 0.000000e+00
985 0.000000e+00
986 0.000000e+00
987 0.000000e+00
988 0.000000e+00
989 0.000000e+00
990 7.014568e-07
991 5.684512e-07
992 4.255221e-07
993 3.264423e-07
994 2.260555e-07
995 1.405573e-07
996 8.755811e-08
997 5.444165e-08
998 0.000000e+00
999 0.000000e+00
1000 0.000000e+00
1001 0.000000e+00
1002 0.000000e+00
1003 0.000000e+00
1004 0.000000e+00
1005 7.797203e-07
1006 6.325134e-07
1007 4.735544e-07
1008 3.632112e-07
1009 2.519848e-07
1010 1.565602e-07
1011 9.759370e-08
1012 6.066319e-08
1013 0.000000e+00
1014 0.000000e+00
1015 0.000000e+00
1016 0.000000e+00
1017 0.000000e+00
1018 0.000000e+00
1019 0.000000e+00
1020 8.566149e-07
1021 6.954512e-07
1022 5.207433e-07
1023 3.993325e-07
1024 2.774617e-07
1025 1.722839e-07
1026 1.074531e-07
1027 6.677657e-08
1028 0.000000e+00
1029 0.000000e+00
1030 0.000000e+00
1031 0.000000e+00
1032 0.000000e+00
1033 0.000000e+00
1034 0.000000e+00
1035 9.542693e-07
1036 7.753845e-07
1037 5.806793e-07
1038 4.452128e-07
1039 3.098109e-07
1040 1.922507e-07
1041 1.199755e-07
1042 7.454048e-08
1043 0.000000e+00
1044 0.000000e+00
1045 0.000000e+00
1046 0.000000e+00
1047 0.000000e+00
1048 0.000000e+00
1049 0.000000e+00
1050 3.051620e-07
1051 2.651609e-07
1052 2.034545e-07
1053 1.526980e-07
1054 1.164678e-07
1055 7.169574e-08
1056 4.656341e-08
1057 2.825136e-08
1058 1.747769e-08
1059 0.000000e+00
1060 0.000000e+00
1061 0.000000e+00
1062 0.000000e+00
1063 0.000000e+00
1064 0.000000e+00
1065 4.205757e-07
1066 3.669956e-07
1067 2.823874e-07
1068 2.117116e-07
1069 1.618196e-07
1070 1.001655e-07
1071 6.498767e-08
1072 3.938396e-08
1073 2.434957e-08
1074 0.000000e+00
1075 0.000000e+00
1076 0.000000e+00
1077 0.000000e+00
1078 0.000000e+00
1079 0.000000e+00
1080 5.171489e-07
1081 4.521946e-07
1082 3.484356e-07
1083 2.610903e-07
1084 1.997682e-07
1085 1.240022e-07
1086 8.040865e-08
1087 4.870196e-08
1088 3.010228e-08
1089 0.000000e+00
1090 0.000000e+00
1091 0.000000e+00
1092 0.000000e+00
1093 0.000000e+00
1094 0.000000e+00
1095 6.029813e-07
1096 5.279201e-07
1097 4.071501e-07
1098 3.049846e-07
1099 2.335077e-07
1100 1.451897e-07
1101 9.411590e-08
1102 5.698495e-08
1103 3.521541e-08
1104 0.000000e+00
1105 0.000000e+00
1106 0.000000e+00
1107 0.000000e+00
1108 0.000000e+00
1109 0.000000e+00
1110 6.873098e-07
1111 6.023285e-07
1112 4.648444e-07
1113 3.481141e-07
1114 2.666508e-07
1115 1.660059e-07
1116 1.075834e-07
1117 6.512374e-08
1118 4.023863e-08
1119 0.000000e+00
1120 0.000000e+00
1121 0.000000e+00
1122 0.000000e+00
1123 0.000000e+00
1124 0.000000e+00
1125 7.944196e-07
1126 6.968449e-07
1127 5.381172e-07
1128 4.028926e-07
1129 3.087493e-07
1130 1.924458e-07
1131 1.246883e-07
1132 7.546077e-08
1133 4.661946e-08
1134 0.000000e+00
1135 0.000000e+00
1136 0.000000e+00
1137 0.000000e+00
1138 0.000000e+00
1139 0.000000e+00
1140 1.537429e-07
1141 1.411064e-07
1142 1.128108e-07
1143 8.385281e-08
1144 6.485769e-08
1145 4.358413e-08
1146 2.736422e-08
1147 1.652451e-08
1148 1.018656e-08
1149 0.000000e+00
1150 0.000000e+00
1151 0.000000e+00
1152 0.000000e+00
1153 0.000000e+00
1154 0.000000e+00
1155 2.694585e-07
1156 2.489657e-07
1157 2.003616e-07
1158 1.490384e-07
1159 1.150439e-07
1160 7.845321e-08
1161 4.880305e-08
1162 2.961994e-08
1163 1.824011e-08
1164 0.000000e+00
1165 0.000000e+00
1166 0.000000e+00
1167 0.000000e+00
1168 0.000000e+00
1169 0.000000e+00
1170 3.708245e-07
1171 3.436470e-07
1172 2.773997e-07
1173 2.064376e-07
1174 1.591933e-07
1175 1.092659e-07
1176 6.770401e-08
1177 4.120152e-08
1178 2.535456e-08
1179 0.000000e+00
1180 0.000000e+00
1181 0.000000e+00
1182 0.000000e+00
1183 0.000000e+00
1184 0.000000e+00
1185 4.606439e-07
1186 4.275326e-07
1187 3.456427e-07
1188 2.572873e-07
1189 1.983004e-07
1190 1.365577e-07
1191 8.444704e-08
1192 5.146092e-08
1193 3.165759e-08
1194 0.000000e+00
1195 0.000000e+00
1196 0.000000e+00
1197 0.000000e+00
1198 0.000000e+00
1199 0.000000e+00
1200 5.488285e-07
1201 5.099070e-07
1202 4.126624e-07
1203 3.072169e-07
1204 2.367015e-07
1205 1.633547e-07
1206 1.008854e-07
1207 6.153358e-08
1208 3.784574e-08
1209 0.000000e+00
1210 0.000000e+00
1211 0.000000e+00
1212 0.000000e+00
1213 0.000000e+00
1214 0.000000e+00
1215 6.608418e-07
1216 6.145305e-07
1217 4.977670e-07
1218 3.706390e-07
1219 2.854728e-07
1220 1.974000e-07
1221 1.217684e-07
1222 7.432411e-08
1223 4.570454e-08
1224 0.000000e+00
1225 0.000000e+00
1226 0.000000e+00
1227 0.000000e+00
1228 0.000000e+00
1229 0.000000e+00
1230 1.503226e-07
1231 1.448089e-07
1232 1.217621e-07
1233 9.153076e-08
1234 6.947676e-08
1235 5.145130e-08
1236 3.063397e-08
1237 1.944171e-08
1238 1.180889e-08
1239 7.248304e-09
1240 0.000000e+00
1241 0.000000e+00
1242 0.000000e+00
1243 0.000000e+00
1244 0.000000e+00
1245 2.528457e-07
1246 2.446987e-07
1247 2.069179e-07
1248 1.559638e-07
1249 1.181061e-07
1250 8.806703e-08
1251 5.246350e-08
1252 3.349153e-08
1253 2.028581e-08
1254 1.240558e-08
1255 0.000000e+00
1256 0.000000e+00
1257 0.000000e+00
1258 0.000000e+00
1259 0.000000e+00
1260 3.450385e-07
1261 3.345932e-07
1262 2.836233e-07
1263 2.140479e-07
1264 1.619265e-07
1265 1.210810e-07
1266 7.217530e-08
1267 4.617986e-08
1268 2.793604e-08
1269 1.705910e-08
1270 0.000000e+00
1271 0.000000e+00
1272 0.000000e+00
1273 0.000000e+00
1274 0.000000e+00
1275 4.352861e-07
1276 4.225774e-07
1277 3.587007e-07
1278 2.708869e-07
1279 2.048112e-07
1280 1.533918e-07
1281 9.145828e-08
1282 5.859221e-08
1283 3.542053e-08
1284 2.161340e-08
1285 0.000000e+00
1286 0.000000e+00
1287 0.000000e+00
1288 0.000000e+00
1289 0.000000e+00
1290 5.498992e-07
1291 5.343402e-07
1292 4.540570e-07
1293 3.430882e-07
1294 2.592823e-07
1295 1.944217e-07
1296 1.159526e-07
1297 7.435841e-08
1298 4.492859e-08
1299 2.739728e-08
1300 0.000000e+00
1301 0.000000e+00
1302 0.000000e+00
1303 0.000000e+00
1304 0.000000e+00
1305 1.548618e-07
1306 1.549019e-07
1307 1.364951e-07
1308 1.053195e-07
1309 7.857148e-08
1310 6.071730e-08
1311 3.723372e-08
1312 2.431169e-08
1313 1.444802e-08
1314 8.686418e-09
1315 0.000000e+00
1316 0.000000e+00
1317 0.000000e+00
1318 0.000000e+00
1319 0.000000e+00
1320 2.485733e-07
1321 2.493984e-07
1322 2.206644e-07
1323 1.707997e-07
1324 1.273029e-07
1325 9.848454e-08
1326 6.084553e-08
1327 3.963624e-08
1328 2.352344e-08
1329 1.414896e-08
1330 0.000000e+00
1331 0.000000e+00
1332 0.000000e+00
1333 0.000000e+00
1334 0.000000e+00
1335 3.399609e-07
1336 3.415517e-07
1337 3.027521e-07
1338 2.346573e-07
1339 1.748325e-07
1340 1.353177e-07
1341 8.387989e-08
1342 5.458129e-08
1343 3.237438e-08
1344 1.947644e-08
1345 0.000000e+00
1346 0.000000e+00
1347 0.000000e+00
1348 0.000000e+00
1349 0.000000e+00
1350 4.558994e-07
1351 4.584581e-07
1352 4.068866e-07
1353 3.156715e-07
1354 2.351277e-07
1355 1.820410e-07
1356 1.130998e-07
1357 7.354083e-08
1358 4.360452e-08
1359 2.623577e-08
1360 0.000000e+00
1361 0.000000e+00
1362 0.000000e+00
1363 0.000000e+00
1364 0.000000e+00
1365 1.655243e-07
1366 1.706816e-07
1367 1.567818e-07
1368 1.251477e-07
1369 9.283723e-08
1370 7.195510e-08
1371 4.796993e-08
1372 3.008963e-08
1373 1.780622e-08
1374 1.077628e-08
1375 0.000000e+00
1376 0.000000e+00
1377 0.000000e+00
1378 0.000000e+00
1379 0.000000e+00
1380 2.577719e-07
1381 2.663055e-07
1382 2.452763e-07
1383 1.963009e-07
1384 1.456472e-07
1385 1.127961e-07
1386 7.568140e-08
1387 4.726234e-08
1388 2.801460e-08
1389 1.695376e-08
1390 0.000000e+00
1391 0.000000e+00
1392 0.000000e+00
1393 0.000000e+00
1394 0.000000e+00
1395 3.741937e-07
1396 3.869759e-07
1397 3.569386e-07
1398 2.860721e-07
1399 2.122748e-07
1400 1.643242e-07
1401 1.106330e-07
1402 6.892615e-08
1403 4.089158e-08
1404 2.474633e-08
1405 0.000000e+00
1406 0.000000e+00
1407 0.000000e+00
1408 0.000000e+00
1409 0.000000e+00
1410 9.334065e-08
1411 9.841794e-08
1412 9.332599e-08
1413 7.692754e-08
1414 5.733443e-08
1415 4.391638e-08
1416 3.147467e-08
1417 1.879194e-08
1418 1.144920e-08
1419 6.890834e-09
1420 0.000000e+00
1421 0.000000e+00
1422 0.000000e+00
1423 0.000000e+00
1424 0.000000e+00
1425 1.855848e-07
1426 1.962737e-07
1427 1.869461e-07
1428 1.548846e-07
1429 1.156309e-07
1430 8.836471e-08
1431 6.390549e-08
1432 3.797672e-08
1433 2.331434e-08
1434 1.399884e-08
1435 0.000000e+00
1436 0.000000e+00
1437 0.000000e+00
1438 0.000000e+00
1439 0.000000e+00
1440 3.019795e-07
1441 3.197701e-07
1442 3.051342e-07
1443 2.533233e-07
1444 1.892577e-07
1445 1.444928e-07
1446 1.048734e-07
1447 6.221446e-08
1448 3.831035e-08
1449 2.298140e-08
1450 0.000000e+00
1451 0.000000e+00
1452 0.000000e+00
1453 0.000000e+00
1454 0.000000e+00
1455 1.205985e-07
1456 1.301465e-07
1457 1.276682e-07
1458 1.095210e-07
1459 8.298560e-08
1460 6.245382e-08
1461 4.745252e-08
1462 2.791695e-08
1463 1.796818e-08
1464 1.061884e-08
1465 6.237332e-09
1466 0.000000e+00
1467 0.000000e+00
1468 0.000000e+00
1469 0.000000e+00
1470 2.368728e-07
1471 2.560751e-07
1472 2.518543e-07
1473 2.167693e-07
1474 1.645652e-07
1475 1.236914e-07
1476 9.425642e-08
1477 5.559291e-08
1478 3.588340e-08
1479 2.117438e-08
1480 1.241157e-08
1481 0.000000e+00
1482 0.000000e+00
1483 0.000000e+00
1484 0.000000e+00
1485 1.764646e-07
1486 1.944087e-07
1487 1.965566e-07
1488 1.754178e-07
1489 1.364350e-07
1490 1.014230e-07
1491 7.883428e-08
1492 4.885018e-08
1493 3.170901e-08
1494 1.842649e-08
1495 1.074888e-08
1496 0.000000e+00
1497 0.000000e+00
1498 0.000000e+00
1499 0.000000e+00
1500 7.061463e-05
1501 5.317113e-05
1502 4.062475e-05
1503 2.869886e-05
1504 1.785707e-05
1505 1.132706e-05
1506 7.086054e-06
1507 0.000000e+00
1508 0.000000e+00
1509 0.000000e+00
1510 0.000000e+00
1511 0.000000e+00
1512 0.000000e+00
1513 0.000000e+00
1514 0.000000e+00
1515 5.596517e-05
1516 4.542306e-05
1517 3.387207e-05
1518 2.608587e-05
1519 1.817639e-05
1520 1.124140e-05
1521 6.956853e-06
1522 4.337857e-06
1523 0.000000e+00
1524 0.000000e+00
1525 0.000000e+00
1526 0.000000e+00
1527 0.000000e+00
1528 0.000000e+00
1529 0.000000e+00
1530 4.414859e-05
1531 3.878053e-05
1532 2.989378e-05
1533 2.233384e-05
1534 1.724584e-05
1535 1.061949e-05
1536 6.971114e-06
1537 4.206256e-06
1538 2.586891e-06
1539 0.000000e+00
1540 0.000000e+00
1541 0.000000e+00
1542 0.000000e+00
1543 0.000000e+00
1544 0.000000e+00
1545 3.567162e-05
1546 3.323503e-05
1547 2.692371e-05
1548 2.000533e-05
1549 1.543550e-05
1550 1.070292e-05
1551 6.586085e-06
1552 3.992682e-06
1553 2.463565e-06
1554 0.000000e+00
1555 0.000000e+00
1556 0.000000e+00
1557 0.000000e+00
1558 0.000000e+00
1559 0.000000e+00
1560 2.941865e-05
1561 2.863915e-05
1562 2.436349e-05
1563 1.838932e-05
1564 1.388480e-05
1565 1.047358e-05
1566 6.185518e-06
1567 3.986933e-06
1568 2.409124e-06
1569 1.466483e-06
1570 0.000000e+00
1571 0.000000e+00
1572 0.000000e+00
1573 0.000000e+00
1574 0.000000e+00
1575 2.455962e-05
1576 2.473942e-05
1577 2.199210e-05
1578 1.706067e-05
1579 1.268983e-05
1580 9.860380e-06
1581 6.103462e-06
1582 3.998327e-06
1583 2.365967e-06
1584 1.419269e-06
1585 0.000000e+00
1586 0.000000e+00
1587 0.000000e+00
1588 0.000000e+00
1589 0.000000e+00
1590 2.067391e-05
1591 2.141323e-05
1592 1.978734e-05
1593 1.587118e-05
1594 1.176429e-05
1595 9.115834e-06
1596 6.154236e-06
1597 3.831409e-06
1598 2.262932e-06
1599 1.373446e-06
1600 0.000000e+00
1601 0.000000e+00
1602 0.000000e+00
1603 0.000000e+00
1604 0.000000e+00
1605 1.747536e-05
1606 1.853179e-05
1607 1.771732e-05
1608 1.473032e-05
1609 1.100012e-05
1610 8.393577e-06
1611 6.122347e-06
1612 3.610491e-06
1613 2.224013e-06
1614 1.334001e-06
1615 0.000000e+00
1616 0.000000e+00
1617 0.000000e+00
1618 0.000000e+00
1619 0.000000e+00
1620 1.472524e-05
1621 1.594121e-05
1622 1.570879e-05
1623 1.354722e-05
1624 1.028831e-05
1625 7.724224e-06
1626 5.910172e-06
1627 3.472031e-06
1628 2.253550e-06
1629 1.329045e-06
1630 7.756583e-07
1631 0.000000e+00
1632 0.000000e+00
1633 0.000000e+00
1634 0.000000e+00
1635 1.221656e-05
1636 1.347823e-05
1637 1.365502e-05
1638 1.221694e-05
1639 9.514336e-06
1640 7.065420e-06
1641 5.502462e-06
1642 3.416127e-06
1643 2.223597e-06
1644 1.290021e-06
1645 7.521080e-07
1646 0.000000e+00
1647 0.000000e+00
1648 0.000000e+00
1649 0.000000e+00
1650 1.340299e-06
1651 1.017721e-06
1652 7.706659e-07
1653 5.464904e-07
1654 3.435954e-07
1655 2.184673e-07
1656 1.363525e-07
1657 0.000000e+00
1658 0.000000e+00
1659 0.000000e+00
1660 0.000000e+00
1661 0.000000e+00
1662 0.000000e+00
1663 0.000000e+00
1664 0.000000e+00
1665 1.223401e-06
1666 9.958934e-07
1667 7.460998e-07
1668 5.718715e-07
1669 3.991494e-07
1670 2.473911e-07
1671 1.545564e-07
1672 9.598043e-08
1673 0.000000e+00
1674 0.000000e+00
1675 0.000000e+00
1676 0.000000e+00
1677 0.000000e+00
1678 0.000000e+00
1679 0.000000e+00
1680 1.089763e-06
1681 9.576258e-07
1682 7.403761e-07
1683 5.541279e-07
1684 4.249809e-07
1685 2.654373e-07
1686 1.719186e-07
1687 1.040015e-07
1688 6.423607e-08
1689 0.000000e+00
1690 0.000000e+00
1691 0.000000e+00
1692 0.000000e+00
1693 0.000000e+00
1694 0.000000e+00
1695 9.694671e-07
1696 9.029746e-07
1697 7.325096e-07
1698 5.455851e-07
1699 4.200474e-07
1700 2.913572e-07
1701 1.793997e-07
1702 1.096669e-07
1703 6.739885e-08
1704 0.000000e+00
1705 0.000000e+00
1706 0.000000e+00
1707 0.000000e+00
1708 0.000000e+00
1709 0.000000e+00
1710 8.660154e-07
1711 8.427064e-07
1712 7.172373e-07
1713 5.423855e-07
1714 4.096559e-07
1715 3.077167e-07
1716 1.835788e-07
1717 1.178875e-07
1718 7.117796e-08
1719 4.336701e-08
1720 0.000000e+00
1721 0.000000e+00
1722 0.000000e+00
1723 0.000000e+00
1724 0.000000e+00
1725 7.757450e-07
1726 7.811220e-07
1727 6.943745e-07
1728 5.393434e-07
1729 4.016154e-07
1730 3.110621e-07
1731 1.937830e-07
1732 1.258901e-07
1733 7.461016e-08
1734 4.489868e-08
1735 0.000000e+00
1736 0.000000e+00
1737 0.000000e+00
1738 0.000000e+00
1739 0.000000e+00
1740 6.954357e-07
1741 7.200854e-07
1742 6.652463e-07
1743 5.339666e-07
1744 3.962733e-07
1745 3.066278e-07
1746 2.071593e-07
1747 1.287568e-07
1748 7.645574e-08
1749 4.626770e-08
1750 0.000000e+00
1751 0.000000e+00
1752 0.000000e+00
1753 0.000000e+00
1754 0.000000e+00
1755 6.230296e-07
1756 6.605250e-07
1757 6.312723e-07
1758 5.249832e-07
1759 3.924470e-07
1760 2.994019e-07
1761 2.179226e-07
1762 1.291042e-07
1763 7.969224e-08
1764 4.776950e-08
1765 0.000000e+00
1766 0.000000e+00
1767 0.000000e+00
1768 0.000000e+00
1769 0.000000e+00
1770 5.564328e-07
1771 6.022634e-07
1772 5.932655e-07
1773 5.116127e-07
1774 3.888335e-07
1775 2.920592e-07
1776 2.229147e-07
1777 1.316682e-07
1778 8.512329e-08
1779 5.018780e-08
1780 2.938323e-08
1781 0.000000e+00
1782 0.000000e+00
1783 0.000000e+00
1784 0.000000e+00
1785 4.935656e-07
1786 5.444572e-07
1787 5.514137e-07
1788 4.932169e-07
1789 3.842888e-07
1790 2.855628e-07
1791 2.220253e-07
1792 1.382125e-07
1793 8.954863e-08
1794 5.200068e-08
1795 3.036430e-08
1796 0.000000e+00
1797 0.000000e+00
1798 0.000000e+00
1799 0.000000e+00
1800 4.697466e-09
1801 3.264937e-09
1802 2.175857e-09
1803 1.411590e-09
1804 9.225269e-10
1805 6.131209e-10
1806 4.168680e-10
1807 2.874550e-10
1808 1.975691e-10
1809 1.326752e-10
1810 8.554793e-11
1811 5.226856e-11
1812 3.003300e-11
1813 1.620392e-11
1814 8.285165e-12
1815 1.162342e-08
1816 8.402134e-09
1817 5.855373e-09
1818 3.879968e-09
1819 2.492733e-09
1820 1.615869e-09
1821 1.063800e-09
1822 7.185724e-10
1823 4.940516e-10
1824 3.397322e-10
1825 2.288115e-10
1826 1.481619e-10
1827 9.094151e-11
1828 5.239833e-11
1829 2.829963e-11
1830 1.818754e-08
1831 1.347519e-08
1832 9.614825e-09
1833 6.587422e-09
1834 4.271567e-09
1835 2.738413e-09
1836 1.771472e-09
1837 1.170984e-09
1838 7.930650e-10
1839 5.444442e-10
1840 3.715753e-10
1841 2.469459e-10
1842 1.570399e-10
1843 9.434789e-11
1844 5.316929e-11
1845 2.489164e-08
1846 1.890747e-08
1847 1.370532e-08
1848 9.597512e-09
1849 6.375629e-09
1850 4.061961e-09
1851 2.610623e-09
1852 1.694779e-09
1853 1.129366e-09
1854 7.685166e-10
1855 5.255280e-10
1856 3.538359e-10
1857 2.300884e-10
1858 1.422859e-10
1859 8.283783e-11
1860 3.188395e-08
1861 2.483312e-08
1862 1.828548e-08
1863 1.298565e-08
1864 8.831470e-09
1865 5.665110e-09
1866 3.615243e-09
1867 2.318583e-09
1868 1.522346e-09
1869 1.023882e-09
1870 6.976682e-10
1871 4.724271e-10
1872 3.116487e-10
1873 1.969016e-10
1874 1.176555e-10
1875 3.940282e-08
1876 3.147869e-08
1877 2.359284e-08
1878 1.694972e-08
1879 1.174146e-08
1880 7.665334e-09
1881 4.852343e-09
1882 3.096636e-09
1883 2.004026e-09
1884 1.329451e-09
1885 8.990005e-10
1886 6.092950e-10
1887 4.056489e-10
1888 2.605085e-10
1889 1.590837e-10
1890 4.773306e-08
1891 3.912455e-08
1892 2.992959e-08
1893 2.176589e-08
1894 1.529034e-08
1895 1.020063e-08
1896 6.451561e-09
1897 4.103743e-09
1898 2.618273e-09
1899 1.712753e-09
1900 1.145778e-09
1901 7.740684e-10
1902 5.178727e-10
1903 3.367349e-10
1904 2.095038e-10
1905 5.734465e-08
1906 4.825958e-08
1907 3.779627e-08
1908 2.790569e-08
1909 1.983727e-08
1910 1.351543e-08
1911 8.645112e-09
1912 5.457708e-09
1913 3.449564e-09
1914 2.223966e-09
1915 1.467552e-09
1916 9.836463e-10
1917 6.586175e-10
1918 4.320109e-10
1919 2.730547e-10
1920 6.960434e-08
1921 6.031154e-08
1922 4.861540e-08
1923 3.666501e-08
1924 2.640926e-08
1925 1.834354e-08
1926 1.201184e-08
1927 7.532483e-09
1928 4.745198e-09
1929 3.006274e-09
1930 1.947303e-09
1931 1.287545e-09
1932 8.577290e-10
1933 5.652770e-10
1934 3.620667e-10
1935 9.148345e-08
1936 8.279859e-08
1937 6.993783e-08
1938 5.502142e-08
1939 4.077298e-08
1940 2.899867e-08
1941 1.974316e-08
1942 1.263518e-08
1943 7.890201e-09
1944 4.910142e-09
1945 3.088085e-09
1946 1.980383e-09
1947 1.290875e-09
1948 8.441008e-10
1949 5.445578e-10
1950 2.106975e-07
1951 2.158118e-07
1952 2.101452e-07
1953 1.926508e-07
1954 1.648777e-07
1955 1.311627e-07
1956 9.772173e-08
1957 6.955133e-08
1958 4.748397e-08
1959 3.015170e-08
1960 1.821934e-08
1961 1.082492e-08
1962 6.347842e-09
1963 3.716436e-09
1964 2.192071e-09
