0 1.850995e-09
1 1.237992e-09
2 8.079700e-10
3 5.287886e-10
4 3.509011e-10
5 2.366991e-10
6 1.608968e-10
7 1.083945e-10
8 7.104141e-11
9 4.455876e-11
10 2.645297e-11
11 1.480749e-11
12 7.850212e-12
13 3.989367e-12
14 1.976608e-12
15 2.957597e-09
16 2.016465e-09
17 1.324535e-09
18 8.597414e-10
19 5.640690e-10
20 3.760790e-10
21 2.545792e-10
22 1.726438e-10
23 1.151092e-10
24 7.407373e-11
25 4.534102e-11
26 2.619447e-11
27 1.427990e-11
28 7.405399e-12
29 3.709139e-12
30 3.374531e-09
31 2.314904e-09
32 1.526971e-09
33 9.897945e-10
34 6.474163e-10
35 4.299739e-10
36 2.903531e-10
37 1.969790e-10
38 1.318388e-10
39 8.540233e-11
40 5.272831e-11
41 3.075210e-11
42 1.691853e-11
43 8.838024e-12
44 4.446103e-12
45 3.618340e-09
46 2.489384e-09
47 1.645491e-09
48 1.066025e-09
49 6.962276e-10
50 4.615376e-10
51 3.112857e-10
52 2.112127e-10
53 1.416114e-10
54 9.202254e-11
55 5.704802e-11
56 3.342065e-11
57 1.846521e-11
58 9.678446e-12
59 4.878959e-12
60 3.788547e-09
61 2.611172e-09
62 1.728112e-09
63 1.119123e-09
64 7.302655e-10
65 4.835399e-10
66 3.259007e-10
67 2.211599e-10
68 1.484446e-10
69 9.664494e-11
70 6.006397e-11
71 3.528003e-11
72 1.954311e-11
73 1.026419e-11
74 5.180344e-12
75 3.921397e-09
76 2.706305e-09
77 1.792622e-09
78 1.160675e-09
79 7.568044e-10
80 5.007194e-10
81 3.372717e-10
82 2.289020e-10
83 1.537694e-10
84 1.002553e-10
85 6.241573e-11
86 3.673541e-11
87 2.038536e-11
88 1.072171e-11
89 5.415480e-12
90 4.032702e-09
91 2.786018e-09
92 1.846774e-09
93 1.195399e-09
94 7.790661e-10
95 5.151132e-10
96 3.468399e-10
97 2.354106e-10
98 1.582354e-10
99 1.032823e-10
100 6.439245e-11
101 3.795344e-11
102 2.109049e-11
103 1.110461e-11
104 5.612813e-12
105 4.131640e-09
106 2.856779e-09
107 1.894899e-09
108 1.226315e-09
109 7.988726e-10
110 5.279106e-10
111 3.553245e-10
112 2.411859e-10
113 1.622003e-10
114 1.059679e-10
115 6.614670e-11
116 3.903544e-11
117 2.171863e-11
118 1.144552e-11
119 5.788039e-12
120 4.229008e-09
121 2.926462e-09
122 1.942176e-09
123 1.256677e-09
124 8.183206e-10
125 5.405218e-10
126 3.636905e-10
127 2.468608e-10
128 1.661060e-10
129 1.086145e-10
130 6.786594e-11
131 4.010045e-11
132 2.233268e-11
133 1.177999e-11
134 5.960181e-12
135 4.352628e-09
136 3.014974e-09
137 2.002282e-09
138 1.295338e-09
139 8.430690e-10
140 5.565004e-10
141 3.742913e-10
142 2.540858e-10
143 1.710591e-10
144 1.119699e-10
145 7.005791e-11
146 4.145260e-11
147 2.311716e-11
148 1.220529e-11
149 6.179119e-12
150 5.647196e-09
151 3.965926e-09
152 2.670422e-09
153 1.730590e-09
154 1.120037e-09
155 7.330870e-10
156 4.891513e-10
157 3.310843e-10
158 2.238423e-10
159 1.482226e-10
160 9.433596e-11
161 5.696177e-11
162 3.243079e-11
163 1.743766e-11
164 8.938590e-12
165 7.023382e-09
166 4.984232e-09
167 3.398135e-09
168 2.216767e-09
169 1.428547e-09
170 9.296617e-10
171 6.155318e-10
172 4.146751e-10
173 2.806956e-10
174 1.872013e-10
175 1.206564e-10
176 7.400427e-11
177 4.288589e-11
178 2.344092e-11
179 1.216759e-11
180 7.868144e-09
181 5.610911e-09
182 3.848749e-09
183 2.520373e-09
184 1.621565e-09
185 1.052693e-09
186 6.942120e-10
187 4.665685e-10
188 3.157884e-10
189 2.112780e-10
190 1.368855e-10
191 8.459368e-11
192 4.941036e-11
193 2.722044e-11
194 1.421344e-11
195 8.462147e-09
196 6.052356e-09
197 4.165022e-09
198 2.734101e-09
199 1.756931e-09
200 1.139053e-09
201 7.496207e-10
202 5.030889e-10
203 3.405050e-10
204 2.281400e-10
205 1.482862e-10
206 9.203035e-11
207 5.400011e-11
208 2.987756e-11
209 1.565620e-11
210 8.927365e-09
211 6.397325e-09
212 4.412040e-09
213 2.900400e-09
214 1.863059e-09
215 1.206546e-09
216 7.928982e-10
217 5.314695e-10
218 3.597381e-10
219 2.413667e-10
220 1.572057e-10
221 9.781871e-11
222 5.758206e-11
223 3.194913e-11
224 1.677726e-11
225 9.315362e-09
226 6.683860e-09
227 4.618210e-09
228 3.039479e-09
229 1.951432e-09
230 1.262871e-09
231 8.289493e-10
232 5.552840e-10
233 3.758498e-10
234 2.523638e-10
235 1.646729e-10
236 1.026831e-10
237 6.056773e-11
238 3.368218e-11
239 1.771541e-11
240 9.659541e-09
241 6.940237e-09
242 4.802434e-09
243 3.163971e-09
244 2.029963e-09
245 1.312970e-09
246 8.611121e-10
247 5.765677e-10
248 3.902413e-10
249 2.621454e-10
250 1.713115e-10
251 1.069894e-10
252 6.324152e-11
253 3.522219e-11
254 1.855261e-11
255 9.999267e-09
256 7.192612e-09
257 4.982387e-09
258 3.284993e-09
259 2.107474e-09
260 1.362163e-09
261 8.926143e-10
262 5.972415e-10
263 4.042551e-10
264 2.718229e-10
265 1.778051e-10
266 1.112317e-10
267 6.584982e-11
268 3.674302e-11
269 1.937130e-11
270 1.042857e-08
271 7.512128e-09
272 5.210902e-09
273 3.439198e-09
274 2.205524e-09
275 1.424786e-09
276 9.327064e-10
277 6.236892e-10
278 4.221236e-10
279 2.840299e-10
280 1.860698e-10
281 1.166077e-10
282 6.917354e-11
283 3.866472e-11
284 2.041630e-11
285 9.341531e-09
286 6.725289e-09
287 4.665925e-09
288 3.092464e-09
289 1.986843e-09
290 1.284714e-09
291 8.408223e-10
292 5.612573e-10
293 3.788861e-10
294 2.542977e-10
295 1.663148e-10
296 1.041600e-10
297 6.187241e-11
298 3.466677e-11
299 1.837128e-11
300 1.093608e-08
301 7.937934e-09
302 5.553231e-09
303 3.717108e-09
304 2.391537e-09
305 1.540913e-09
306 1.002815e-09
307 6.655764e-10
308 4.481255e-10
309 3.013032e-10
310 1.983199e-10
311 1.254839e-10
312 7.543074e-11
313 4.282530e-11
314 2.296361e-11
315 1.208274e-08
316 8.813143e-09
317 6.194270e-09
318 4.168725e-09
319 2.686448e-09
320 1.726904e-09
321 1.120305e-09
322 7.414010e-10
323 4.982714e-10
324 3.353234e-10
325 2.214013e-10
326 1.408749e-10
327 8.526540e-11
328 4.875364e-11
329 2.631163e-11
330 1.297884e-08
331 9.497426e-09
332 6.696031e-09
333 4.522718e-09
334 2.917200e-09
335 1.872934e-09
336 1.212759e-09
337 8.006425e-10
338 5.375174e-10
339 3.618952e-10
340 2.394919e-10
341 1.529294e-10
342 9.296280e-11
343 5.340650e-11
344 2.893499e-11
345 1.372973e-08
346 1.007019e-08
347 7.115689e-09
348 4.818237e-09
349 3.109773e-09
350 1.994451e-09
351 1.289697e-09
352 8.502757e-10
353 5.703269e-10
354 3.841263e-10
355 2.546451e-10
356 1.630087e-10
357 9.940444e-11
358 5.728693e-11
359 3.112051e-11
360 1.439666e-08
361 1.057985e-08
362 7.488857e-09
363 5.081028e-09
364 3.281791e-09
365 2.102849e-09
366 1.358304e-09
367 8.943692e-10
368 5.994824e-10
369 4.038415e-10
370 2.680858e-10
371 1.719716e-10
372 1.051062e-10
373 6.073780e-11
374 3.308195e-11
375 1.505273e-08
376 1.107967e-08
377 7.855084e-09
378 5.339897e-09
379 3.449971e-09
380 2.209392e-09
381 1.425752e-09
382 9.376677e-10
383 6.281589e-10
384 4.232550e-10
385 2.813284e-10
386 1.807851e-10
387 1.107344e-10
388 6.412691e-11
389 3.499327e-11
390 1.588530e-08
391 1.171519e-08
392 8.320600e-09
393 5.667952e-09
394 3.664277e-09
395 2.344357e-09
396 1.511421e-09
397 9.926637e-10
398 6.645300e-10
399 4.479808e-10
400 2.981161e-10
401 1.919746e-10
402 1.178700e-10
403 6.843950e-11
404 3.742137e-11
405 1.329887e-08
406 9.772056e-09
407 6.908525e-09
408 4.689896e-09
409 3.038734e-09
410 1.948043e-09
411 1.260035e-09
412 8.291893e-10
413 5.551666e-10
414 3.732506e-10
415 2.472451e-10
416 1.583334e-10
417 9.670284e-11
418 5.590362e-11
419 3.049059e-11
420 1.511320e-08
421 1.119876e-08
422 7.968597e-09
423 5.453478e-09
424 3.555333e-09
425 2.273238e-09
426 1.465813e-09
427 9.592489e-10
428 6.395299e-10
429 4.296542e-10
430 2.854571e-10
431 1.840484e-10
432 1.134564e-10
433 6.626807e-11
434 3.653285e-11
435 1.654773e-08
436 1.232848e-08
437 8.808385e-09
438 6.059415e-09
439 3.967013e-09
440 2.532189e-09
441 1.629881e-09
442 1.062780e-09
443 7.066506e-10
444 4.744408e-10
445 3.158534e-10
446 2.044758e-10
447 1.267718e-10
448 7.452981e-11
449 4.135571e-11
450 1.775360e-08
451 1.327758e-08
452 9.515372e-09
453 6.568571e-09
454 4.312196e-09
455 2.750107e-09
456 1.767623e-09
457 1.149808e-09
458 7.629878e-10
459 5.119844e-10
460 3.413111e-10
461 2.216242e-10
462 1.379387e-10
463 8.146403e-11
464 4.539596e-11
465 1.882152e-08
466 1.412151e-08
467 1.014132e-08
468 7.019420e-09
469 4.618251e-09
470 2.943159e-09
471 1.889833e-09
472 1.226933e-09
473 8.131252e-10
474 5.453192e-10
475 3.639749e-10
476 2.368479e-10
477 1.478491e-10
478 8.760838e-11
479 4.899633e-11
480 1.987339e-08
481 1.494805e-08
482 1.075619e-08
483 7.464611e-09
484 4.919309e-09
485 3.132997e-09
486 2.009958e-09
487 1.302568e-09
488 8.621831e-10
489 5.782212e-10
490 3.862349e-10
491 2.518095e-10
492 1.576084e-10
493 9.365808e-11
494 5.253089e-11
495 2.120511e-08
496 1.599905e-08
497 1.153836e-08
498 8.026810e-09
499 5.302098e-09
500 3.373759e-09
501 2.162457e-09
502 1.399021e-09
503 9.247529e-10
504 6.198857e-10
505 4.144319e-10
506 2.708023e-10
507 1.699769e-10
508 1.013475e-10
509 5.701037e-11
510 1.762751e-08
511 1.322365e-08
512 9.490415e-09
513 6.561648e-09
514 4.325212e-09
515 2.760941e-09
516 1.774340e-09
517 1.152159e-09
518 7.631443e-10
519 5.113171e-10
520 3.405515e-10
521 2.211845e-10
522 1.379086e-10
523 8.166542e-11
524 4.569178e-11
525 1.970833e-08
526 1.491576e-08
527 1.077026e-08
528 7.495900e-09
529 4.978400e-09
530 3.180018e-09
531 2.038345e-09
532 1.317232e-09
533 8.684416e-10
534 5.804162e-10
535 3.869523e-10
536 2.525152e-10
537 1.585424e-10
538 9.472373e-11
539 5.350838e-11
540 2.146624e-08
541 1.634769e-08
542 1.185506e-08
543 8.286509e-09
544 5.532230e-09
545 3.535096e-09
546 2.261520e-09
547 1.456969e-09
548 9.576335e-10
549 6.388647e-10
550 4.261885e-10
551 2.789525e-10
552 1.759977e-10
553 1.057531e-10
554 6.012325e-11
555 2.302559e-08
556 1.761897e-08
557 1.281766e-08
558 8.988631e-09
559 6.024681e-09
560 3.851227e-09
561 2.460347e-09
562 1.581314e-09
563 1.037013e-09
564 6.908128e-10
565 4.611806e-10
566 3.024912e-10
567 1.915137e-10
568 1.156032e-10
569 6.602694e-11
570 2.456499e-08
571 1.886968e-08
572 1.376248e-08
573 9.678713e-09
574 6.506939e-09
575 4.161179e-09
576 2.655257e-09
577 1.703234e-09
578 1.114905e-09
579 7.419018e-10
580 4.954118e-10
581 3.255471e-10
582 2.067827e-10
583 1.252517e-10
584 7.180370e-11
585 2.650616e-08
586 2.045099e-08
587 1.496269e-08
588 1.055455e-08
589 7.120653e-09
590 4.555248e-09
591 2.902646e-09
592 1.858177e-09
593 1.213674e-09
594 8.067569e-10
595 5.389710e-10
596 3.548633e-10
597 2.261262e-10
598 1.374919e-10
599 7.914752e-11
600 2.249360e-08
601 1.724200e-08
602 1.255949e-08
603 8.811080e-09
604 5.916081e-09
605 3.794362e-09
606 2.422057e-09
607 1.557074e-09
608 1.019820e-09
609 6.784261e-10
610 4.521564e-10
611 2.963756e-10
612 1.876457e-10
613 1.133845e-10
614 6.488162e-11
615 2.492637e-08
616 1.928981e-08
617 1.414812e-08
618 9.979914e-09
619 6.751717e-09
620 4.347229e-09
621 2.767318e-09
622 1.773419e-09
623 1.155834e-09
624 7.659631e-10
625 5.101657e-10
626 3.352878e-10
627 2.135314e-10
628 1.299822e-10
629 7.505191e-11
630 2.709742e-08
631 2.111901e-08
632 1.556371e-08
633 1.102406e-08
634 7.497609e-09
635 4.840748e-09
636 3.075612e-09
637 1.966569e-09
638 1.277329e-09
639 8.440409e-10
640 5.620084e-10
641 3.700650e-10
642 2.365917e-10
643 1.448453e-10
644 8.415415e-11
645 2.923322e-08
646 2.291365e-08
647 1.695371e-08
648 1.204816e-08
649 8.228882e-09
650 5.325744e-09
651 3.378055e-09
652 2.156286e-09
653 1.396315e-09
654 9.208038e-10
655 6.127756e-10
656 4.041026e-10
657 2.592785e-10
658 1.593981e-10
659 9.307849e-11
660 3.193023e-08
661 2.518746e-08
662 1.871612e-08
663 1.334689e-08
664 9.156789e-09
665 5.940669e-09
666 3.762216e-09
667 2.396799e-09
668 1.547389e-09
669 1.018260e-09
670 6.772845e-10
671 4.474252e-10
672 2.880035e-10
673 1.778787e-10
674 1.043747e-10
675 2.812861e-08
676 2.206009e-08
677 1.634008e-08
678 1.161062e-08
679 7.930087e-09
680 5.149313e-09
681 3.267750e-09
682 2.087827e-09
683 1.351047e-09
684 8.899853e-10
685 5.913284e-10
686 3.894568e-10
687 2.495419e-10
688 1.533553e-10
689 8.958410e-11
690 3.106904e-08
691 2.462205e-08
692 1.837739e-08
693 1.313258e-08
694 9.032230e-09
695 5.903143e-09
696 3.740610e-09
697 2.384467e-09
698 1.535007e-09
699 1.006383e-09
700 6.672922e-10
701 4.399328e-10
702 2.831052e-10
703 1.752055e-10
704 1.032073e-10
705 3.396096e-08
706 2.713180e-08
707 2.037858e-08
708 1.462648e-08
709 1.011297e-08
710 6.642996e-09
711 4.204581e-09
712 2.676068e-09
713 1.715186e-09
714 1.120780e-09
715 7.417348e-10
716 4.894098e-10
717 3.161055e-10
718 1.965858e-10
719 1.165430e-10
720 3.761750e-08
721 3.031966e-08
722 2.291778e-08
723 1.652258e-08
724 1.148502e-08
725 7.582972e-09
726 4.793308e-09
727 3.045659e-09
728 1.944102e-09
729 1.265880e-09
730 8.364090e-10
731 5.523422e-10
732 3.579186e-10
733 2.237930e-10
734 1.335204e-10
735 3.493095e-08
736 2.807721e-08
737 2.120382e-08
738 1.527235e-08
739 1.059432e-08
740 6.999063e-09
741 4.439206e-09
742 2.820908e-09
743 1.803226e-09
744 1.174497e-09
745 7.751186e-10
746 5.108606e-10
747 3.301518e-10
748 2.059466e-10
749 1.226338e-10
750 3.881769e-08
751 3.157574e-08
752 2.407814e-08
753 1.746179e-08
754 1.219356e-08
755 8.124956e-09
756 5.162950e-09
757 3.271554e-09
758 2.080771e-09
759 1.347531e-09
760 8.858276e-10
761 5.835622e-10
762 3.782404e-10
763 2.373245e-10
764 1.424833e-10
765 4.374453e-08
766 3.601493e-08
767 2.772796e-08
768 2.023819e-08
769 1.422254e-08
770 9.552650e-09
771 6.080702e-09
772 3.842434e-09
773 2.432569e-09
774 1.567364e-09
775 1.026417e-09
776 6.756709e-10
777 4.392374e-10
778 2.772358e-10
779 1.677386e-10
780 4.403168e-08
781 3.642531e-08
782 2.819583e-08
783 2.066690e-08
784 1.455845e-08
785 9.820915e-09
786 6.288920e-09
787 3.967514e-09
788 2.511359e-09
789 1.612327e-09
790 1.052007e-09
791 6.906043e-10
792 4.484442e-10
793 2.833028e-10
794 1.718509e-10
795 5.082735e-08
796 4.277675e-08
797 3.362311e-08
798 2.491946e-08
799 1.770538e-08
800 1.208049e-08
801 7.801858e-09
802 4.903857e-09
803 3.091958e-09
804 1.968318e-09
805 1.274233e-09
806 8.331293e-10
807 5.416961e-10
808 3.441455e-10
809 2.108398e-10
810 6.116203e-08
811 5.286845e-08
812 4.267996e-08
813 3.232838e-08
814 2.332036e-08
815 1.617740e-08
816 1.067079e-08
817 6.721890e-09
818 4.217073e-09
819 2.648596e-09
820 1.689249e-09
821 1.091499e-09
822 7.062960e-10
823 4.504080e-10
824 2.789347e-10
825 5.170782e-07
826 3.908177e-07
827 2.958632e-07
828 2.044880e-07
829 1.285927e-07
830 8.133842e-08
831 5.107402e-08
832 0.000000e+00
833 0.000000e+00
834 0.000000e+00
835 0.000000e+00
836 0.000000e+00
837 0.000000e+00
838 0.000000e+00
839 0.000000e+00
840 6.686483e-07
841 5.061659e-07
842 3.832117e-07
843 2.673933e-07
844 1.681074e-07
845 1.065482e-07
846 6.675115e-08
847 0.000000e+00
848 0.000000e+00
849 0.000000e+00
850 0.000000e+00
851 0.000000e+00
852 0.000000e+00
853 0.000000e+00
854 0.000000e+00
855 7.750674e-07
856 5.871874e-07
857 4.445677e-07
858 3.115878e-07
859 1.958954e-07
860 1.242710e-07
861 7.777110e-08
862 0.000000e+00
863 0.000000e+00
864 0.000000e+00
865 0.000000e+00
866 0.000000e+00
867 0.000000e+00
868 0.000000e+00
869 0.000000e+00
870 8.580515e-07
871 6.503674e-07
872 4.924099e-07
873 3.460456e-07
874 2.175543e-07
875 1.380855e-07
876 8.636406e-08
877 0.000000e+00
878 0.000000e+00
879 0.000000e+00
880 0.000000e+00
881 0.000000e+00
882 0.000000e+00
883 0.000000e+00
884 0.000000e+00
885 9.276169e-07
886 7.033228e-07
887 5.325156e-07
888 3.749278e-07
889 2.357151e-07
890 1.496658e-07
891 9.356551e-08
892 0.000000e+00
893 0.000000e+00
894 0.000000e+00
895 0.000000e+00
896 0.000000e+00
897 0.000000e+00
898 0.000000e+00
899 0.000000e+00
900 9.895280e-07
901 7.504519e-07
902 5.682089e-07
903 4.006352e-07
904 2.518777e-07
905 1.599733e-07
906 9.997477e-08
907 0.000000e+00
908 0.000000e+00
909 0.000000e+00
910 0.000000e+00
911 0.000000e+00
912 0.000000e+00
913 0.000000e+00
914 0.000000e+00
915 1.050352e-06
916 7.967574e-07
917 6.032748e-07
918 4.258861e-07
919 2.677560e-07
920 1.700985e-07
921 1.062725e-07
922 0.000000e+00
923 0.000000e+00
924 0.000000e+00
925 0.000000e+00
926 0.000000e+00
927 0.000000e+00
928 0.000000e+00
929 0.000000e+00
930 1.127590e-06
931 8.555622e-07
932 6.477924e-07
933 4.579505e-07
934 2.879184e-07
935 1.829568e-07
936 1.142691e-07
937 0.000000e+00
938 0.000000e+00
939 0.000000e+00
940 0.000000e+00
941 0.000000e+00
942 0.000000e+00
943 0.000000e+00
944 0.000000e+00
945 3.740575e-07
946 3.004786e-07
947 2.246224e-07
948 1.726431e-07
949 1.176105e-07
950 7.363669e-08
951 4.559447e-08
952 2.842240e-08
953 0.000000e+00
954 0.000000e+00
955 0.000000e+00
956 0.000000e+00
957 0.000000e+00
958 0.000000e+00
959 0.000000e+00
960 5.084933e-07
961 4.104907e-07
962 3.070853e-07
963 2.357797e-07
964 1.621182e-07
965 1.010954e-07
966 6.281192e-08
967 3.909924e-08
968 0.000000e+00
969 0.000000e+00
970 0.000000e+00
971 0.000000e+00
972 0.000000e+00
973 0.000000e+00
974 0.000000e+00
975 6.135025e-07
976 4.964496e-07
977 3.715370e-07
978 2.851129e-07
979 1.969133e-07
980 1.225721e-07
981 7.627903e-08
982 4.744907e-08
983 0.000000e+00
984 0.000000e+00
985 0.000000e+00
986 0.000000e+00
987 0.000000e+00
988 0.000000e+00
989 0.000000e+00
990 7.014568e-07
991 5.684512e-07
992 4.255221e-07
993 3.264423e-07
994 2.260555e-07
995 1.405573e-07
996 8.755811e-08
997 5.444165e-08
998 0.000000e+00
999 0.000000e+00
1000 0.000000e+00
1001 0.000000e+00
1002 0.000000e+00
1003 0.000000e+00
1004 0.000000e+00
1005 7.797203e-07
1006 6.325134e-07
1007 4.735544e-07
1008 3.632112e-07
1009 2.519848e-07
1010 1.565602e-07
1011 9.759370e-08
1012 6.066319e-08
1013 0.000000e+00
1014 0.000000e+00
1015 0.000000e+00
1016 0.000000e+00
1017 0.000000e+00
1018 0.000000e+00
1019 0.000000e+00
1020 8.566149e-07
1021 6.954512e-07
1022 5.207433e-07
1023 3.993325e-07
1024 2.774617e-07
1025 1.722839e-07
1026 1.074531e-07
1027 6.677657e-08
1028 0.000000e+00
1029 0.000000e+00
1030 0.000000e+00
1031 0.000000e+00
1032 0.000000e+00
1033 0.000000e+00
1034 0.000000e+00
1035 9.542693e-07
1036 7.753845e-07
1037 5.806793e-07
1038 4.452128e-07
1039 3.098109e-07
1040 1.922507e-07
1041 1.199755e-07
1042 7.454048e-08
1043 0.000000e+00
1044 0.000000e+00
1045 0.000000e+00
1046 0.000000e+00
1047 0.000000e+00
1048 0.000000e+00
1049 0.000000e+00
1050 3.051620e-07
1051 2.651609e-07
1052 2.034545e-07
1053 1.526980e-07
1054 1.164678e-07
1055 7.169574e-08
1056 4.656341e-08
1057 2.825136e-08
1058 1.747769e-08
1059 0.000000e+00
1060 0.000000e+00
1061 0.000000e+00
1062 0.000000e+00
1063 0.000000e+00
1064 0.000000e+00
1065 4.205757e-07
1066 3.669956e-07
1067 2.823874e-07
1068 2.117116e-07
1069 1.618196e-07
1070 1.001655e-07
1071 6.498767e-08
1072 3.938396e-08
1073 2.434957e-08
1074 0.000000e+00
1075 0.000000e+00
1076 0.000000e+00
1077 0.000000e+00
1078 0.000000e+00
1079 0.000000e+00
1080 5.171489e-07
1081 4.521946e-07
1082 3.484356e-07
1083 2.610903e-07
1084 1.997682e-07
1085 1.240022e-07
1086 8.040865e-08
1087 4.870196e-08
1088 3.010228e-08
1089 0.000000e+00
1090 0.000000e+00
1091 0.000000e+00
1092 0.000000e+00
1093 0.000000e+00
1094 0.000000e+00
1095 6.029813e-07
1096 5.279201e-07
1097 4.071501e-07
1098 3.049846e-07
1099 2.335077e-07
1100 1.451897e-07
1101 9.411590e-08
1102 5.698495e-08
1103 3.521541e-08
1104 0.000000e+00
1105 0.000000e+00
1106 0.000000e+00
1107 0.000000e+00
1108 0.000000e+00
1109 0.000000e+00
1110 6.873098e-07
1111 6.023285e-07
1112 4.648444e-07
1113 3.481141e-07
1114 2.666508e-07
1115 1.660059e-07
1116 1.075834e-07
1117 6.512374e-08
1118 4.023863e-08
1119 0.000000e+00
1120 0.000000e+00
1121 0.000000e+00
1122 0.000000e+00
1123 0.000000e+00
1124 0.000000e+00
1125 7.944196e-07
1126 6.968449e-07
1127 5.381172e-07
1128 4.028926e-07
1129 3.087493e-07
1130 1.924458e-07
1131 1.246883e-07
1132 7.546077e-08
1133 4.661946e-08
1134 0.000000e+00
1135 0.000000e+00
1136 0.000000e+00
1137 0.000000e+00
1138 0.000000e+00
1139 0.000000e+00
1140 1.537429e-07
1141 1.411064e-07
1142 1.128108e-07
1143 8.385281e-08
1144 6.485769e-08
1145 4.358413e-08
1146 2.736422e-08
1147 1.652451e-08
1148 1.018656e-08
1149 0.000000e+00
1150 0.000000e+00
1151 0.000000e+00
1152 0.000000e+00
1153 0.000000e+00
1154 0.000000e+00
1155 2.694585e-07
1156 2.489657e-07
1157 2.003616e-07
1158 1.490384e-07
1159 1.150439e-07
1160 7.845321e-08
1161 4.880305e-08
1162 2.961994e-08
1163 1.824011e-08
1164 0.000000e+00
1165 0.000000e+00
1166 0.000000e+00
1167 0.000000e+00
1168 0.000000e+00
1169 0.000000e+00
1170 3.708245e-07
1171 3.436470e-07
1172 2.773997e-07
1173 2.064376e-07
1174 1.591933e-07
1175 1.092659e-07
1176 6.770401e-08
1177 4.120152e-08
1178 2.535456e-08
1179 0.000000e+00
1180 0.000000e+00
1181 0.000000e+00
1182 0.000000e+00
1183 0.000000e+00
1184 0.000000e+00
1185 4.606439e-07
1186 4.275326e-07
1187 3.456427e-07
1188 2.572873e-07
1189 1.983004e-07
1190 1.365577e-07
1191 8.444704e-08
1192 5.146092e-08
1193 3.165759e-08
1194 0.000000e+00
1195 0.000000e+00
1196 0.000000e+00
1197 0.000000e+00
1198 0.000000e+00
1199 0.000000e+00
1200 5.488285e-07
1201 5.099070e-07
1202 4.126624e-07
1203 3.072169e-07
1204 2.367015e-07
1205 1.633547e-07
1206 1.008854e-07
1207 6.153358e-08
1208 3.784574e-08
1209 0.000000e+00
1210 0.000000e+00
1211 0.000000e+00
1212 0.000000e+00
1213 0.000000e+00
1214 0.000000e+00
1215 6.608418e-07
1216 6.145305e-07
1217 4.977670e-07
1218 3.706390e-07
1219 2.854728e-07
1220 1.974000e-07
1221 1.217684e-07
1222 7.432411e-08
1223 4.570454e-08
1224 0.000000e+00
1225 0.000000e+00
1226 0.000000e+00
1227 0.000000e+00
1228 0.000000e+00
1229 0.000000e+00
1230 1.503226e-07
1231 1.448089e-07
1232 1.217621e-07
1233 9.153076e-08
1234 6.947676e-08
1235 5.145130e-08
1236 3.063397e-08
1237 1.944171e-08
1238 1.180889e-08
1239 7.248304e-09
1240 0.000000e+00
1241 0.000000e+00
1242 0.000000e+00
1243 0.000000e+00
1244 0.000000e+00
1245 2.528457e-07
1246 2.446987e-07
1247 2.069179e-07
1248 1.559638e-07
1249 1.181061e-07
1250 8.806703e-08
1251 5.246350e-08
1252 3.349153e-08
1253 2.028581e-08
1254 1.240558e-08
1255 0.000000e+00
1256 0.000000e+00
1257 0.000000e+00
1258 0.000000e+00
1259 0.000000e+00
1260 3.450385e-07
1261 3.345932e-07
1262 2.836233e-07
1263 2.140479e-07
1264 1.619265e-07
1265 1.210810e-07
1266 7.217530e-08
1267 4.617986e-08
1268 2.793604e-08
1269 1.705910e-08
1270 0.000000e+00
1271 0.000000e+00
1272 0.000000e+00
1273 0.000000e+00
1274 0.000000e+00
1275 4.352861e-07
1276 4.225774e-07
1277 3.587007e-07
1278 2.708869e-07
1279 2.048112e-07
1280 1.533918e-07
1281 9.145828e-08
1282 5.859221e-08
1283 3.542053e-08
1284 2.161340e-08
1285 0.000000e+00
1286 0.000000e+00
1287 0.000000e+00
1288 0.000000e+00
1289 0.000000e+00
1290 5.498992e-07
1291 5.343402e-07
1292 4.540570e-07
1293 3.430882e-07
1294 2.592823e-07
1295 1.944217e-07
1296 1.159526e-07
1297 7.435841e-08
1298 4.492859e-08
1299 2.739728e-08
1300 0.000000e+00
1301 0.000000e+00
1302 0.000000e+00
1303 0.000000e+00
1304 0.000000e+00
1305 1.548618e-07
1306 1.549019e-07
1307 1.364951e-07
1308 1.053195e-07
1309 7.857148e-08
1310 6.071730e-08
1311 3.723372e-08
1312 2.431169e-08
1313 1.444802e-08
1314 8.686418e-09
1315 0.000000e+00
1316 0.000000e+00
1317 0.000000e+00
1318 0.000000e+00
1319 0.000000e+00
1320 2.485733e-07
1321 2.493984e-07
1322 2.206644e-07
1323 1.707997e-07
1324 1.273029e-07
1325 9.848454e-08
1326 6.084553e-08
1327 3.963624e-08
1328 2.352344e-08
1329 1.414896e-08
1330 0.000000e+00
1331 0.000000e+00
1332 0.000000e+00
1333 0.000000e+00
1334 0.000000e+00
1335 3.399609e-07
1336 3.415517e-07
1337 3.027521e-07
1338 2.346573e-07
1339 1.748325e-07
1340 1.353177e-07
1341 8.387989e-08
1342 5.458129e-08
1343 3.237438e-08
1344 1.947644e-08
1345 0.000000e+00
1346 0.000000e+00
1347 0.000000e+00
1348 0.000000e+00
1349 0.000000e+00
1350 4.558994e-07
1351 4.584581e-07
1352 4.068866e-07
1353 3.156715e-07
1354 2.351277e-07
1355 1.820410e-07
1356 1.130998e-07
1357 7.354083e-08
1358 4.360452e-08
1359 2.623577e-08
1360 0.000000e+00
1361 0.000000e+00
1362 0.000000e+00
1363 0.000000e+00
1364 0.000000e+00
1365 1.655243e-07
1366 1.706816e-07
1367 1.567818e-07
1368 1.251477e-07
1369 9.283723e-08
1370 7.195510e-08
1371 4.796993e-08
1372 3.008963e-08
1373 1.780622e-08
1374 1.077628e-08
1375 0.000000e+00
1376 0.000000e+00
1377 0.000000e+00
1378 0.000000e+00
1379 0.000000e+00
1380 2.577719e-07
1381 2.663055e-07
1382 2.452763e-07
1383 1.963009e-07
1384 1.456472e-07
1385 1.127961e-07
1386 7.568140e-08
1387 4.726234e-08
1388 2.801460e-08
1389 1.695376e-08
1390 0.000000e+00
1391 0.000000e+00
1392 0.000000e+00
1393 0.000000e+00
1394 0.000000e+00
1395 3.741937e-07
1396 3.869759e-07
1397 3.569386e-07
1398 2.860721e-07
1399 2.122748e-07
1400 1.643242e-07
1401 1.106330e-07
1402 6.892615e-08
1403 4.089158e-08
1404 2.474633e-08
1405 0.000000e+00
1406 0.000000e+00
1407 0.000000e+00
1408 0.000000e+00
1409 0.000000e+00
1410 9.334065e-08
1411 9.841794e-08
1412 9.332599e-08
1413 7.692754e-08
1414 5.733443e-08
1415 4.391638e-08
1416 3.147467e-08
1417 1.879194e-08
1418 1.144920e-08
1419 6.890834e-09
1420 0.000000e+00
1421 0.000000e+00
1422 0.000000e+00
1423 0.000000e+00
1424 0.000000e+00
1425 1.855848e-07
1426 1.962737e-07
1427 1.869461e-07
1428 1.548846e-07
1429 1.156309e-07
1430 8.836471e-08
1431 6.390549e-08
1432 3.797672e-08
1433 2.331434e-08
1434 1.399884e-08
1435 0.000000e+00
1436 0.000000e+00
1437 0.000000e+00
1438 0.000000e+00
1439 0.000000e+00
1440 3.019795e-07
1441 3.197701e-07
1442 3.051342e-07
1443 2.533233e-07
1444 1.892577e-07
1445 1.444928e-07
1446 1.048734e-07
1447 6.221446e-08
1448 3.831035e-08
1449 2.298140e-08
1450 0.000000e+00
1451 0.000000e+00
1452 0.000000e+00
1453 0.000000e+00
1454 0.000000e+00
1455 1.205985e-07
1456 1.301465e-07
1457 1.276682e-07
1458 1.095210e-07
1459 8.298560e-08
1460 6.245382e-08
1461 4.745252e-08
1462 2.791695e-08
1463 1.796818e-08
1464 1.061884e-08
1465 6.237332e-09
1466 0.000000e+00
1467 0.000000e+00
1468 0.000000e+00
1469 0.000000e+00
1470 2.368728e-07
1471 2.560751e-07
1472 2.518543e-07
1473 2.167693e-07
1474 1.645652e-07
1475 1.236914e-07
1476 9.425642e-08
1477 5.559291e-08
1478 3.588340e-08
1479 2.117438e-08
1480 1.241157e-08
1481 0.000000e+00
1482 0.000000e+00
1483 0.000000e+00
1484 0.000000e+00
1485 1.764646e-07
1486 1.944087e-07
1487 1.965566e-07
1488 1.754178e-07
1489 1.364350e-07
1490 1.014230e-07
1491 7.883428e-08
1492 4.885018e-08
1493 3.170901e-08
1494 1.842649e-08
1495 1.074888e-08
1496 0.000000e+00
1497 0.000000e+00
1498 0.000000e+00
1499 0.000000e+00
1500 7.061463e-05
1501 5.317113e-05
1502 4.062475e-05
1503 2.869886e-05
1504 1.785707e-05
1505 1.132706e-05
1506 7.086054e-06
1507 0.000000e+00
1508 0.000000e+00
1509 0.000000e+00
1510 0.000000e+00
1511 0.000000e+00
1512 0.000000e+00
1513 0.000000e+00
1514 0.000000e+00
1515 5.596517e-05
1516 4.542306e-05
1517 3.387207e-05
1518 2.608587e-05
1519 1.817639e-05
1520 1.124140e-05
1521 6.956853e-06
1522 4.337857e-06
1523 0.000000e+00
1524 0.000000e+00
1525 0.000000e+00
1526 0.000000e+00
1527 0.000000e+00
1528 0.000000e+00
1529 0.000000e+00
1530 4.414859e-05
1531 3.878053e-05
1532 2.989378e-05
1533 2.233384e-05
1534 1.724584e-05
1535 1.061949e-05
1536 6.971114e-06
1537 4.206256e-06
1538 2.586891e-06
1539 0.000000e+00
1540 0.000000e+00
1541 0.000000e+00
1542 0.000000e+00
1543 0.000000e+00
1544 0.000000e+00
1545 3.567162e-05
1546 3.323503e-05
1547 2.692371e-05
1548 2.000533e-05
1549 1.543550e-05
1550 1.070292e-05
1551 6.586085e-06
1552 3.992682e-06
1553 2.463565e-06
1554 0.000000e+00
1555 0.000000e+00
1556 0.000000e+00
1557 0.000000e+00
1558 0.000000e+00
1559 0.000000e+00
1560 2.941865e-05
1561 2.863915e-05
1562 2.436349e-05
1563 1.838932e-05
1564 1.388480e-05
1565 1.047358e-05
1566 6.185518e-06
1567 3.986933e-06
1568 2.409124e-06
1569 1.466483e-06
1570 0.000000e+00
1571 0.000000e+00
1572 0.000000e+00
1573 0.000000e+00
1574 0.000000e+00
1575 2.455962e-05
1576 2.473942e-05
1577 2.199210e-05
1578 1.706067e-05
1579 1.268983e-05
1580 9.860380e-06
1581 6.103462e-06
1582 3.998327e-06
1583 2.365967e-06
1584 1.419269e-06
1585 0.000000e+00
1586 0.000000e+00
1587 0.000000e+00
1588 0.000000e+00
1589 0.000000e+00
1590 2.067391e-05
1591 2.141323e-05
1592 1.978734e-05
1593 1.587118e-05
1594 1.176429e-05
1595 9.115834e-06
1596 6.154236e-06
1597 3.831409e-06
1598 2.262932e-06
1599 1.373446e-06
1600 0.000000e+00
1601 0.000000e+00
1602 0.000000e+00
1603 0.000000e+00
1604 0.000000e+00
1605 1.747536e-05
1606 1.853179e-05
1607 1.771732e-05
1608 1.473032e-05
1609 1.100012e-05
1610 8.393577e-06
1611 6.122347e-06
1612 3.610491e-06
1613 2.224013e-06
1614 1.334001e-06
1615 0.000000e+00
1616 0.000000e+00
1617 0.000000e+00
1618 0.000000e+00
1619 0.000000e+00
1620 1.472524e-05
1621 1.594121e-05
1622 1.570879e-05
1623 1.354722e-05
1624 1.028831e-05
1625 7.724224e-06
1626 5.910172e-06
1627 3.472031e-06
1628 2.253550e-06
1629 1.329045e-06
1630 7.756583e-07
1631 0.000000e+00
1632 0.000000e+00
1633 0.000000e+00
1634 0.000000e+00
1635 1.221656e-05
1636 1.347823e-05
1637 1.365502e-05
1638 1.221694e-05
1639 9.514336e-06
1640 7.065420e-06
1641 5.502462e-06
1642 3.416127e-06
1643 2.223597e-06
1644 1.290021e-06
1645 7.521080e-07
1646 0.000000e+00
1647 0.000000e+00
1648 0.000000e+00
1649 0.000000e+00
1650 1.340299e-06
1651 1.017721e-06
1652 7.706659e-07
1653 5.464904e-07
1654 3.435954e-07
1655 2.184673e-07
1656 1.363525e-07
1657 0.000000e+00
1658 0.000000e+00
1659 0.000000e+00
1660 0.000000e+00
1661 0.000000e+00
1662 0.000000e+00
1663 0.000000e+00
1664 0.000000e+00
1665 1.223401e-06
1666 9.958934e-07
1667 7.460998e-07
1668 5.718715e-07
1669 3.991494e-07
1670 2.473911e-07
1671 1.545564e-07
1672 9.598043e-08
1673 0.000000e+00
1674 0.000000e+00
1675 0.000000e+00
1676 0.000000e+00
1677 0.000000e+00
1678 0.000000e+00
1679 0.000000e+00
1680 1.089763e-06
1681 9.576258e-07
1682 7.403761e-07
1683 5.541279e-07
1684 4.249809e-07
1685 2.654373e-07
1686 1.719186e-07
1687 1.040015e-07
1688 6.423607e-08
1689 0.000000e+00
1690 0.000000e+00
1691 0.000000e+00
1692 0.000000e+00
1693 0.000000e+00
1694 0.000000e+00
1695 9.694671e-07
1696 9.029746e-07
1697 7.325096e-07
1698 5.455851e-07
1699 4.200474e-07
1700 2.913572e-07
1701 1.793997e-07
1702 1.096669e-07
1703 6.739885e-08
1704 0.000000e+00
1705 0.000000e+00
1706 0.000000e+00
1707 0.000000e+00
1708 0.000000e+00
1709 0.000000e+00
1710 8.660154e-07
1711 8.427064e-07
1712 7.172373e-07
1713 5.423855e-07
1714 4.096559e-07
1715 3.077167e-07
1716 1.835788e-07
1717 1.178875e-07
1718 7.117796e-08
1719 4.336701e-08
1720 0.000000e+00
1721 0.000000e+00
1722 0.000000e+00
1723 0.000000e+00
1724 0.000000e+00
1725 7.757450e-07
1726 7.811220e-07
1727 6.943745e-07
1728 5.393434e-07
1729 4.016154e-07
1730 3.110621e-07
1731 1.937830e-07
1732 1.258901e-07
1733 7.461016e-08
1734 4.489868e-08
1735 0.000000e+00
1736 0.000000e+00
1737 0.000000e+00
1738 0.000000e+00
1739 0.000000e+00
1740 6.954357e-07
1741 7.200854e-07
1742 6.652463e-07
1743 5.339666e-07
1744 3.962733e-07
1745 3.066278e-07
1746 2.071593e-07
1747 1.287568e-07
1748 7.645574e-08
1749 4.626770e-08
1750 0.000000e+00
1751 0.000000e+00
1752 0.000000e+00
1753 0.000000e+00
1754 0.000000e+00
1755 6.230296e-07
1756 6.605250e-07
1757 6.312723e-07
1758 5.249832e-07
1759 3.924470e-07
1760 2.994019e-07
1761 2.179226e-07
1762 1.291042e-07
1763 7.969224e-08
1764 4.776950e-08
1765 0.000000e+00
1766 0.000000e+00
1767 0.000000e+00
1768 0.000000e+00
1769 0.000000e+00
1770 5.564328e-07
1771 6.022634e-07
1772 5.932655e-07
1773 5.116127e-07
1774 3.888335e-07
1775 2.920592e-07
1776 2.229147e-07
1777 1.316682e-07
1778 8.512329e-08
1779 5.018780e-08
1780 2.938323e-08
1781 0.000000e+00
1782 0.000000e+00
1783 0.000000e+00
1784 0.000000e+00
1785 4.935656e-07
1786 5.444572e-07
1787 5.514137e-07
1788 4.932169e-07
1789 3.842888e-07
1790 2.855628e-07
1791 2.220253e-07
1792 1.382125e-07
1793 8.954863e-08
1794 5.200068e-08
1795 3.036430e-08
1796 0.000000e+00
1797 0.000000e+00
1798 0.000000e+00
1799 0.000000e+00
1800 4.694095e-09
1801 3.259344e-09
1802 2.168139e-09
1803 1.402002e-09
1804 9.113345e-10
1805 6.006826e-10
1806 4.035900e-10
1807 2.740106e-10
1808 1.847569e-10
1809 1.212459e-10
1810 7.610945e-11
1811 4.518890e-11
1812 2.528047e-11
1813 1.338014e-11
1814 6.783648e-12
1815 1.162165e-08
1816 8.396324e-09
1817 5.846135e-09
1818 3.867424e-09
1819 2.477239e-09
1820 1.597861e-09
1821 1.043655e-09
1822 6.967895e-10
1823 4.716767e-10
1824 3.179781e-10
1825 2.089895e-10
1826 1.315249e-10
1827 7.837115e-11
1828 4.397961e-11
1829 2.329428e-11
1830 1.818579e-08
1831 1.347003e-08
1832 9.605733e-09
1833 6.574296e-09
1834 4.254211e-09
1835 2.717568e-09
1836 1.747531e-09
1837 1.144673e-09
1838 7.650551e-10
1839 5.161071e-10
1840 3.444732e-10
1841 2.228343e-10
1842 1.375964e-10
1843 8.032905e-11
1844 4.415401e-11
1845 2.489079e-08
1846 1.890422e-08
1847 1.369658e-08
1848 9.583961e-09
1849 6.357563e-09
1850 4.038738e-09
1851 2.583791e-09
1852 1.664694e-09
1853 1.097108e-09
1854 7.348982e-10
1855 4.924481e-10
1856 3.232273e-10
1857 2.041523e-10
1858 1.225566e-10
1859 6.938470e-11
1860 3.188384e-08
1861 2.482965e-08
1862 1.827749e-08
1863 1.297231e-08
1864 8.813249e-09
1865 5.640765e-09
1866 3.586094e-09
1867 2.285503e-09
1868 1.486239e-09
1869 9.857255e-10
1870 6.591371e-10
1871 4.358346e-10
1872 2.795174e-10
1873 1.713171e-10
1874 9.941547e-11
1875 3.940344e-08
1876 3.147583e-08
1877 2.358443e-08
1878 1.693659e-08
1879 1.172190e-08
1880 7.639698e-09
1881 4.821165e-09
1882 3.060830e-09
1883 1.964435e-09
1884 1.287108e-09
1885 8.553669e-10
1886 5.669870e-10
1887 3.673853e-10
1888 2.288628e-10
1889 1.356237e-10
1890 4.773484e-08
1891 3.912297e-08
1892 2.992334e-08
1893 2.175359e-08
1894 1.527116e-08
1895 1.017491e-08
1896 6.418716e-09
1897 4.065362e-09
1898 2.575248e-09
1899 1.666141e-09
1900 1.097115e-09
1901 7.259329e-10
1902 4.733413e-10
1903 2.987200e-10
1904 1.802245e-10
1905 5.734748e-08
1906 4.825926e-08
1907 3.779129e-08
1908 2.789451e-08
1909 1.981865e-08
1910 1.348866e-08
1911 8.610729e-09
1912 5.416774e-09
1913 3.403122e-09
1914 2.173147e-09
1915 1.413855e-09
1916 9.296572e-10
1917 6.073935e-10
1918 3.871577e-10
1919 2.372485e-10
1920 6.960830e-08
1921 6.031281e-08
1922 4.861201e-08
1923 3.665539e-08
1924 2.639175e-08
1925 1.831699e-08
1926 1.197633e-08
1927 7.489119e-09
1928 4.695194e-09
1929 2.950637e-09
1930 1.888119e-09
1931 1.226991e-09
1932 7.989713e-10
1933 5.122441e-10
1934 3.182447e-10
1935 9.149053e-08
1936 8.280269e-08
1937 6.993795e-08
1938 5.501480e-08
1939 4.075792e-08
1940 2.897378e-08
1941 1.970727e-08
1942 1.258918e-08
1943 7.835493e-09
1944 4.848291e-09
1945 3.020810e-09
1946 1.910065e-09
1947 1.220995e-09
1948 7.787347e-10
1949 4.882372e-10
1950 2.107122e-07
1951 2.158301e-07
1952 2.101650e-07
1953 1.926718e-07
1954 1.648934e-07
1955 1.311665e-07
1956 9.770826e-08
1957 6.951778e-08
1958 4.743147e-08
1959 3.008039e-08
1960 1.813291e-08
1961 1.072817e-08
1962 6.244840e-09
1963 3.613209e-09
1964 2.095426e-09
