0 1.855119e-09
1 1.243274e-09
2 8.146873e-10
3 5.365398e-10
4 3.595114e-10
5 2.458807e-10
6 1.701486e-10
7 1.172127e-10
8 7.887530e-11
9 5.103755e-11
10 3.142790e-11
11 1.832849e-11
12 1.013783e-11
13 5.352494e-12
14 2.722313e-12
15 2.962049e-09
16 2.022510e-09
17 1.332272e-09
18 8.690001e-10
19 5.745652e-10
20 3.874981e-10
21 2.664299e-10
22 1.843077e-10
23 1.259182e-10
24 8.343379e-11
25 5.286643e-11
26 3.178077e-11
27 1.807804e-11
28 9.772405e-12
29 5.060130e-12
30 3.379569e-09
31 2.321420e-09
32 1.535180e-09
33 9.995225e-10
34 6.585487e-10
35 4.421196e-10
36 3.030785e-10
37 2.096068e-10
38 1.436480e-10
39 9.575057e-11
40 6.117709e-11
41 3.709930e-11
42 2.129324e-11
43 1.159857e-11
44 6.042945e-12
45 3.622957e-09
46 2.495892e-09
47 1.653727e-09
48 1.075941e-09
49 7.076794e-10
50 4.740663e-10
51 3.244757e-10
52 2.243822e-10
53 1.540155e-10
54 1.029506e-10
55 6.600928e-11
56 4.020131e-11
57 2.316873e-11
58 1.266904e-11
59 6.619501e-12
60 3.793146e-09
61 2.617756e-09
62 1.736741e-09
63 1.129284e-09
64 7.418899e-10
65 4.963438e-10
66 3.393627e-10
67 2.346680e-10
68 1.612189e-10
69 1.079604e-10
70 6.938630e-11
71 4.236396e-11
72 2.447774e-11
73 1.341229e-11
74 7.021051e-12
75 3.925664e-09
76 2.712896e-09
77 1.801241e-09
78 1.170846e-09
79 7.685499e-10
80 5.137099e-10
81 3.510354e-10
82 2.427219e-10
83 1.668570e-10
84 1.118842e-10
85 7.203009e-11
86 4.405717e-11
87 2.549883e-11
88 1.399470e-11
89 7.333644e-12
90 4.037831e-09
91 2.792748e-09
92 1.855519e-09
93 1.205869e-09
94 7.910140e-10
95 5.283060e-10
96 3.607980e-10
97 2.494684e-10
98 1.715828e-10
99 1.151658e-10
100 7.424083e-11
101 4.547431e-11
102 2.635800e-11
103 1.448161e-11
104 7.595793e-12
105 4.136428e-09
106 2.863495e-09
107 1.903728e-09
108 1.236977e-09
109 8.110233e-10
110 5.412969e-10
111 3.695300e-10
112 2.554643e-10
113 1.757806e-10
114 1.180847e-10
115 7.620003e-11
116 4.673594e-11
117 2.711981e-11
118 1.491630e-11
119 7.829855e-12
120 4.233881e-09
121 2.933263e-09
122 1.950825e-09
123 1.267361e-09
124 8.305201e-10
125 5.540285e-10
126 3.780385e-10
127 2.613534e-10
128 1.799069e-10
129 1.209457e-10
130 7.814387e-11
131 4.798077e-11
132 2.787065e-11
133 1.534233e-11
134 8.058123e-12
135 4.357440e-09
136 3.022391e-09
137 2.010943e-09
138 1.305975e-09
139 8.553046e-10
140 5.701216e-10
141 3.888527e-10
142 2.688565e-10
143 1.851513e-10
144 1.245986e-10
145 8.058956e-11
146 4.955888e-11
147 2.882297e-11
148 1.588379e-11
149 8.349689e-12
150 5.652123e-09
151 3.972981e-09
152 2.679497e-09
153 1.742193e-09
154 1.133452e-09
155 7.480913e-10
156 5.054057e-10
157 3.478698e-10
158 2.402758e-10
159 1.633292e-10
160 1.073336e-10
161 6.725050e-11
162 3.989818e-11
163 2.239424e-11
164 1.195367e-11
165 7.028723e-09
166 4.991788e-09
167 3.408527e-09
168 2.229352e-09
169 1.443048e-09
170 9.461185e-10
171 6.337470e-10
172 4.335810e-10
173 2.994031e-10
174 2.047360e-10
175 1.360303e-10
176 8.651218e-11
177 5.218429e-11
178 2.976969e-11
179 1.611709e-11
180 7.874118e-09
181 5.619215e-09
182 3.858502e-09
183 2.533291e-09
184 1.636467e-09
185 1.069821e-09
186 7.130889e-10
187 4.865689e-10
188 3.357648e-10
189 2.302148e-10
190 1.537055e-10
191 9.840840e-11
192 5.981385e-11
193 3.438291e-11
194 1.873911e-11
195 8.468261e-09
196 6.060703e-09
197 4.175259e-09
198 2.747250e-09
199 1.772748e-09
200 1.156874e-09
201 7.692074e-10
202 5.239673e-10
203 3.614041e-10
204 2.481116e-10
205 1.661511e-10
206 1.067978e-10
207 6.519829e-11
208 3.763958e-11
209 2.059203e-11
210 8.932751e-09
211 6.404362e-09
212 4.422189e-09
213 2.913636e-09
214 1.878902e-09
215 1.224577e-09
216 8.128610e-10
217 5.529969e-10
218 3.813429e-10
219 2.620419e-10
220 1.758200e-10
221 1.133164e-10
222 6.937262e-11
223 4.016356e-11
224 2.202875e-11
225 9.320632e-09
226 6.692638e-09
227 4.628520e-09
228 3.052786e-09
229 1.967556e-09
230 1.281411e-09
231 8.494842e-10
232 5.771167e-10
233 3.980349e-10
234 2.737497e-10
235 1.839556e-10
236 1.187889e-10
237 7.287604e-11
238 4.228479e-11
239 2.323243e-11
240 9.665409e-09
241 6.948809e-09
242 4.812800e-09
243 3.177169e-09
244 2.046383e-09
245 1.331712e-09
246 8.817895e-10
247 5.987837e-10
248 4.129230e-10
249 2.841358e-10
250 1.911365e-10
251 1.236247e-10
252 7.599105e-11
253 4.416598e-11
254 2.431085e-11
255 1.000489e-08
256 7.200199e-09
257 4.993598e-09
258 3.298836e-09
259 2.123745e-09
260 1.381432e-09
261 9.136808e-10
262 6.199866e-10
263 4.276271e-10
264 2.943168e-10
265 1.982513e-10
266 1.284148e-10
267 7.906603e-11
268 4.602266e-11
269 2.535738e-11
270 1.043633e-08
271 7.520675e-09
272 5.223567e-09
273 3.454380e-09
274 2.222706e-09
275 1.444449e-09
276 9.545527e-10
277 6.471327e-10
278 4.462152e-10
279 3.073645e-10
280 2.072927e-10
281 1.345014e-10
282 8.296746e-11
283 4.838131e-11
284 2.669876e-11
285 9.346720e-09
286 6.733073e-09
287 4.676472e-09
288 3.105876e-09
289 2.002630e-09
290 1.302859e-09
291 8.610185e-10
292 5.826834e-10
293 4.006583e-10
294 2.752292e-10
295 1.852417e-10
296 1.200990e-10
297 7.413369e-11
298 4.331930e-11
299 2.397397e-11
300 1.094120e-08
301 7.945963e-09
302 5.564207e-09
303 3.731072e-09
304 2.408370e-09
305 1.560176e-09
306 1.024040e-09
307 6.886830e-10
308 4.718605e-10
309 3.244023e-10
310 2.195290e-10
311 1.436354e-10
312 8.969417e-11
313 5.307548e-11
314 2.972993e-11
315 1.208842e-08
316 8.821463e-09
317 6.205508e-09
318 4.183362e-09
319 2.703784e-09
320 1.747115e-09
321 1.142757e-09
322 7.656153e-10
323 5.233175e-10
324 3.598870e-10
325 2.442612e-10
326 1.606280e-10
327 1.009522e-10
328 6.015492e-11
329 3.392220e-11
330 1.298384e-08
331 9.505300e-09
332 6.707558e-09
333 4.537057e-09
334 2.934832e-09
335 1.893431e-09
336 1.235743e-09
337 8.257662e-10
338 5.635776e-10
339 3.876696e-10
340 2.635974e-10
341 1.739120e-10
342 1.097532e-10
343 6.568887e-11
344 3.720070e-11
345 1.373495e-08
346 1.007824e-08
347 7.127129e-09
348 4.833138e-09
349 3.127775e-09
350 2.015501e-09
351 1.313308e-09
352 8.761178e-10
353 5.972763e-10
354 4.108994e-10
355 2.798115e-10
356 1.850472e-10
357 1.171314e-10
358 7.033111e-11
359 3.994908e-11
360 1.440207e-08
361 1.058832e-08
362 7.500620e-09
363 5.096047e-09
364 3.300261e-09
365 2.124442e-09
366 1.382514e-09
367 9.208834e-10
368 6.272635e-10
369 4.315763e-10
370 2.941858e-10
371 1.949254e-10
372 1.236757e-10
373 7.445012e-11
374 4.238593e-11
375 1.505815e-08
376 1.108758e-08
377 7.866787e-09
378 5.355146e-09
379 3.468660e-09
380 2.231037e-09
381 1.450326e-09
382 9.647649e-10
383 6.566425e-10
384 4.518645e-10
385 3.083513e-10
386 2.046568e-10
387 1.301248e-10
388 7.850239e-11
389 4.478812e-11
390 1.588996e-08
391 1.172225e-08
392 8.332165e-09
393 5.683130e-09
394 3.683291e-09
395 2.366862e-09
396 1.536938e-09
397 1.020658e-09
398 6.940069e-10
399 4.776258e-10
400 3.263261e-10
401 2.170046e-10
402 1.383053e-10
403 8.365011e-11
404 4.782720e-11
405 1.330412e-08
406 9.780525e-09
407 6.919578e-09
408 4.704463e-09
409 3.056411e-09
410 1.968569e-09
411 1.283220e-09
412 8.542473e-10
413 5.812183e-10
414 3.990618e-10
415 2.714690e-10
416 1.795502e-10
417 1.138043e-10
418 6.850571e-11
419 3.904283e-11
420 1.511867e-08
421 1.120712e-08
422 7.980247e-09
423 5.468592e-09
424 3.573848e-09
425 2.294529e-09
426 1.490256e-09
427 9.858008e-10
428 6.672566e-10
429 4.574733e-10
430 3.119422e-10
431 2.075501e-10
432 1.326897e-10
433 8.069287e-11
434 4.647758e-11
435 1.655306e-08
436 1.233700e-08
437 8.820173e-09
438 6.074750e-09
439 3.985511e-09
440 2.554498e-09
441 1.655100e-09
442 1.090515e-09
443 7.359189e-10
444 5.038670e-10
445 3.440294e-10
446 2.297457e-10
447 1.476712e-10
448 9.037388e-11
449 5.239448e-11
450 1.775677e-08
451 1.328605e-08
452 9.526395e-09
453 6.583718e-09
454 4.331000e-09
455 2.772624e-09
456 1.793547e-09
457 1.178386e-09
458 7.934086e-10
459 5.428452e-10
460 3.710090e-10
461 2.484003e-10
462 1.602638e-10
463 9.851277e-11
464 5.736908e-11
465 1.882693e-08
466 1.412972e-08
467 1.015349e-08
468 7.035484e-09
469 4.638094e-09
470 2.966341e-09
471 1.916649e-09
472 1.256347e-09
473 8.444817e-10
474 5.774165e-10
475 3.949130e-10
476 2.649362e-10
477 1.714249e-10
478 1.057249e-10
479 6.177680e-11
480 1.987872e-08
481 1.495663e-08
482 1.076860e-08
483 7.479440e-09
484 4.939737e-09
485 3.156986e-09
486 2.037304e-09
487 1.332984e-09
488 8.946179e-10
489 6.113176e-10
490 4.183867e-10
491 2.811909e-10
492 1.823937e-10
493 1.128125e-10
494 6.610951e-11
495 2.121038e-08
496 1.600614e-08
497 1.155070e-08
498 8.043988e-09
499 5.322658e-09
500 3.398293e-09
501 2.190581e-09
502 1.430214e-09
503 9.582859e-10
504 6.544407e-10
505 4.483026e-10
506 3.018664e-10
507 1.963531e-10
508 1.218340e-10
509 7.160674e-11
510 1.763289e-08
511 1.323188e-08
512 9.502226e-09
513 6.577170e-09
514 4.344125e-09
515 2.783344e-09
516 1.800165e-09
517 1.180483e-09
518 7.930546e-10
519 5.416026e-10
520 3.697836e-10
521 2.476075e-10
522 1.599625e-10
523 9.856979e-11
524 5.759662e-11
525 1.971382e-08
526 1.492429e-08
527 1.078238e-08
528 7.511669e-09
529 4.998977e-09
530 3.203714e-09
531 2.065004e-09
532 1.346916e-09
533 9.002147e-10
534 6.127274e-10
535 4.184199e-10
536 2.812318e-10
537 1.828910e-10
538 1.136670e-10
539 6.705146e-11
540 2.147161e-08
541 1.635460e-08
542 1.186705e-08
543 8.302582e-09
544 5.552546e-09
545 3.559421e-09
546 2.289285e-09
547 1.487835e-09
548 9.906712e-10
549 6.728858e-10
550 4.595849e-10
551 3.096777e-10
552 2.022900e-10
553 1.264458e-10
554 7.506015e-11
555 2.303081e-08
556 1.762755e-08
557 1.283084e-08
558 9.004883e-09
559 6.045603e-09
560 3.875543e-09
561 2.489068e-09
562 1.613132e-09
563 1.071372e-09
564 7.263766e-10
565 4.961539e-10
566 3.349547e-10
567 2.195307e-10
568 1.378024e-10
569 8.218046e-11
570 2.456909e-08
571 1.887825e-08
572 1.377454e-08
573 9.696292e-09
574 6.528152e-09
575 4.186660e-09
576 2.684469e-09
577 1.736129e-09
578 1.150346e-09
579 7.788722e-10
580 5.320463e-10
581 3.597817e-10
582 2.364605e-10
583 1.489584e-10
584 8.917182e-11
585 2.651044e-08
586 2.045993e-08
587 1.497529e-08
588 1.057094e-08
589 7.141484e-09
590 4.580766e-09
591 2.933313e-09
592 1.891989e-09
593 1.250583e-09
594 8.454911e-10
595 5.776220e-10
596 3.912627e-10
597 2.579349e-10
598 1.631043e-10
599 9.803422e-11
600 2.249884e-08
601 1.725003e-08
602 1.257148e-08
603 8.827060e-09
604 5.936819e-09
605 3.818611e-09
606 2.450416e-09
607 1.588359e-09
608 1.053495e-09
609 7.130719e-10
610 4.863079e-10
611 3.280051e-10
612 2.149378e-10
613 1.350123e-10
614 8.064597e-11
615 2.493505e-08
616 1.929813e-08
617 1.416038e-08
618 9.997273e-09
619 6.772097e-09
620 4.372655e-09
621 2.796684e-09
622 1.806054e-09
623 1.191075e-09
624 8.027050e-10
625 5.466945e-10
626 3.694585e-10
627 2.433302e-10
628 1.539779e-10
629 9.277719e-11
630 2.710300e-08
631 2.112787e-08
632 1.557628e-08
633 1.104047e-08
634 7.519496e-09
635 4.867217e-09
636 3.106054e-09
637 2.000520e-09
638 1.314160e-09
639 8.826940e-10
640 6.005138e-10
641 4.064212e-10
642 2.686478e-10
643 1.708886e-10
644 1.035971e-10
645 2.923887e-08
646 2.292283e-08
647 1.696672e-08
648 1.206470e-08
649 8.250722e-09
650 5.353030e-09
651 3.409056e-09
652 2.191507e-09
653 1.434552e-09
654 9.610651e-10
655 6.533767e-10
656 4.427248e-10
657 2.935103e-10
658 1.874935e-10
659 1.142237e-10
660 3.193527e-08
661 2.519554e-08
662 1.872789e-08
663 1.336421e-08
664 9.180009e-09
665 5.968878e-09
666 3.794578e-09
667 2.433341e-09
668 1.587386e-09
669 1.060690e-09
670 7.203591e-10
671 4.887314e-10
672 3.250252e-10
673 2.085377e-10
674 1.276880e-10
675 2.813735e-08
676 2.206827e-08
677 1.635231e-08
678 1.162718e-08
679 7.952244e-09
680 5.175495e-09
681 3.298341e-09
682 2.122135e-09
683 1.388240e-09
684 9.291294e-10
685 6.305974e-10
686 4.266178e-10
687 2.824925e-10
688 1.803467e-10
689 1.098907e-10
690 3.107660e-08
691 2.462921e-08
692 1.838988e-08
693 1.314976e-08
694 9.054589e-09
695 5.929837e-09
696 3.772384e-09
697 2.420291e-09
698 1.574058e-09
699 1.047743e-09
700 7.089653e-10
701 4.798227e-10
702 3.188907e-10
703 2.048727e-10
704 1.258498e-10
705 3.396627e-08
706 2.714014e-08
707 2.039113e-08
708 1.464298e-08
709 1.013517e-08
710 6.671272e-09
711 4.237470e-09
712 2.713214e-09
713 1.755912e-09
714 1.164201e-09
715 7.859490e-10
716 5.320901e-10
717 3.546455e-10
718 2.289641e-10
719 1.415305e-10
720 3.762696e-08
721 3.033048e-08
722 2.292719e-08
723 1.653841e-08
724 1.150768e-08
725 7.611561e-09
726 4.828375e-09
727 3.084364e-09
728 1.986809e-09
729 1.311836e-09
730 8.835302e-10
731 5.983429e-10
732 3.999805e-10
733 2.595084e-10
734 1.614028e-10
735 3.493400e-08
736 2.808687e-08
737 2.121540e-08
738 1.528991e-08
739 1.061713e-08
740 7.027032e-09
741 4.472115e-09
742 2.858397e-09
743 1.844342e-09
744 1.218193e-09
745 8.197194e-10
746 5.540498e-10
747 3.694319e-10
748 2.390712e-10
749 1.483693e-10
750 3.882353e-08
751 3.158405e-08
752 2.409042e-08
753 1.747833e-08
754 1.221640e-08
755 8.153639e-09
756 5.197158e-09
757 3.310701e-09
758 2.123874e-09
759 1.393887e-09
760 9.334174e-10
761 6.299824e-10
762 4.209998e-10
763 2.739430e-10
764 1.713667e-10
765 4.374942e-08
766 3.602200e-08
767 2.774041e-08
768 2.025576e-08
769 1.424598e-08
770 9.582468e-09
771 6.116836e-09
772 3.883687e-09
773 2.478497e-09
774 1.616657e-09
775 1.077577e-09
776 7.262031e-10
777 4.863683e-10
778 3.181477e-10
779 2.005101e-10
780 4.403652e-08
781 3.643358e-08
782 2.820812e-08
783 2.068426e-08
784 1.458225e-08
785 9.850491e-09
786 6.324403e-09
787 4.008403e-09
788 2.556892e-09
789 1.661771e-09
790 1.102972e-09
791 7.409824e-10
792 4.955144e-10
793 3.242626e-10
794 2.048272e-10
795 5.083628e-08
796 4.278634e-08
797 3.363722e-08
798 2.493601e-08
799 1.772942e-08
800 1.211114e-08
801 7.839490e-09
802 4.946991e-09
803 3.140744e-09
804 2.021174e-09
805 1.329669e-09
806 8.886433e-10
807 5.942305e-10
808 3.907709e-10
809 2.490460e-10
810 6.116143e-08
811 5.287658e-08
812 4.269170e-08
813 3.234480e-08
814 2.334369e-08
815 1.620944e-08
816 1.070968e-08
817 6.768059e-09
818 4.269530e-09
819 2.706148e-09
820 1.750318e-09
821 1.153492e-09
822 7.661278e-10
823 5.047084e-10
824 3.247588e-10
825 5.228357e-07
826 3.954563e-07
827 2.943413e-07
828 2.007552e-07
829 1.269808e-07
830 8.027607e-08
831 5.074876e-08
832 0.000000e+00
833 0.000000e+00
834 0.000000e+00
835 0.000000e+00
836 0.000000e+00
837 0.000000e+00
838 0.000000e+00
839 0.000000e+00
840 6.686766e-07
841 5.072071e-07
842 3.784318e-07
843 2.610113e-07
844 1.654545e-07
845 1.046686e-07
846 6.597519e-08
847 0.000000e+00
848 0.000000e+00
849 0.000000e+00
850 0.000000e+00
851 0.000000e+00
852 0.000000e+00
853 0.000000e+00
854 0.000000e+00
855 7.724293e-07
856 5.868764e-07
857 4.383817e-07
858 3.040126e-07
859 1.930080e-07
860 1.221191e-07
861 7.687758e-08
862 0.000000e+00
863 0.000000e+00
864 0.000000e+00
865 0.000000e+00
866 0.000000e+00
867 0.000000e+00
868 0.000000e+00
869 0.000000e+00
870 8.533760e-07
871 6.490230e-07
872 4.851509e-07
873 3.375563e-07
874 2.145054e-07
875 1.357358e-07
876 8.538466e-08
877 0.000000e+00
878 0.000000e+00
879 0.000000e+00
880 0.000000e+00
881 0.000000e+00
882 0.000000e+00
883 0.000000e+00
884 0.000000e+00
885 9.212162e-07
886 7.011155e-07
887 5.243569e-07
888 3.656762e-07
889 2.325264e-07
890 1.471493e-07
891 9.251545e-08
892 0.000000e+00
893 0.000000e+00
894 0.000000e+00
895 0.000000e+00
896 0.000000e+00
897 0.000000e+00
898 0.000000e+00
899 0.000000e+00
900 9.816021e-07
901 7.474747e-07
902 5.592463e-07
903 3.907018e-07
904 2.485650e-07
905 1.573069e-07
906 9.886161e-08
907 0.000000e+00
908 0.000000e+00
909 0.000000e+00
910 0.000000e+00
911 0.000000e+00
912 0.000000e+00
913 0.000000e+00
914 0.000000e+00
915 1.040923e-06
916 7.930237e-07
917 5.935302e-07
918 4.152869e-07
919 2.643202e-07
920 1.672854e-07
921 1.050960e-07
922 0.000000e+00
923 0.000000e+00
924 0.000000e+00
925 0.000000e+00
926 0.000000e+00
927 0.000000e+00
928 0.000000e+00
929 0.000000e+00
930 1.116242e-06
931 8.508610e-07
932 6.370563e-07
933 4.465061e-07
934 2.843265e-07
935 1.799581e-07
936 1.130134e-07
937 0.000000e+00
938 0.000000e+00
939 0.000000e+00
940 0.000000e+00
941 0.000000e+00
942 0.000000e+00
943 0.000000e+00
944 0.000000e+00
945 2.666130e-07
946 2.068147e-07
947 1.558050e-07
948 1.162397e-07
949 7.488654e-08
950 4.765287e-08
951 2.948962e-08
952 1.861280e-08
953 0.000000e+00
954 0.000000e+00
955 0.000000e+00
956 0.000000e+00
957 0.000000e+00
958 0.000000e+00
959 0.000000e+00
960 4.287168e-07
961 3.366472e-07
962 2.533811e-07
963 1.903532e-07
964 1.252405e-07
965 7.918788e-08
966 4.915391e-08
967 3.087415e-08
968 0.000000e+00
969 0.000000e+00
970 0.000000e+00
971 0.000000e+00
972 0.000000e+00
973 0.000000e+00
974 0.000000e+00
975 5.557003e-07
976 4.393356e-07
977 3.307651e-07
978 2.490485e-07
979 1.657054e-07
980 1.044929e-07
981 6.501216e-08
982 4.072602e-08
983 0.000000e+00
984 0.000000e+00
985 0.000000e+00
986 0.000000e+00
987 0.000000e+00
988 0.000000e+00
989 0.000000e+00
990 6.557906e-07
991 5.204208e-07
992 3.919328e-07
993 2.954207e-07
994 1.977316e-07
995 1.245476e-07
996 7.758137e-08
997 4.853174e-08
998 0.000000e+00
999 0.000000e+00
1000 0.000000e+00
1001 0.000000e+00
1002 0.000000e+00
1003 0.000000e+00
1004 0.000000e+00
1005 7.396618e-07
1006 5.883689e-07
1007 4.431902e-07
1008 3.342766e-07
1009 2.245653e-07
1010 1.413541e-07
1011 8.811274e-08
1012 5.507163e-08
1013 0.000000e+00
1014 0.000000e+00
1015 0.000000e+00
1016 0.000000e+00
1017 0.000000e+00
1018 0.000000e+00
1019 0.000000e+00
1020 8.142829e-07
1021 6.488098e-07
1022 4.887840e-07
1023 3.688502e-07
1024 2.484400e-07
1025 1.563061e-07
1026 9.748245e-08
1027 6.089006e-08
1028 0.000000e+00
1029 0.000000e+00
1030 0.000000e+00
1031 0.000000e+00
1032 0.000000e+00
1033 0.000000e+00
1034 0.000000e+00
1035 8.876221e-07
1036 7.082038e-07
1037 5.335851e-07
1038 4.028125e-07
1039 2.718961e-07
1040 1.709968e-07
1041 1.066883e-07
1042 6.660723e-08
1043 0.000000e+00
1044 0.000000e+00
1045 0.000000e+00
1046 0.000000e+00
1047 0.000000e+00
1048 0.000000e+00
1049 0.000000e+00
1050 9.807117e-07
1051 7.836241e-07
1052 5.904800e-07
1053 4.459483e-07
1054 3.016875e-07
1055 1.896555e-07
1056 1.183795e-07
1057 7.386727e-08
1058 0.000000e+00
1059 0.000000e+00
1060 0.000000e+00
1061 0.000000e+00
1062 0.000000e+00
1063 0.000000e+00
1064 0.000000e+00
1065 2.426895e-07
1066 2.004188e-07
1067 1.511253e-07
1068 1.150286e-07
1069 8.202912e-08
1070 5.072697e-08
1071 3.205354e-08
1072 1.978763e-08
1073 1.249669e-08
1074 0.000000e+00
1075 0.000000e+00
1076 0.000000e+00
1077 0.000000e+00
1078 0.000000e+00
1079 0.000000e+00
1080 3.745085e-07
1081 3.132651e-07
1082 2.374926e-07
1083 1.801919e-07
1084 1.305041e-07
1085 8.096618e-08
1086 5.137796e-08
1087 3.158745e-08
1088 1.985295e-08
1089 0.000000e+00
1090 0.000000e+00
1091 0.000000e+00
1092 0.000000e+00
1093 0.000000e+00
1094 0.000000e+00
1095 4.851015e-07
1096 4.085852e-07
1097 3.108119e-07
1098 2.354518e-07
1099 1.717315e-07
1100 1.069504e-07
1101 6.792062e-08
1102 4.169065e-08
1103 2.614300e-08
1104 0.000000e+00
1105 0.000000e+00
1106 0.000000e+00
1107 0.000000e+00
1108 0.000000e+00
1109 0.000000e+00
1110 5.782065e-07
1111 4.888958e-07
1112 3.726395e-07
1113 2.820537e-07
1114 2.064934e-07
1115 1.288947e-07
1116 8.188173e-08
1117 5.022245e-08
1118 3.145320e-08
1119 0.000000e+00
1120 0.000000e+00
1121 0.000000e+00
1122 0.000000e+00
1123 0.000000e+00
1124 0.000000e+00
1125 6.609733e-07
1126 5.602779e-07
1127 4.275890e-07
1128 3.234733e-07
1129 2.373927e-07
1130 1.484025e-07
1131 9.429116e-08
1132 5.780587e-08
1133 3.617342e-08
1134 0.000000e+00
1135 0.000000e+00
1136 0.000000e+00
1137 0.000000e+00
1138 0.000000e+00
1139 0.000000e+00
1140 7.423010e-07
1141 6.304135e-07
1142 4.815815e-07
1143 3.641650e-07
1144 2.677458e-07
1145 1.675630e-07
1146 1.064807e-07
1147 6.525568e-08
1148 4.081082e-08
1149 0.000000e+00
1150 0.000000e+00
1151 0.000000e+00
1152 0.000000e+00
1153 0.000000e+00
1154 0.000000e+00
1155 8.455774e-07
1156 7.194945e-07
1157 5.501508e-07
1158 4.158538e-07
1159 3.063011e-07
1160 1.919011e-07
1161 1.219653e-07
1162 7.471864e-08
1163 4.670049e-08
1164 0.000000e+00
1165 0.000000e+00
1166 0.000000e+00
1167 0.000000e+00
1168 0.000000e+00
1169 0.000000e+00
1170 2.257932e-07
1171 1.987725e-07
1172 1.544311e-07
1173 1.157422e-07
1174 8.811065e-08
1175 5.605357e-08
1176 3.583167e-08
1177 2.175501e-08
1178 1.346448e-08
1179 0.000000e+00
1180 0.000000e+00
1181 0.000000e+00
1182 0.000000e+00
1183 0.000000e+00
1184 0.000000e+00
1185 3.387037e-07
1186 3.012819e-07
1187 2.360250e-07
1188 1.767119e-07
1189 1.348474e-07
1190 8.723298e-08
1191 5.538181e-08
1192 3.369256e-08
1193 2.081249e-08
1194 0.000000e+00
1195 0.000000e+00
1196 0.000000e+00
1197 0.000000e+00
1198 0.000000e+00
1199 0.000000e+00
1200 4.373141e-07
1201 3.911292e-07
1202 3.078225e-07
1203 2.304209e-07
1204 1.759731e-07
1205 1.148755e-07
1206 7.266785e-08
1207 4.428624e-08
1208 2.732379e-08
1209 0.000000e+00
1210 0.000000e+00
1211 0.000000e+00
1212 0.000000e+00
1213 0.000000e+00
1214 0.000000e+00
1215 5.249986e-07
1216 4.710490e-07
1217 3.717102e-07
1218 2.782079e-07
1219 2.125634e-07
1220 1.394721e-07
1221 8.805055e-08
1222 5.371435e-08
1223 3.311757e-08
1224 0.000000e+00
1225 0.000000e+00
1226 0.000000e+00
1227 0.000000e+00
1228 0.000000e+00
1229 0.000000e+00
1230 6.111060e-07
1231 5.495110e-07
1232 4.344113e-07
1233 3.251202e-07
1234 2.484775e-07
1235 1.636182e-07
1236 1.031538e-07
1237 6.297048e-08
1238 3.880532e-08
1239 0.000000e+00
1240 0.000000e+00
1241 0.000000e+00
1242 0.000000e+00
1243 0.000000e+00
1244 0.000000e+00
1245 7.204474e-07
1246 6.491517e-07
1247 5.140603e-07
1248 3.847026e-07
1249 2.940994e-07
1250 1.942905e-07
1251 1.223387e-07
1252 7.472980e-08
1253 4.603095e-08
1254 0.000000e+00
1255 0.000000e+00
1256 0.000000e+00
1257 0.000000e+00
1258 0.000000e+00
1259 0.000000e+00
1260 2.150531e-07
1261 1.999627e-07
1262 1.624438e-07
1263 1.214068e-07
1264 9.309844e-08
1265 6.460447e-08
1266 3.981232e-08
1267 2.454208e-08
1268 1.503833e-08
1269 0.000000e+00
1270 0.000000e+00
1271 0.000000e+00
1272 0.000000e+00
1273 0.000000e+00
1274 0.000000e+00
1275 3.155046e-07
1276 2.956193e-07
1277 2.421325e-07
1278 1.813864e-07
1279 1.387482e-07
1280 9.762021e-08
1281 5.990402e-08
1282 3.717596e-08
1283 2.271382e-08
1284 0.000000e+00
1285 0.000000e+00
1286 0.000000e+00
1287 0.000000e+00
1288 0.000000e+00
1289 0.000000e+00
1290 4.062775e-07
1291 3.821996e-07
1292 3.144230e-07
1293 2.358690e-07
1294 1.801768e-07
1295 1.276434e-07
1296 7.821515e-08
1297 4.869237e-08
1298 2.970457e-08
1299 0.000000e+00
1300 0.000000e+00
1301 0.000000e+00
1302 0.000000e+00
1303 0.000000e+00
1304 0.000000e+00
1305 4.952933e-07
1306 4.670741e-07
1307 3.852732e-07
1308 2.892647e-07
1309 2.207872e-07
1310 1.570647e-07
1311 9.616012e-08
1312 5.997816e-08
1313 3.655528e-08
1314 0.000000e+00
1315 0.000000e+00
1316 0.000000e+00
1317 0.000000e+00
1318 0.000000e+00
1319 0.000000e+00
1320 6.083198e-07
1321 5.748719e-07
1322 4.752509e-07
1323 3.570782e-07
1324 2.723554e-07
1325 1.944286e-07
1326 1.189438e-07
1327 7.430617e-08
1328 4.525352e-08
1329 0.000000e+00
1330 0.000000e+00
1331 0.000000e+00
1332 0.000000e+00
1333 0.000000e+00
1334 0.000000e+00
1335 2.103943e-07
1336 2.045950e-07
1337 1.744003e-07
1338 1.323834e-07
1339 9.997168e-08
1340 7.465798e-08
1341 4.526109e-08
1342 2.891732e-08
1343 1.742730e-08
1344 1.062944e-08
1345 0.000000e+00
1346 0.000000e+00
1347 0.000000e+00
1348 0.000000e+00
1349 0.000000e+00
1350 3.028185e-07
1351 2.960634e-07
1352 2.540854e-07
1353 1.936570e-07
1354 1.459363e-07
1355 1.095907e-07
1356 6.683764e-08
1357 4.275296e-08
1358 2.570512e-08
1359 1.564892e-08
1360 0.000000e+00
1361 0.000000e+00
1362 0.000000e+00
1363 0.000000e+00
1364 0.000000e+00
1365 3.936019e-07
1366 3.859257e-07
1367 3.324087e-07
1368 2.539116e-07
1369 1.911389e-07
1370 1.439411e-07
1371 8.807708e-08
1372 5.636160e-08
1373 3.384951e-08
1374 2.058762e-08
1375 0.000000e+00
1376 0.000000e+00
1377 0.000000e+00
1378 0.000000e+00
1379 0.000000e+00
1380 5.087936e-07
1381 4.999508e-07
1382 4.317757e-07
1383 3.303476e-07
1384 2.484815e-07
1385 1.875139e-07
1386 1.150197e-07
1387 7.362606e-08
1388 4.418268e-08
1389 2.685281e-08
1390 0.000000e+00
1391 0.000000e+00
1392 0.000000e+00
1393 0.000000e+00
1394 0.000000e+00
1395 1.211593e-07
1396 1.213262e-07
1397 1.071990e-07
1398 8.306140e-08
1399 6.201732e-08
1400 4.770343e-08
1401 2.972764e-08
1402 1.916465e-08
1403 1.140022e-08
1404 6.884735e-09
1405 0.000000e+00
1406 0.000000e+00
1407 0.000000e+00
1408 0.000000e+00
1409 0.000000e+00
1410 2.114972e-07
1411 2.133994e-07
1412 1.905208e-07
1413 1.488753e-07
1414 1.109990e-07
1415 8.552122e-08
1416 5.435368e-08
1417 3.473557e-08
1418 2.066684e-08
1419 1.247938e-08
1420 0.000000e+00
1421 0.000000e+00
1422 0.000000e+00
1423 0.000000e+00
1424 0.000000e+00
1425 3.034160e-07
1426 3.072693e-07
1427 2.757142e-07
1428 2.163701e-07
1429 1.612533e-07
1430 1.242868e-07
1431 7.977017e-08
1432 5.074116e-08
1433 3.021804e-08
1434 1.824222e-08
1435 0.000000e+00
1436 0.000000e+00
1437 0.000000e+00
1438 0.000000e+00
1439 0.000000e+00
1440 4.197627e-07
1441 4.260718e-07
1442 3.835245e-07
1443 3.017728e-07
1444 2.248408e-07
1445 1.733378e-07
1446 1.119244e-07
1447 7.099250e-08
1448 4.230321e-08
1449 2.553377e-08
1450 0.000000e+00
1451 0.000000e+00
1452 0.000000e+00
1453 0.000000e+00
1454 0.000000e+00
1455 1.299924e-07
1456 1.346055e-07
1457 1.244725e-07
1458 1.001808e-07
1459 7.450601e-08
1460 5.747168e-08
1461 3.904244e-08
1462 2.414003e-08
1463 1.446138e-08
1464 8.724248e-09
1465 0.000000e+00
1466 0.000000e+00
1467 0.000000e+00
1468 0.000000e+00
1469 0.000000e+00
1470 2.217950e-07
1471 2.308721e-07
1472 2.151095e-07
1473 1.744992e-07
1474 1.299796e-07
1475 9.999318e-08
1476 6.904910e-08
1477 4.230685e-08
1478 2.554468e-08
1479 1.538139e-08
1480 0.000000e+00
1481 0.000000e+00
1482 0.000000e+00
1483 0.000000e+00
1484 0.000000e+00
1485 3.386233e-07
1486 3.534306e-07
1487 3.305750e-07
1488 2.692497e-07
1489 2.007321e-07
1490 1.542085e-07
1491 1.073463e-07
1492 6.549707e-08
1493 3.970712e-08
1494 2.388444e-08
1495 0.000000e+00
1496 0.000000e+00
1497 0.000000e+00
1498 0.000000e+00
1499 0.000000e+00
1500 1.464918e-07
1501 1.561640e-07
1502 1.505374e-07
1503 1.266243e-07
1504 9.524579e-08
1505 7.229438e-08
1506 5.331758e-08
1507 3.169280e-08
1508 1.987582e-08
1509 1.183865e-08
1510 7.055654e-09
1511 0.000000e+00
1512 0.000000e+00
1513 0.000000e+00
1514 0.000000e+00
1515 2.633477e-07
1516 2.817318e-07
1517 2.730016e-07
1518 2.310939e-07
1519 1.743654e-07
1520 1.320145e-07
1521 9.811755e-08
1522 5.838662e-08
1523 3.684304e-08
1524 2.188338e-08
1525 1.299597e-08
1526 0.000000e+00
1527 0.000000e+00
1528 0.000000e+00
1529 0.000000e+00
1530 1.918956e-07
1531 2.100158e-07
1532 2.103433e-07
1533 1.855398e-07
1534 1.433301e-07
1535 1.069873e-07
1536 8.246869e-08
1537 5.055908e-08
1538 3.259557e-08
1539 1.904882e-08
1540 1.114868e-08
1541 0.000000e+00
1542 0.000000e+00
1543 0.000000e+00
1544 0.000000e+00
1545 5.569243e-05
1546 4.207324e-05
1547 3.192549e-05
1548 2.214769e-05
1549 1.392886e-05
1550 8.802115e-06
1551 5.523775e-06
1552 0.000000e+00
1553 0.000000e+00
1554 0.000000e+00
1555 0.000000e+00
1556 0.000000e+00
1557 0.000000e+00
1558 0.000000e+00
1559 0.000000e+00
1560 4.160901e-05
1561 3.303900e-05
1562 2.473932e-05
1563 1.895347e-05
1564 1.263037e-05
1565 7.983446e-06
1566 4.930771e-06
1567 3.081055e-06
1568 0.000000e+00
1569 0.000000e+00
1570 0.000000e+00
1571 0.000000e+00
1572 0.000000e+00
1573 0.000000e+00
1574 0.000000e+00
1575 3.256553e-05
1576 2.772018e-05
1577 2.106756e-05
1578 1.592819e-05
1579 1.188114e-05
1580 7.274232e-06
1581 4.673361e-06
1582 2.858816e-06
1583 1.782108e-06
1584 0.000000e+00
1585 0.000000e+00
1586 0.000000e+00
1587 0.000000e+00
1588 0.000000e+00
1589 0.000000e+00
1590 2.616779e-05
1591 2.365105e-05
1592 1.868827e-05
1593 1.392149e-05
1594 1.074924e-05
1595 7.035892e-06
1596 4.473716e-06
1597 2.703936e-06
1598 1.665998e-06
1599 0.000000e+00
1600 0.000000e+00
1601 0.000000e+00
1602 0.000000e+00
1603 0.000000e+00
1604 0.000000e+00
1605 2.141352e-05
1606 2.031835e-05
1607 1.681339e-05
1608 1.258471e-05
1609 9.614878e-06
1610 6.921471e-06
1611 4.182075e-06
1612 2.607605e-06
1613 1.592647e-06
1614 0.000000e+00
1615 0.000000e+00
1616 0.000000e+00
1617 0.000000e+00
1618 0.000000e+00
1619 0.000000e+00
1620 1.776418e-05
1621 1.752595e-05
1622 1.517926e-05
1623 1.159396e-05
1624 8.700792e-06
1625 6.637291e-06
1626 4.009521e-06
1627 2.599755e-06
1628 1.556943e-06
1629 9.415057e-07
1630 0.000000e+00
1631 0.000000e+00
1632 0.000000e+00
1633 0.000000e+00
1634 0.000000e+00
1635 1.485065e-05
1636 1.513072e-05
1637 1.367219e-05
1638 1.076356e-05
1639 7.996554e-06
1640 6.201171e-06
1641 3.994898e-06
1642 2.553915e-06
1643 1.511116e-06
1644 9.117348e-07
1645 0.000000e+00
1646 0.000000e+00
1647 0.000000e+00
1648 0.000000e+00
1649 0.000000e+00
1650 1.243740e-05
1651 1.302627e-05
1652 1.223601e-05
1653 9.990463e-06
1654 7.434465e-06
1655 5.715817e-06
1656 4.012255e-06
1657 2.430682e-06
1658 1.467115e-06
1659 8.848895e-07
1660 0.000000e+00
1661 0.000000e+00
1662 0.000000e+00
1663 0.000000e+00
1664 0.000000e+00
1665 1.037837e-05
1666 1.113948e-05
1667 1.084222e-05
1668 9.214835e-06
1669 6.952639e-06
1670 5.253489e-06
1671 3.944731e-06
1672 2.322017e-06
1673 1.476547e-06
1674 8.761863e-07
1675 5.187378e-07
1676 0.000000e+00
1677 0.000000e+00
1678 0.000000e+00
1679 0.000000e+00
1680 8.538108e-06
1681 9.375239e-06
1682 9.433627e-06
1683 8.366257e-06
1684 6.478212e-06
1685 4.823787e-06
1686 3.740394e-06
1687 2.294425e-06
1688 1.490982e-06
1689 8.686806e-07
1690 5.063329e-07
1691 0.000000e+00
1692 0.000000e+00
1693 0.000000e+00
1694 0.000000e+00
1695 1.323480e-06
1696 1.010341e-06
1697 7.570199e-07
1698 5.323467e-07
1699 3.396044e-07
1700 2.149254e-07
1701 1.348838e-07
1702 0.000000e+00
1703 0.000000e+00
1704 0.000000e+00
1705 0.000000e+00
1706 0.000000e+00
1707 0.000000e+00
1708 0.000000e+00
1709 0.000000e+00
1710 1.236923e-06
1711 9.915996e-07
1712 7.475596e-07
1713 5.647002e-07
1714 3.837352e-07
1715 2.411543e-07
1716 1.506702e-07
1717 9.391510e-08
1718 0.000000e+00
1719 0.000000e+00
1720 0.000000e+00
1721 0.000000e+00
1722 0.000000e+00
1723 0.000000e+00
1724 0.000000e+00
1725 1.129803e-06
1726 9.650204e-07
1727 7.392806e-07
1728 5.584965e-07
1729 4.122014e-07
1730 2.592425e-07
1731 1.646621e-07
1732 1.008450e-07
1733 6.296935e-08
1734 0.000000e+00
1735 0.000000e+00
1736 0.000000e+00
1737 0.000000e+00
1738 0.000000e+00
1739 0.000000e+00
1740 1.021595e-06
1741 9.239435e-07
1742 7.337439e-07
1743 5.493642e-07
1744 4.196784e-07
1745 2.789311e-07
1746 1.752358e-07
1747 1.071945e-07
1748 6.598972e-08
1749 0.000000e+00
1750 0.000000e+00
1751 0.000000e+00
1752 0.000000e+00
1753 0.000000e+00
1754 0.000000e+00
1755 9.197845e-07
1756 8.721696e-07
1757 7.233077e-07
1758 5.443378e-07
1759 4.146676e-07
1760 2.972276e-07
1761 1.819171e-07
1762 1.138749e-07
1763 6.927155e-08
1764 0.000000e+00
1765 0.000000e+00
1766 0.000000e+00
1767 0.000000e+00
1768 0.000000e+00
1769 0.000000e+00
1770 8.263203e-07
1771 8.144810e-07
1772 7.057089e-07
1773 5.413056e-07
1774 4.069103e-07
1775 3.073875e-07
1776 1.895231e-07
1777 1.212623e-07
1778 7.268101e-08
1779 4.415208e-08
1780 0.000000e+00
1781 0.000000e+00
1782 0.000000e+00
1783 0.000000e+00
1784 0.000000e+00
1785 7.405560e-07
1786 7.538450e-07
1787 6.807537e-07
1788 5.373663e-07
1789 4.005534e-07
1790 3.084783e-07
1791 2.007287e-07
1792 1.268875e-07
1793 7.569521e-08
1794 4.567075e-08
1795 0.000000e+00
1796 0.000000e+00
1797 0.000000e+00
1798 0.000000e+00
1799 0.000000e+00
1800 6.607021e-07
1801 6.914525e-07
1802 6.487867e-07
1803 5.303786e-07
1804 3.960366e-07
1805 3.037009e-07
1806 2.128578e-07
1807 1.294867e-07
1808 7.884701e-08
1809 4.737144e-08
1810 0.000000e+00
1811 0.000000e+00
1812 0.000000e+00
1813 0.000000e+00
1814 0.000000e+00
1815 5.850785e-07
1816 6.275741e-07
1817 6.100506e-07
1818 5.185295e-07
1819 3.923257e-07
1820 2.965854e-07
1821 2.212948e-07
1822 1.319512e-07
1823 8.353415e-08
1824 4.952334e-08
1825 2.937002e-08
1826 0.000000e+00
1827 0.000000e+00
1828 0.000000e+00
1829 0.000000e+00
1830 5.123806e-07
1831 5.623031e-07
1832 5.650964e-07
1833 5.008050e-07
1834 3.885006e-07
1835 2.898405e-07
1836 2.235267e-07
1837 1.383306e-07
1838 8.883611e-08
1839 5.187136e-08
1840 3.039588e-08
1841 0.000000e+00
1842 0.000000e+00
1843 0.000000e+00
1844 0.000000e+00
1845 4.698632e-09
1846 3.266265e-09
1847 2.177095e-09
1848 1.413172e-09
1849 9.242396e-10
1850 6.149962e-10
1851 4.188677e-10
1852 2.895432e-10
1853 1.996562e-10
1854 1.346557e-10
1855 8.735804e-11
1856 5.388989e-11
1857 3.144746e-11
1858 1.737867e-11
1859 9.153732e-12
1860 1.162586e-08
1861 8.404353e-09
1862 5.855877e-09
1863 3.881179e-09
1864 2.495440e-09
1865 1.618663e-09
1866 1.066735e-09
1867 7.217980e-10
1868 4.974995e-10
1869 3.431747e-10
1870 2.321167e-10
1871 1.512167e-10
1872 9.370062e-11
1873 5.488374e-11
1874 3.039166e-11
1875 1.818863e-08
1876 1.347848e-08
1877 9.616973e-09
1878 6.588791e-09
1879 4.274723e-09
1880 2.741448e-09
1881 1.775154e-09
1882 1.174869e-09
1883 7.973049e-10
1884 5.488628e-10
1885 3.758983e-10
1886 2.510448e-10
1887 1.608616e-10
1888 9.783365e-11
1889 5.622640e-11
1890 2.489312e-08
1891 1.891081e-08
1892 1.370843e-08
1893 9.598360e-09
1894 6.377538e-09
1895 4.065988e-09
1896 2.614542e-09
1897 1.699147e-09
1898 1.134257e-09
1899 7.736248e-10
1900 5.306606e-10
1901 3.588086e-10
1902 2.347910e-10
1903 1.466859e-10
1904 8.679545e-11
1905 3.188458e-08
1906 2.483896e-08
1907 1.828915e-08
1908 1.298713e-08
1909 8.832523e-09
1910 5.669593e-09
1911 3.619319e-09
1912 2.323267e-09
1913 1.527797e-09
1914 1.029651e-09
1915 7.035005e-10
1916 4.782273e-10
1917 3.172432e-10
1918 2.021919e-10
1919 1.225108e-10
1920 3.940260e-08
1921 3.148272e-08
1922 2.359562e-08
1923 1.695162e-08
1924 1.174242e-08
1925 7.668547e-09
1926 4.857188e-09
1927 3.101889e-09
1928 2.009974e-09
1929 1.335748e-09
1930 9.055005e-10
1931 6.158300e-10
1932 4.120820e-10
1933 2.667034e-10
1934 1.648739e-10
1935 4.773383e-08
1936 3.912892e-08
1937 2.992978e-08
1938 2.176841e-08
1939 1.529223e-08
1940 1.020302e-08
1941 6.457592e-09
1942 4.109329e-09
1943 2.624554e-09
1944 1.719681e-09
1945 1.153061e-09
1946 7.812794e-10
1947 5.251290e-10
1948 3.438588e-10
1949 2.162593e-10
1950 5.734388e-08
1951 4.826351e-08
1952 3.779667e-08
1953 2.790752e-08
1954 1.983998e-08
1955 1.351749e-08
1956 8.651540e-09
1957 5.463635e-09
1958 3.456618e-09
1959 2.231397e-09
1960 1.475370e-09
1961 9.916800e-10
1962 6.666795e-10
1963 4.401188e-10
1964 2.808966e-10
1965 6.959880e-08
1966 6.031579e-08
1967 4.861014e-08
1968 3.666455e-08
1969 2.641189e-08
1970 1.834637e-08
1971 1.201698e-08
1972 7.539193e-09
1973 4.752366e-09
1974 3.013866e-09
1975 1.955870e-09
1976 1.296471e-09
1977 8.668208e-10
1978 5.744445e-10
1979 3.711268e-10
1980 9.148135e-08
1981 8.280283e-08
1982 6.993173e-08
1983 5.501602e-08
1984 4.077281e-08
1985 2.900317e-08
1986 1.974569e-08
1987 1.264239e-08
1988 7.897919e-09
1989 4.919185e-09
1990 3.097798e-09
1991 1.990512e-09
1992 1.301316e-09
1993 8.548803e-10
1994 5.555453e-10
1995 2.106927e-07
1996 2.158151e-07
1997 2.101084e-07
1998 1.926000e-07
1999 1.648261e-07
2000 1.311240e-07
2001 9.773035e-08
2002 6.956106e-08
2003 4.748470e-08
2004 3.015107e-08
2005 1.823278e-08
2006 1.084088e-08
2007 6.363457e-09
2008 3.732346e-09
2009 2.209106e-09
