0 1.851141e-09
1 1.237907e-09
2 8.080572e-10
3 5.287966e-10
4 3.508603e-10
5 2.366825e-10
6 1.608938e-10
7 1.084069e-10
8 7.104371e-11
9 4.456086e-11
10 2.645759e-11
11 1.480967e-11
12 7.851061e-12
13 3.989341e-12
14 1.976567e-12
15 2.957610e-09
16 2.016343e-09
17 1.324588e-09
18 8.597754e-10
19 5.640611e-10
20 3.761113e-10
21 2.545771e-10
22 1.726444e-10
23 1.151122e-10
24 7.406880e-11
25 4.534204e-11
26 2.619298e-11
27 1.427954e-11
28 7.405570e-12
29 3.709214e-12
30 3.374858e-09
31 2.315204e-09
32 1.527067e-09
33 9.898477e-10
34 6.474411e-10
35 4.300096e-10
36 2.904075e-10
37 1.969987e-10
38 1.318496e-10
39 8.540433e-11
40 5.273059e-11
41 3.075462e-11
42 1.691876e-11
43 8.837819e-12
44 4.446216e-12
45 3.618533e-09
46 2.489392e-09
47 1.645496e-09
48 1.066015e-09
49 6.963285e-10
50 4.615917e-10
51 3.113003e-10
52 2.112391e-10
53 1.416294e-10
54 9.203387e-11
55 5.705210e-11
56 3.342218e-11
57 1.846594e-11
58 9.678537e-12
59 4.878941e-12
60 3.788472e-09
61 2.611155e-09
62 1.728294e-09
63 1.119176e-09
64 7.302848e-10
65 4.835602e-10
66 3.258803e-10
67 2.211532e-10
68 1.484468e-10
69 9.665064e-11
70 6.006213e-11
71 3.528191e-11
72 1.954470e-11
73 1.026473e-11
74 5.180739e-12
75 3.921100e-09
76 2.706228e-09
77 1.792680e-09
78 1.160596e-09
79 7.567847e-10
80 5.007504e-10
81 3.373084e-10
82 2.289074e-10
83 1.537598e-10
84 1.002570e-10
85 6.241404e-11
86 3.673763e-11
87 2.038436e-11
88 1.072092e-11
89 5.415747e-12
90 4.033089e-09
91 2.786025e-09
92 1.846847e-09
93 1.195478e-09
94 7.790497e-10
95 5.151164e-10
96 3.468558e-10
97 2.353974e-10
98 1.582228e-10
99 1.032783e-10
100 6.439594e-11
101 3.795026e-11
102 2.108978e-11
103 1.110467e-11
104 5.612352e-12
105 4.131660e-09
106 2.856676e-09
107 1.894993e-09
108 1.226495e-09
109 7.989400e-10
110 5.279631e-10
111 3.553626e-10
112 2.412381e-10
113 1.621941e-10
114 1.059694e-10
115 6.615731e-11
116 3.904070e-11
117 2.171948e-11
118 1.144538e-11
119 5.788289e-12
120 4.229088e-09
121 2.926412e-09
122 1.942032e-09
123 1.256770e-09
124 8.183616e-10
125 5.405332e-10
126 3.637209e-10
127 2.468679e-10
128 1.661073e-10
129 1.086235e-10
130 6.788200e-11
131 4.009828e-11
132 2.233387e-11
133 1.178022e-11
134 5.959740e-12
135 4.352605e-09
136 3.014945e-09
137 2.002031e-09
138 1.295251e-09
139 8.429349e-10
140 5.564641e-10
141 3.742740e-10
142 2.541079e-10
143 1.710826e-10
144 1.119916e-10
145 7.005388e-11
146 4.144674e-11
147 2.311296e-11
148 1.220437e-11
149 6.178694e-12
150 5.647176e-09
151 3.965775e-09
152 2.670025e-09
153 1.730649e-09
154 1.120031e-09
155 7.330502e-10
156 4.891515e-10
157 3.310661e-10
158 2.238440e-10
159 1.482147e-10
160 9.433839e-11
161 5.695892e-11
162 3.242821e-11
163 1.743739e-11
164 8.939175e-12
165 7.023367e-09
166 4.984289e-09
167 3.398402e-09
168 2.216931e-09
169 1.428560e-09
170 9.296977e-10
171 6.157963e-10
172 4.146902e-10
173 2.806983e-10
174 1.871918e-10
175 1.206564e-10
176 7.399431e-11
177 4.288847e-11
178 2.343961e-11
179 1.216878e-11
180 7.868945e-09
181 5.611518e-09
182 3.848466e-09
183 2.520255e-09
184 1.621370e-09
185 1.052599e-09
186 6.944336e-10
187 4.665160e-10
188 3.157578e-10
189 2.112470e-10
190 1.368996e-10
191 8.458672e-11
192 4.940894e-11
193 2.722082e-11
194 1.421298e-11
195 8.463469e-09
196 6.052762e-09
197 4.164989e-09
198 2.734089e-09
199 1.757161e-09
200 1.139069e-09
201 7.496777e-10
202 5.031162e-10
203 3.405174e-10
204 2.281769e-10
205 1.483032e-10
206 9.203687e-11
207 5.400545e-11
208 2.988133e-11
209 1.565857e-11
210 8.927477e-09
211 6.396531e-09
212 4.411478e-09
213 2.900043e-09
214 1.862996e-09
215 1.206449e-09
216 7.928632e-10
217 5.314647e-10
218 3.597598e-10
219 2.413383e-10
220 1.571842e-10
221 9.780793e-11
222 5.757627e-11
223 3.194899e-11
224 1.677764e-11
225 9.315346e-09
226 6.684375e-09
227 4.617736e-09
228 3.039150e-09
229 1.951238e-09
230 1.262833e-09
231 8.289666e-10
232 5.552502e-10
233 3.758336e-10
234 2.523970e-10
235 1.646581e-10
236 1.026643e-10
237 6.057301e-11
238 3.368274e-11
239 1.771519e-11
240 9.660060e-09
241 6.940663e-09
242 4.801744e-09
243 3.163328e-09
244 2.029912e-09
245 1.312851e-09
246 8.609103e-10
247 5.764595e-10
248 3.901418e-10
249 2.621567e-10
250 1.712708e-10
251 1.069887e-10
252 6.322796e-11
253 3.523098e-11
254 1.855663e-11
255 9.999531e-09
256 7.192287e-09
257 4.981989e-09
258 3.284887e-09
259 2.107009e-09
260 1.362241e-09
261 8.926148e-10
262 5.972120e-10
263 4.042726e-10
264 2.717947e-10
265 1.778085e-10
266 1.112399e-10
267 6.584118e-11
268 3.673512e-11
269 1.936991e-11
270 1.043102e-08
271 7.512522e-09
272 5.212347e-09
273 3.440158e-09
274 2.205684e-09
275 1.424635e-09
276 9.329884e-10
277 6.238075e-10
278 4.220807e-10
279 2.840612e-10
280 1.861177e-10
281 1.166105e-10
282 6.916516e-11
283 3.867281e-11
284 2.041674e-11
285 9.341528e-09
286 6.725274e-09
287 4.665916e-09
288 3.092545e-09
289 1.986851e-09
290 1.284699e-09
291 8.409162e-10
292 5.612613e-10
293 3.788886e-10
294 2.542999e-10
295 1.662878e-10
296 1.041597e-10
297 6.187222e-11
298 3.466566e-11
299 1.837138e-11
300 1.093593e-08
301 7.937971e-09
302 5.553257e-09
303 3.717110e-09
304 2.391637e-09
305 1.540941e-09
306 1.002815e-09
307 6.655750e-10
308 4.481641e-10
309 3.013042e-10
310 1.982920e-10
311 1.254842e-10
312 7.543403e-11
313 4.282575e-11
314 2.296350e-11
315 1.208310e-08
316 8.813353e-09
317 6.194325e-09
318 4.168993e-09
319 2.686416e-09
320 1.727116e-09
321 1.120532e-09
322 7.414035e-10
323 4.982710e-10
324 3.353258e-10
325 2.214044e-10
326 1.408783e-10
327 8.527606e-11
328 4.875537e-11
329 2.631263e-11
330 1.297876e-08
331 9.496907e-09
332 6.695953e-09
333 4.522629e-09
334 2.917119e-09
335 1.872882e-09
336 1.212746e-09
337 8.006314e-10
338 5.375169e-10
339 3.618917e-10
340 2.395029e-10
341 1.529193e-10
342 9.295587e-11
343 5.340529e-11
344 2.893380e-11
345 1.372962e-08
346 1.006994e-08
347 7.115644e-09
348 4.818191e-09
349 3.109748e-09
350 1.994436e-09
351 1.289710e-09
352 8.502812e-10
353 5.703223e-10
354 3.841239e-10
355 2.546577e-10
356 1.630091e-10
357 9.940017e-11
358 5.728721e-11
359 3.112006e-11
360 1.439668e-08
361 1.057996e-08
362 7.488953e-09
363 5.081174e-09
364 3.281522e-09
365 2.102948e-09
366 1.358266e-09
367 8.943494e-10
368 5.995116e-10
369 4.038866e-10
370 2.680891e-10
371 1.719703e-10
372 1.051015e-10
373 6.073121e-11
374 3.307683e-11
375 1.505281e-08
376 1.107937e-08
377 7.855085e-09
378 5.339784e-09
379 3.449970e-09
380 2.209342e-09
381 1.425734e-09
382 9.376630e-10
383 6.281510e-10
384 4.232635e-10
385 2.813369e-10
386 1.807670e-10
387 1.107382e-10
388 6.412620e-11
389 3.499802e-11
390 1.588468e-08
391 1.171382e-08
392 8.320241e-09
393 5.667501e-09
394 3.663796e-09
395 2.344645e-09
396 1.511381e-09
397 9.926844e-10
398 6.645040e-10
399 4.479600e-10
400 2.981007e-10
401 1.919395e-10
402 1.178685e-10
403 6.842733e-11
404 3.742665e-11
405 1.329882e-08
406 9.772010e-09
407 6.908497e-09
408 4.689875e-09
409 3.038712e-09
410 1.947943e-09
411 1.260028e-09
412 8.291826e-10
413 5.551718e-10
414 3.732490e-10
415 2.472441e-10
416 1.583236e-10
417 9.670236e-11
418 5.590418e-11
419 3.049218e-11
420 1.511334e-08
421 1.119888e-08
422 7.968697e-09
423 5.453553e-09
424 3.555890e-09
425 2.273276e-09
426 1.465836e-09
427 9.592289e-10
428 6.395376e-10
429 4.296596e-10
430 2.854607e-10
431 1.840508e-10
432 1.134580e-10
433 6.626935e-11
434 3.653376e-11
435 1.654774e-08
436 1.232872e-08
437 8.808548e-09
438 6.059420e-09
439 3.967008e-09
440 2.532318e-09
441 1.629892e-09
442 1.062778e-09
443 7.066491e-10
444 4.744399e-10
445 3.158536e-10
446 2.044798e-10
447 1.267742e-10
448 7.452958e-11
449 4.135703e-11
450 1.775145e-08
451 1.327771e-08
452 9.515478e-09
453 6.568620e-09
454 4.312257e-09
455 2.749799e-09
456 1.767609e-09
457 1.149784e-09
458 7.629880e-10
459 5.120266e-10
460 3.413105e-10
461 2.216257e-10
462 1.379419e-10
463 8.144279e-11
464 4.539666e-11
465 1.882153e-08
466 1.412153e-08
467 1.014150e-08
468 7.019665e-09
469 4.618733e-09
470 2.943200e-09
471 1.889836e-09
472 1.226931e-09
473 8.131272e-10
474 5.453784e-10
475 3.639759e-10
476 2.368545e-10
477 1.478504e-10
478 8.760989e-11
479 4.899282e-11
480 1.987342e-08
481 1.494812e-08
482 1.075624e-08
483 7.464645e-09
484 4.919338e-09
485 3.133020e-09
486 2.009845e-09
487 1.302547e-09
488 8.621742e-10
489 5.782259e-10
490 3.862070e-10
491 2.518106e-10
492 1.576091e-10
493 9.365692e-11
494 5.253065e-11
495 2.120504e-08
496 1.599762e-08
497 1.153817e-08
498 8.027556e-09
499 5.301940e-09
500 3.374103e-09
501 2.162632e-09
502 1.398960e-09
503 9.246557e-10
504 6.198736e-10
505 4.144604e-10
506 2.707768e-10
507 1.699742e-10
508 1.013454e-10
509 5.700861e-11
510 1.762756e-08
511 1.322371e-08
512 9.490457e-09
513 6.561680e-09
514 4.325235e-09
515 2.760962e-09
516 1.774346e-09
517 1.152162e-09
518 7.632162e-10
519 5.113193e-10
520 3.405474e-10
521 2.211855e-10
522 1.379076e-10
523 8.166586e-11
524 4.568642e-11
525 1.970853e-08
526 1.491595e-08
527 1.077043e-08
528 7.496032e-09
529 4.978498e-09
530 3.180093e-09
531 2.038118e-09
532 1.317175e-09
533 8.685166e-10
534 5.804359e-10
535 3.869590e-10
536 2.525195e-10
537 1.585476e-10
538 9.472493e-11
539 5.351024e-11
540 2.146620e-08
541 1.634765e-08
542 1.185493e-08
543 8.285570e-09
544 5.532209e-09
545 3.535133e-09
546 2.261504e-09
547 1.456966e-09
548 9.576312e-10
549 6.388617e-10
550 4.261835e-10
551 2.789285e-10
552 1.759976e-10
553 1.057542e-10
554 6.012325e-11
555 2.302553e-08
556 1.761910e-08
557 1.281870e-08
558 8.988602e-09
559 6.024752e-09
560 3.851173e-09
561 2.460129e-09
562 1.581340e-09
563 1.037093e-09
564 6.908379e-10
565 4.612160e-10
566 3.024915e-10
567 1.915158e-10
568 1.156044e-10
569 6.602479e-11
570 2.456361e-08
571 1.886960e-08
572 1.376239e-08
573 9.679293e-09
574 6.506890e-09
575 4.160889e-09
576 2.655229e-09
577 1.703294e-09
578 1.114868e-09
579 7.419220e-10
580 4.954074e-10
581 3.255449e-10
582 2.067812e-10
583 1.252480e-10
584 7.180765e-11
585 2.650579e-08
586 2.045141e-08
587 1.496286e-08
588 1.055407e-08
589 7.119539e-09
590 4.554362e-09
591 2.902765e-09
592 1.858075e-09
593 1.213627e-09
594 8.066986e-10
595 5.389500e-10
596 3.548973e-10
597 2.260921e-10
598 1.374989e-10
599 7.914918e-11
600 2.249358e-08
601 1.724198e-08
602 1.255947e-08
603 8.811052e-09
604 5.916061e-09
605 3.794348e-09
606 2.422045e-09
607 1.557066e-09
608 1.019984e-09
609 6.784295e-10
610 4.521552e-10
611 2.963747e-10
612 1.876451e-10
613 1.133862e-10
614 6.488151e-11
615 2.492641e-08
616 1.928985e-08
617 1.414814e-08
618 9.979930e-09
619 6.751729e-09
620 4.347244e-09
621 2.767319e-09
622 1.773350e-09
623 1.155766e-09
624 7.659639e-10
625 5.101662e-10
626 3.353177e-10
627 2.135318e-10
628 1.299851e-10
629 7.505386e-11
630 2.709780e-08
631 2.112090e-08
632 1.556421e-08
633 1.102434e-08
634 7.497811e-09
635 4.841327e-09
636 3.075714e-09
637 1.966492e-09
638 1.277366e-09
639 8.440807e-10
640 5.620217e-10
641 3.700740e-10
642 2.365976e-10
643 1.448462e-10
644 8.415548e-11
645 2.923351e-08
646 2.291424e-08
647 1.695424e-08
648 1.204846e-08
649 8.228815e-09
650 5.325989e-09
651 3.378105e-09
652 2.156414e-09
653 1.396313e-09
654 9.208183e-10
655 6.129016e-10
656 4.042147e-10
657 2.592870e-10
658 1.593952e-10
659 9.306123e-11
660 3.193012e-08
661 2.518713e-08
662 1.871556e-08
663 1.334783e-08
664 9.157331e-09
665 5.941091e-09
666 3.762099e-09
667 2.396690e-09
668 1.547361e-09
669 1.018155e-09
670 6.773269e-10
671 4.474261e-10
672 2.879929e-10
673 1.778711e-10
674 1.043692e-10
675 2.812855e-08
676 2.206002e-08
677 1.634001e-08
678 1.161058e-08
679 7.931025e-09
680 5.149396e-09
681 3.267714e-09
682 2.087812e-09
683 1.351038e-09
684 8.899932e-10
685 5.913251e-10
686 3.894549e-10
687 2.495601e-10
688 1.533566e-10
689 8.960668e-11
690 3.107141e-08
691 2.462232e-08
692 1.837763e-08
693 1.313249e-08
694 9.032374e-09
695 5.903254e-09
696 3.740635e-09
697 2.384510e-09
698 1.535013e-09
699 1.006376e-09
700 6.673072e-10
701 4.399392e-10
702 2.831093e-10
703 1.752043e-10
704 1.032049e-10
705 3.396105e-08
706 2.713365e-08
707 2.037860e-08
708 1.462656e-08
709 1.011274e-08
710 6.643483e-09
711 4.204828e-09
712 2.676042e-09
713 1.715184e-09
714 1.120790e-09
715 7.417861e-10
716 4.895363e-10
717 3.161826e-10
718 1.965999e-10
719 1.165304e-10
720 3.762188e-08
721 3.032224e-08
722 2.291495e-08
723 1.651976e-08
724 1.148448e-08
725 7.582638e-09
726 4.793107e-09
727 3.045416e-09
728 1.943929e-09
729 1.265882e-09
730 8.363312e-10
731 5.523137e-10
732 3.579007e-10
733 2.237938e-10
734 1.335150e-10
735 3.493113e-08
736 2.807740e-08
737 2.120238e-08
738 1.527248e-08
739 1.059443e-08
740 6.999142e-09
741 4.439261e-09
742 2.820946e-09
743 1.803244e-09
744 1.174507e-09
745 7.751276e-10
746 5.108652e-10
747 3.302134e-10
748 2.059705e-10
749 1.226136e-10
750 3.881846e-08
751 3.157579e-08
752 2.407818e-08
753 1.746183e-08
754 1.219357e-08
755 8.124965e-09
756 5.162948e-09
757 3.271741e-09
758 2.080771e-09
759 1.347533e-09
760 8.857723e-10
761 5.835623e-10
762 3.782406e-10
763 2.373363e-10
764 1.424816e-10
765 4.374457e-08
766 3.601401e-08
767 2.772771e-08
768 2.023829e-08
769 1.422244e-08
770 9.552632e-09
771 6.080920e-09
772 3.842282e-09
773 2.432562e-09
774 1.567360e-09
775 1.026413e-09
776 6.755911e-10
777 4.392052e-10
778 2.772348e-10
779 1.677673e-10
780 4.403188e-08
781 3.642553e-08
782 2.819604e-08
783 2.066707e-08
784 1.455858e-08
785 9.821014e-09
786 6.288992e-09
787 3.967555e-09
788 2.511385e-09
789 1.612343e-09
790 1.051821e-09
791 6.906100e-10
792 4.484479e-10
793 2.833052e-10
794 1.718471e-10
795 5.083173e-08
796 4.277873e-08
797 3.362519e-08
798 2.491945e-08
799 1.770574e-08
800 1.208055e-08
801 7.802167e-09
802 4.903877e-09
803 3.091749e-09
804 1.968340e-09
805 1.274267e-09
806 8.331412e-10
807 5.416987e-10
808 3.441610e-10
809 2.108181e-10
810 6.115747e-08
811 5.286934e-08
812 4.268032e-08
813 3.232787e-08
814 2.332000e-08
815 1.617815e-08
816 1.067075e-08
817 6.722448e-09
818 4.217238e-09
819 2.648650e-09
820 1.689282e-09
821 1.091516e-09
822 7.062941e-10
823 4.503045e-10
824 2.789530e-10
825 5.228450e-07
826 3.954493e-07
827 2.942791e-07
828 2.006116e-07
829 1.267706e-07
830 7.999773e-08
831 5.039959e-08
832 0.000000e+00
833 0.000000e+00
834 0.000000e+00
835 0.000000e+00
836 0.000000e+00
837 0.000000e+00
838 0.000000e+00
839 0.000000e+00
840 6.686897e-07
841 5.072023e-07
842 3.783635e-07
843 2.608416e-07
844 1.652008e-07
845 1.043298e-07
846 6.554976e-08
847 0.000000e+00
848 0.000000e+00
849 0.000000e+00
850 0.000000e+00
851 0.000000e+00
852 0.000000e+00
853 0.000000e+00
854 0.000000e+00
855 7.724451e-07
856 5.868732e-07
857 4.383091e-07
858 3.038248e-07
859 1.927236e-07
860 1.217378e-07
861 7.639822e-08
862 0.000000e+00
863 0.000000e+00
864 0.000000e+00
865 0.000000e+00
866 0.000000e+00
867 0.000000e+00
868 0.000000e+00
869 0.000000e+00
870 8.533939e-07
871 6.490211e-07
872 4.850750e-07
873 3.373544e-07
874 2.141971e-07
875 1.353212e-07
876 8.486343e-08
877 0.000000e+00
878 0.000000e+00
879 0.000000e+00
880 0.000000e+00
881 0.000000e+00
882 0.000000e+00
883 0.000000e+00
884 0.000000e+00
885 9.212358e-07
886 7.011146e-07
887 5.242783e-07
888 3.654624e-07
889 2.321982e-07
890 1.467069e-07
891 9.195903e-08
892 0.000000e+00
893 0.000000e+00
894 0.000000e+00
895 0.000000e+00
896 0.000000e+00
897 0.000000e+00
898 0.000000e+00
899 0.000000e+00
900 9.816233e-07
901 7.474747e-07
902 5.591685e-07
903 3.904774e-07
904 2.482188e-07
905 1.568391e-07
906 9.827394e-08
907 0.000000e+00
908 0.000000e+00
909 0.000000e+00
910 0.000000e+00
911 0.000000e+00
912 0.000000e+00
913 0.000000e+00
914 0.000000e+00
915 1.040946e-06
916 7.930247e-07
917 5.934467e-07
918 4.150522e-07
919 2.639559e-07
920 1.667939e-07
921 1.044778e-07
922 0.000000e+00
923 0.000000e+00
924 0.000000e+00
925 0.000000e+00
926 0.000000e+00
927 0.000000e+00
928 0.000000e+00
929 0.000000e+00
930 1.116267e-06
931 8.508632e-07
932 6.369697e-07
933 4.462582e-07
934 2.839407e-07
935 1.794352e-07
936 1.123558e-07
937 0.000000e+00
938 0.000000e+00
939 0.000000e+00
940 0.000000e+00
941 0.000000e+00
942 0.000000e+00
943 0.000000e+00
944 0.000000e+00
945 2.666208e-07
946 2.068220e-07
947 1.558066e-07
948 1.162106e-07
949 7.482473e-08
950 4.756332e-08
951 2.937511e-08
952 1.846953e-08
953 0.000000e+00
954 0.000000e+00
955 0.000000e+00
956 0.000000e+00
957 0.000000e+00
958 0.000000e+00
959 0.000000e+00
960 4.287298e-07
961 3.366598e-07
962 2.533867e-07
963 1.903168e-07
964 1.251495e-07
965 7.905555e-08
966 4.898053e-08
967 3.065808e-08
968 0.000000e+00
969 0.000000e+00
970 0.000000e+00
971 0.000000e+00
972 0.000000e+00
973 0.000000e+00
974 0.000000e+00
975 5.557175e-07
976 4.393524e-07
977 3.307740e-07
978 2.490074e-07
979 1.655943e-07
980 1.043281e-07
981 6.479366e-08
982 4.045454e-08
983 0.000000e+00
984 0.000000e+00
985 0.000000e+00
986 0.000000e+00
987 0.000000e+00
988 0.000000e+00
989 0.000000e+00
990 6.558110e-07
991 5.204409e-07
992 3.919442e-07
993 2.953760e-07
994 1.976041e-07
995 1.243573e-07
996 7.732725e-08
997 4.821671e-08
998 0.000000e+00
999 0.000000e+00
1000 0.000000e+00
1001 0.000000e+00
1002 0.000000e+00
1003 0.000000e+00
1004 0.000000e+00
1005 7.396849e-07
1006 5.883918e-07
1007 4.432038e-07
1008 3.342290e-07
1009 2.244248e-07
1010 1.411425e-07
1011 8.782926e-08
1012 5.472012e-08
1013 0.000000e+00
1014 0.000000e+00
1015 0.000000e+00
1016 0.000000e+00
1017 0.000000e+00
1018 0.000000e+00
1019 0.000000e+00
1020 8.143085e-07
1021 6.488352e-07
1022 4.887996e-07
1023 3.687961e-07
1024 2.482864e-07
1025 1.560755e-07
1026 9.717246e-08
1027 6.050609e-08
1028 0.000000e+00
1029 0.000000e+00
1030 0.000000e+00
1031 0.000000e+00
1032 0.000000e+00
1033 0.000000e+00
1034 0.000000e+00
1035 8.876501e-07
1036 7.082317e-07
1037 5.336026e-07
1038 4.027596e-07
1039 2.717305e-07
1040 1.707475e-07
1041 1.063524e-07
1042 6.619136e-08
1043 0.000000e+00
1044 0.000000e+00
1045 0.000000e+00
1046 0.000000e+00
1047 0.000000e+00
1048 0.000000e+00
1049 0.000000e+00
1050 9.807427e-07
1051 7.836551e-07
1052 5.904999e-07
1053 4.458921e-07
1054 3.015066e-07
1055 1.893826e-07
1056 1.180109e-07
1057 7.341076e-08
1058 0.000000e+00
1059 0.000000e+00
1060 0.000000e+00
1061 0.000000e+00
1062 0.000000e+00
1063 0.000000e+00
1064 0.000000e+00
1065 2.426978e-07
1066 2.004274e-07
1067 1.511331e-07
1068 1.150278e-07
1069 8.199555e-08
1070 5.067334e-08
1071 3.197550e-08
1072 1.969212e-08
1073 1.237458e-08
1074 0.000000e+00
1075 0.000000e+00
1076 0.000000e+00
1077 0.000000e+00
1078 0.000000e+00
1079 0.000000e+00
1080 3.745215e-07
1081 3.132790e-07
1082 2.375054e-07
1083 1.801938e-07
1084 1.304581e-07
1085 8.088832e-08
1086 5.126286e-08
1087 3.144521e-08
1088 1.967225e-08
1089 0.000000e+00
1090 0.000000e+00
1091 0.000000e+00
1092 0.000000e+00
1093 0.000000e+00
1094 0.000000e+00
1095 4.851186e-07
1096 4.086036e-07
1097 3.108290e-07
1098 2.354563e-07
1099 1.716761e-07
1100 1.068526e-07
1101 6.777525e-08
1102 4.151017e-08
1103 2.591415e-08
1104 0.000000e+00
1105 0.000000e+00
1106 0.000000e+00
1107 0.000000e+00
1108 0.000000e+00
1109 0.000000e+00
1110 5.782270e-07
1111 4.889180e-07
1112 3.726602e-07
1113 2.820604e-07
1114 2.064302e-07
1115 1.287801e-07
1116 8.171095e-08
1117 5.000971e-08
1118 3.118386e-08
1119 0.000000e+00
1120 0.000000e+00
1121 0.000000e+00
1122 0.000000e+00
1123 0.000000e+00
1124 0.000000e+00
1125 6.609969e-07
1126 5.603035e-07
1127 4.276130e-07
1128 3.234819e-07
1129 2.373224e-07
1130 1.482729e-07
1131 9.409702e-08
1132 5.756444e-08
1133 3.586807e-08
1134 0.000000e+00
1135 0.000000e+00
1136 0.000000e+00
1137 0.000000e+00
1138 0.000000e+00
1139 0.000000e+00
1140 7.423275e-07
1141 6.304424e-07
1142 4.816087e-07
1143 3.641755e-07
1144 2.676686e-07
1145 1.674188e-07
1146 1.062652e-07
1147 6.498607e-08
1148 4.047010e-08
1149 0.000000e+00
1150 0.000000e+00
1151 0.000000e+00
1152 0.000000e+00
1153 0.000000e+00
1154 0.000000e+00
1155 8.456078e-07
1156 7.195276e-07
1157 5.501820e-07
1158 4.158667e-07
1159 3.062153e-07
1160 1.917383e-07
1161 1.217215e-07
1162 7.441322e-08
1163 4.631475e-08
1164 0.000000e+00
1165 0.000000e+00
1166 0.000000e+00
1167 0.000000e+00
1168 0.000000e+00
1169 0.000000e+00
1170 2.258018e-07
1171 1.987823e-07
1172 1.544406e-07
1173 1.157500e-07
1174 8.809761e-08
1175 5.601682e-08
1176 3.577528e-08
1177 2.168143e-08
1178 1.337350e-08
1179 0.000000e+00
1180 0.000000e+00
1181 0.000000e+00
1182 0.000000e+00
1183 0.000000e+00
1184 0.000000e+00
1185 3.387169e-07
1186 3.012971e-07
1187 2.360400e-07
1188 1.767246e-07
1189 1.348324e-07
1190 8.718050e-08
1191 5.530115e-08
1192 3.358542e-08
1193 2.068021e-08
1194 0.000000e+00
1195 0.000000e+00
1196 0.000000e+00
1197 0.000000e+00
1198 0.000000e+00
1199 0.000000e+00
1200 4.373314e-07
1201 3.911492e-07
1202 3.078424e-07
1203 2.304379e-07
1204 1.759552e-07
1205 1.148096e-07
1206 7.256563e-08
1207 4.414999e-08
1208 2.715578e-08
1209 0.000000e+00
1210 0.000000e+00
1211 0.000000e+00
1212 0.000000e+00
1213 0.000000e+00
1214 0.000000e+00
1215 5.250194e-07
1216 4.710733e-07
1217 3.717343e-07
1218 2.782288e-07
1219 2.125457e-07
1220 1.393944e-07
1221 8.793052e-08
1222 5.355222e-08
1223 3.291780e-08
1224 0.000000e+00
1225 0.000000e+00
1226 0.000000e+00
1227 0.000000e+00
1228 0.000000e+00
1229 0.000000e+00
1230 6.111304e-07
1231 5.495395e-07
1232 4.344397e-07
1233 3.251443e-07
1234 2.484586e-07
1235 1.635289e-07
1236 1.030155e-07
1237 6.278295e-08
1238 3.857437e-08
1239 0.000000e+00
1240 0.000000e+00
1241 0.000000e+00
1242 0.000000e+00
1243 0.000000e+00
1244 0.000000e+00
1245 7.204764e-07
1246 6.491855e-07
1247 5.140942e-07
1248 3.847321e-07
1249 2.940789e-07
1250 1.941863e-07
1251 1.221774e-07
1252 7.450999e-08
1253 4.576050e-08
1254 0.000000e+00
1255 0.000000e+00
1256 0.000000e+00
1257 0.000000e+00
1258 0.000000e+00
1259 0.000000e+00
1260 2.150624e-07
1261 1.999740e-07
1262 1.624554e-07
1263 1.214175e-07
1264 9.310110e-08
1265 6.457876e-08
1266 3.977188e-08
1267 2.448242e-08
1268 1.496550e-08
1269 0.000000e+00
1270 0.000000e+00
1271 0.000000e+00
1272 0.000000e+00
1273 0.000000e+00
1274 0.000000e+00
1275 3.155185e-07
1276 2.956364e-07
1277 2.421503e-07
1278 1.814028e-07
1279 1.387544e-07
1280 9.758516e-08
1281 5.984704e-08
1282 3.709054e-08
1283 2.260923e-08
1284 0.000000e+00
1285 0.000000e+00
1286 0.000000e+00
1287 0.000000e+00
1288 0.000000e+00
1289 0.000000e+00
1290 4.062956e-07
1291 3.822219e-07
1292 3.144464e-07
1293 2.358907e-07
1294 1.801863e-07
1295 1.276002e-07
1296 7.814332e-08
1297 4.858383e-08
1298 2.957141e-08
1299 0.000000e+00
1300 0.000000e+00
1301 0.000000e+00
1302 0.000000e+00
1303 0.000000e+00
1304 0.000000e+00
1305 4.953155e-07
1306 4.671015e-07
1307 3.853020e-07
1308 2.892915e-07
1309 2.207999e-07
1310 1.570133e-07
1311 9.607373e-08
1312 5.984694e-08
1313 3.639409e-08
1314 0.000000e+00
1315 0.000000e+00
1316 0.000000e+00
1317 0.000000e+00
1318 0.000000e+00
1319 0.000000e+00
1320 6.083472e-07
1321 5.749059e-07
1322 4.752867e-07
1323 3.571115e-07
1324 2.723722e-07
1325 1.943671e-07
1326 1.188389e-07
1327 7.414616e-08
1328 4.505674e-08
1329 0.000000e+00
1330 0.000000e+00
1331 0.000000e+00
1332 0.000000e+00
1333 0.000000e+00
1334 0.000000e+00
1335 2.104045e-07
1336 2.046082e-07
1337 1.744146e-07
1338 1.323969e-07
1339 9.998282e-08
1340 7.464399e-08
1341 4.523050e-08
1342 2.886745e-08
1343 1.736478e-08
1344 1.054996e-08
1345 0.000000e+00
1346 0.000000e+00
1347 0.000000e+00
1348 0.000000e+00
1349 0.000000e+00
1350 3.028334e-07
1351 2.960827e-07
1352 2.541067e-07
1353 1.936772e-07
1354 1.459533e-07
1355 1.095733e-07
1356 6.679497e-08
1357 4.268304e-08
1358 2.561666e-08
1359 1.553677e-08
1360 0.000000e+00
1361 0.000000e+00
1362 0.000000e+00
1363 0.000000e+00
1364 0.000000e+00
1365 3.936215e-07
1366 3.859511e-07
1367 3.324368e-07
1368 2.539384e-07
1369 1.911616e-07
1370 1.439203e-07
1371 8.802258e-08
1372 5.627203e-08
1373 3.373561e-08
1374 2.044325e-08
1375 0.000000e+00
1376 0.000000e+00
1377 0.000000e+00
1378 0.000000e+00
1379 0.000000e+00
1380 5.088191e-07
1381 4.999840e-07
1382 4.318125e-07
1383 3.303827e-07
1384 2.485116e-07
1385 1.874888e-07
1386 1.149501e-07
1387 7.351154e-08
1388 4.403647e-08
1389 2.666766e-08
1390 0.000000e+00
1391 0.000000e+00
1392 0.000000e+00
1393 0.000000e+00
1394 0.000000e+00
1395 1.211657e-07
1396 1.213347e-07
1397 1.072086e-07
1398 8.307077e-08
1399 6.202579e-08
1400 4.770129e-08
1401 2.971294e-08
1402 1.913997e-08
1403 1.136755e-08
1404 6.843721e-09
1405 0.000000e+00
1406 0.000000e+00
1407 0.000000e+00
1408 0.000000e+00
1409 0.000000e+00
1410 2.115086e-07
1411 2.134147e-07
1412 1.905385e-07
1413 1.488926e-07
1414 1.110147e-07
1415 8.552073e-08
1416 5.432964e-08
1417 3.469495e-08
1418 2.061161e-08
1419 1.241014e-08
1420 0.000000e+00
1421 0.000000e+00
1422 0.000000e+00
1423 0.000000e+00
1424 0.000000e+00
1425 3.034325e-07
1426 3.072916e-07
1427 2.757401e-07
1428 2.163956e-07
1429 1.612764e-07
1430 1.242883e-07
1431 7.973692e-08
1432 5.068460e-08
1433 3.014008e-08
1434 1.814448e-08
1435 0.000000e+00
1436 0.000000e+00
1437 0.000000e+00
1438 0.000000e+00
1439 0.000000e+00
1440 4.197856e-07
1441 4.261030e-07
1442 3.835607e-07
1443 3.018086e-07
1444 2.248734e-07
1445 1.733419e-07
1446 1.118795e-07
1447 7.091576e-08
1448 4.219648e-08
1449 2.539994e-08
1450 0.000000e+00
1451 0.000000e+00
1452 0.000000e+00
1453 0.000000e+00
1454 0.000000e+00
1455 1.299999e-07
1456 1.346159e-07
1457 1.244850e-07
1458 1.001935e-07
1459 7.451770e-08
1460 5.747833e-08
1461 3.903152e-08
1462 2.412048e-08
1463 1.443138e-08
1464 8.686607e-09
1465 0.000000e+00
1466 0.000000e+00
1467 0.000000e+00
1468 0.000000e+00
1469 0.000000e+00
1470 2.218080e-07
1471 2.308903e-07
1472 2.151316e-07
1473 1.745219e-07
1474 1.300005e-07
1475 1.000066e-07
1476 6.903244e-08
1477 4.227536e-08
1478 2.549479e-08
1479 1.531874e-08
1480 0.000000e+00
1481 0.000000e+00
1482 0.000000e+00
1483 0.000000e+00
1484 0.000000e+00
1485 3.386432e-07
1486 3.534588e-07
1487 3.306094e-07
1488 2.692851e-07
1489 2.007647e-07
1490 1.542307e-07
1491 1.073225e-07
1492 6.545045e-08
1493 3.963237e-08
1494 2.379003e-08
1495 0.000000e+00
1496 0.000000e+00
1497 0.000000e+00
1498 0.000000e+00
1499 0.000000e+00
1500 1.465009e-07
1501 1.561773e-07
1502 1.505543e-07
1503 1.266424e-07
1504 9.526270e-08
1505 7.230921e-08
1506 5.331333e-08
1507 3.167749e-08
1508 1.984759e-08
1509 1.180211e-08
1510 7.008368e-09
1511 0.000000e+00
1512 0.000000e+00
1513 0.000000e+00
1514 0.000000e+00
1515 2.633643e-07
1516 2.817562e-07
1517 2.730327e-07
1518 2.311275e-07
1519 1.743969e-07
1520 1.320425e-07
1521 9.811237e-08
1522 5.836069e-08
1523 3.679382e-08
1524 2.181899e-08
1525 1.291286e-08
1526 0.000000e+00
1527 0.000000e+00
1528 0.000000e+00
1529 0.000000e+00
1530 1.919086e-07
1531 2.100355e-07
1532 2.103697e-07
1533 1.855697e-07
1534 1.433590e-07
1535 1.070136e-07
1536 8.247802e-08
1537 5.054779e-08
1538 3.256827e-08
1539 1.900952e-08
1540 1.109740e-08
1541 0.000000e+00
1542 0.000000e+00
1543 0.000000e+00
1544 0.000000e+00
1545 5.569380e-05
1546 4.207413e-05
1547 3.192218e-05
1548 2.213543e-05
1549 1.391035e-05
1550 8.776666e-06
1551 5.492400e-06
1552 0.000000e+00
1553 0.000000e+00
1554 0.000000e+00
1555 0.000000e+00
1556 0.000000e+00
1557 0.000000e+00
1558 0.000000e+00
1559 0.000000e+00
1560 4.161034e-05
1561 3.304032e-05
1562 2.474044e-05
1563 1.895151e-05
1564 1.262278e-05
1565 7.972208e-06
1566 4.915453e-06
1567 3.062369e-06
1568 0.000000e+00
1569 0.000000e+00
1570 0.000000e+00
1571 0.000000e+00
1572 0.000000e+00
1573 0.000000e+00
1574 0.000000e+00
1575 3.256669e-05
1576 2.772145e-05
1577 2.106875e-05
1578 1.592902e-05
1579 1.187780e-05
1580 7.268129e-06
1581 4.664034e-06
1582 2.847283e-06
1583 1.767559e-06
1584 0.000000e+00
1585 0.000000e+00
1586 0.000000e+00
1587 0.000000e+00
1588 0.000000e+00
1589 0.000000e+00
1590 2.616884e-05
1591 2.365228e-05
1592 1.868948e-05
1593 1.392260e-05
1594 1.074869e-05
1595 7.032114e-06
1596 4.467979e-06
1597 2.696053e-06
1598 1.656394e-06
1599 0.000000e+00
1600 0.000000e+00
1601 0.000000e+00
1602 0.000000e+00
1603 0.000000e+00
1604 0.000000e+00
1605 2.141449e-05
1606 2.031956e-05
1607 1.681466e-05
1608 1.258588e-05
1609 9.615688e-06
1610 6.919292e-06
1611 4.178548e-06
1612 2.602041e-06
1613 1.585856e-06
1614 0.000000e+00
1615 0.000000e+00
1616 0.000000e+00
1617 0.000000e+00
1618 0.000000e+00
1619 0.000000e+00
1620 1.776508e-05
1621 1.752712e-05
1622 1.518056e-05
1623 1.159520e-05
1624 8.701911e-06
1625 6.636458e-06
1626 4.007149e-06
1627 2.595770e-06
1628 1.551873e-06
1629 9.351215e-07
1630 0.000000e+00
1631 0.000000e+00
1632 0.000000e+00
1633 0.000000e+00
1634 0.000000e+00
1635 1.485147e-05
1636 1.513184e-05
1637 1.367349e-05
1638 1.076485e-05
1639 7.997723e-06
1640 6.201419e-06
1641 3.993321e-06
1642 2.551258e-06
1643 1.507390e-06
1644 9.070816e-07
1645 0.000000e+00
1646 0.000000e+00
1647 0.000000e+00
1648 0.000000e+00
1649 0.000000e+00
1650 1.243814e-05
1651 1.302732e-05
1652 1.223730e-05
1653 9.991788e-06
1654 7.435681e-06
1655 5.716760e-06
1656 4.011406e-06
1657 2.429063e-06
1658 1.464422e-06
1659 8.814982e-07
1660 0.000000e+00
1661 0.000000e+00
1662 0.000000e+00
1663 0.000000e+00
1664 0.000000e+00
1665 1.037903e-05
1666 1.114045e-05
1667 1.084347e-05
1668 9.216184e-06
1669 6.953904e-06
1670 5.254641e-06
1671 3.944580e-06
1672 2.321040e-06
1673 1.474635e-06
1674 8.736778e-07
1675 5.155150e-07
1676 0.000000e+00
1677 0.000000e+00
1678 0.000000e+00
1679 0.000000e+00
1680 8.538692e-06
1681 9.376132e-06
1682 9.434824e-06
1683 8.367622e-06
1684 6.479534e-06
1685 4.824990e-06
1686 3.740893e-06
1687 2.293962e-06
1688 1.489815e-06
1689 8.669791e-07
1690 5.041073e-07
1691 0.000000e+00
1692 0.000000e+00
1693 0.000000e+00
1694 0.000000e+00
1695 1.323510e-06
1696 1.010346e-06
1697 7.569240e-07
1698 5.320617e-07
1699 3.391558e-07
1700 2.143163e-07
1701 1.341172e-07
1702 0.000000e+00
1703 0.000000e+00
1704 0.000000e+00
1705 0.000000e+00
1706 0.000000e+00
1707 0.000000e+00
1708 0.000000e+00
1709 0.000000e+00
1710 1.236963e-06
1711 9.916391e-07
1712 7.475860e-07
1713 5.646338e-07
1714 3.835117e-07
1715 2.408150e-07
1716 1.502113e-07
1717 9.334669e-08
1718 0.000000e+00
1719 0.000000e+00
1720 0.000000e+00
1721 0.000000e+00
1722 0.000000e+00
1723 0.000000e+00
1724 0.000000e+00
1725 1.129844e-06
1726 9.650651e-07
1727 7.393229e-07
1728 5.585151e-07
1729 4.120912e-07
1730 2.590275e-07
1731 1.643401e-07
1732 1.004406e-07
1733 6.245883e-08
1734 0.000000e+00
1735 0.000000e+00
1736 0.000000e+00
1737 0.000000e+00
1738 0.000000e+00
1739 0.000000e+00
1740 1.021636e-06
1741 9.239921e-07
1742 7.337926e-07
1743 5.494069e-07
1744 4.196528e-07
1745 2.787858e-07
1746 1.750103e-07
1747 1.068855e-07
1748 6.560883e-08
1749 0.000000e+00
1750 0.000000e+00
1751 0.000000e+00
1752 0.000000e+00
1753 0.000000e+00
1754 0.000000e+00
1755 9.198264e-07
1756 8.722217e-07
1757 7.233628e-07
1758 5.443891e-07
1759 4.146945e-07
1760 2.971377e-07
1761 1.817606e-07
1762 1.136353e-07
1763 6.897592e-08
1764 0.000000e+00
1765 0.000000e+00
1766 0.000000e+00
1767 0.000000e+00
1768 0.000000e+00
1769 0.000000e+00
1770 8.263620e-07
1771 8.145355e-07
1772 7.057696e-07
1773 5.413638e-07
1774 4.069601e-07
1775 3.073506e-07
1776 1.894119e-07
1777 1.210789e-07
1778 7.244532e-08
1779 4.385366e-08
1780 0.000000e+00
1781 0.000000e+00
1782 0.000000e+00
1783 0.000000e+00
1784 0.000000e+00
1785 7.405967e-07
1786 7.539006e-07
1787 6.808187e-07
1788 5.374308e-07
1789 4.006121e-07
1790 3.084889e-07
1791 2.006514e-07
1792 1.267549e-07
1793 7.550863e-08
1794 4.543643e-08
1795 0.000000e+00
1796 0.000000e+00
1797 0.000000e+00
1798 0.000000e+00
1799 0.000000e+00
1800 6.607413e-07
1801 6.915081e-07
1802 6.488548e-07
1803 5.304491e-07
1804 3.961016e-07
1805 3.037462e-07
1806 2.128141e-07
1807 1.293982e-07
1808 7.870283e-08
1809 4.718860e-08
1810 0.000000e+00
1811 0.000000e+00
1812 0.000000e+00
1813 0.000000e+00
1814 0.000000e+00
1815 5.851157e-07
1816 6.276289e-07
1817 6.101208e-07
1818 5.186057e-07
1819 3.923973e-07
1820 2.966489e-07
1821 2.212870e-07
1822 1.318958e-07
1823 8.342699e-08
1824 4.938204e-08
1825 2.918751e-08
1826 0.000000e+00
1827 0.000000e+00
1828 0.000000e+00
1829 0.000000e+00
1830 5.124156e-07
1831 5.623566e-07
1832 5.651681e-07
1833 5.008868e-07
1834 3.885800e-07
1835 2.899128e-07
1836 2.235563e-07
1837 1.383033e-07
1838 8.876660e-08
1839 5.176905e-08
1840 3.026172e-08
1841 0.000000e+00
1842 0.000000e+00
1843 0.000000e+00
1844 0.000000e+00
1845 4.693700e-09
1846 3.259187e-09
1847 2.167912e-09
1848 1.402073e-09
1849 9.114009e-10
1850 6.007261e-10
1851 4.036081e-10
1852 2.740118e-10
1853 1.847346e-10
1854 1.212167e-10
1855 7.608494e-11
1856 4.517498e-11
1857 2.527630e-11
1858 1.337996e-11
1859 6.783035e-12
1860 1.162045e-08
1861 8.395877e-09
1862 5.844580e-09
1863 3.866380e-09
1864 2.477484e-09
1865 1.598002e-09
1866 1.043664e-09
1867 6.967935e-10
1868 4.716613e-10
1869 3.179168e-10
1870 2.089356e-10
1871 1.314884e-10
1872 7.835293e-11
1873 4.397888e-11
1874 2.329188e-11
1875 1.818312e-08
1876 1.346976e-08
1877 9.604564e-09
1878 6.572280e-09
1879 4.254325e-09
1880 2.717505e-09
1881 1.747704e-09
1882 1.144694e-09
1883 7.650428e-10
1884 5.160708e-10
1885 3.444096e-10
1886 2.227953e-10
1887 1.375613e-10
1888 8.032758e-11
1889 4.414398e-11
1890 2.488786e-08
1891 1.890336e-08
1892 1.369573e-08
1893 9.580984e-09
1894 6.355909e-09
1895 4.039427e-09
1896 2.583664e-09
1897 1.664713e-09
1898 1.097132e-09
1899 7.349039e-10
1900 4.923626e-10
1901 3.231834e-10
1902 2.041039e-10
1903 1.225552e-10
1904 6.938094e-11
1905 3.187925e-08
1906 2.482828e-08
1907 1.827605e-08
1908 1.296984e-08
1909 8.809467e-09
1910 5.640996e-09
1911 3.585753e-09
1912 2.285488e-09
1913 1.486426e-09
1914 9.857623e-10
1915 6.590628e-10
1916 4.357779e-10
1917 2.794701e-10
1918 1.713146e-10
1919 9.940261e-11
1920 3.939481e-08
1921 3.147402e-08
1922 2.358274e-08
1923 1.693297e-08
1924 1.171803e-08
1925 7.638016e-09
1926 4.821241e-09
1927 3.060893e-09
1928 1.964502e-09
1929 1.287172e-09
1930 8.554080e-10
1931 5.668662e-10
1932 3.673482e-10
1933 2.288600e-10
1934 1.355879e-10
1935 4.772655e-08
1936 3.912081e-08
1937 2.991800e-08
1938 2.175047e-08
1939 1.526741e-08
1940 1.017143e-08
1941 6.419394e-09
1942 4.065321e-09
1943 2.575330e-09
1944 1.666298e-09
1945 1.097283e-09
1946 7.257870e-10
1947 4.732459e-10
1948 2.987197e-10
1949 1.801948e-10
1950 5.733963e-08
1951 4.825592e-08
1952 3.778231e-08
1953 2.788969e-08
1954 1.981498e-08
1955 1.348483e-08
1956 8.611204e-09
1957 5.416704e-09
1958 3.403601e-09
1959 2.173319e-09
1960 1.414100e-09
1961 9.296202e-10
1962 6.073482e-10
1963 3.871554e-10
1964 2.372290e-10
1965 6.959293e-08
1966 6.030891e-08
1967 4.859874e-08
1968 3.664740e-08
1969 2.638735e-08
1970 1.831315e-08
1971 1.197502e-08
1972 7.489347e-09
1973 4.695268e-09
1974 2.950826e-09
1975 1.888056e-09
1976 1.226966e-09
1977 7.989740e-10
1978 5.122450e-10
1979 3.181956e-10
1980 9.147818e-08
1981 8.279970e-08
1982 6.992247e-08
1983 5.500028e-08
1984 4.074974e-08
1985 2.897038e-08
1986 1.970232e-08
1987 1.258891e-08
1988 7.835285e-09
1989 4.848518e-09
1990 3.020983e-09
1991 1.910207e-09
1992 1.220976e-09
1993 7.787212e-10
1994 4.882052e-10
1995 2.106960e-07
1996 2.158206e-07
1997 2.101167e-07
1998 1.926073e-07
1999 1.648287e-07
2000 1.311156e-07
2001 9.770004e-08
2002 6.951700e-08
2003 4.741959e-08
2004 3.006800e-08
2005 1.813397e-08
2006 1.072951e-08
2007 6.245082e-09
2008 3.613318e-09
2009 2.095580e-09
