0 2.320449e-09
1 1.568842e-09
2 1.027375e-09
3 6.693126e-10
4 4.414413e-10
5 2.958638e-10
6 2.006477e-10
7 1.356583e-10
8 8.973810e-11
9 5.709213e-11
10 3.448833e-11
11 1.965270e-11
12 1.059115e-11
13 5.445968e-12
14 2.715686e-12
15 3.726524e-09
16 2.571472e-09
17 1.705137e-09
18 1.105244e-09
19 7.210297e-10
20 4.770768e-10
21 3.211580e-10
22 2.177482e-10
23 1.460961e-10
24 9.516845e-11
25 5.922514e-11
26 3.485502e-11
27 1.935624e-11
28 1.019053e-11
29 5.153268e-12
30 4.237279e-09
31 2.941187e-09
32 1.960766e-09
33 1.270997e-09
34 8.266908e-10
35 5.449939e-10
36 3.657865e-10
37 2.478814e-10
38 1.667477e-10
39 1.092328e-10
40 6.850055e-11
41 4.068709e-11
42 2.279980e-11
43 1.209650e-11
44 6.148555e-12
45 4.531952e-09
46 3.154639e-09
47 2.108182e-09
48 1.366895e-09
49 8.878564e-10
50 5.843534e-10
51 3.916129e-10
52 2.652797e-10
53 1.786705e-10
54 1.173434e-10
55 7.385622e-11
56 4.405266e-11
57 2.478842e-11
58 1.319890e-11
59 6.723944e-12
60 4.737909e-09
61 3.303637e-09
62 2.210931e-09
63 1.433640e-09
64 9.305689e-10
65 6.118007e-10
66 4.096266e-10
67 2.774076e-10
68 1.869923e-10
69 1.230173e-10
70 7.759907e-11
71 4.640177e-11
72 2.617495e-11
73 1.396726e-11
74 7.126130e-12
75 4.897630e-09
76 3.418622e-09
77 2.290702e-09
78 1.485343e-09
79 9.634662e-10
80 6.329716e-10
81 4.235434e-10
82 2.867906e-10
83 1.934097e-10
84 1.273912e-10
85 8.050091e-11
86 4.821038e-11
87 2.724616e-11
88 1.456083e-11
89 7.435114e-12
90 5.028798e-09
91 3.513945e-09
92 2.356505e-09
93 1.528064e-09
94 9.907342e-10
95 6.505387e-10
96 4.350343e-10
97 2.945736e-10
98 1.987487e-10
99 1.310296e-10
100 8.290286e-11
101 4.971984e-11
102 2.813353e-11
103 1.505200e-11
104 7.691736e-12
105 5.145923e-09
106 3.599076e-09
107 2.415205e-09
108 1.566292e-09
109 1.014992e-09
110 6.661125e-10
111 4.452985e-10
112 3.014713e-10
113 2.034904e-10
114 1.342405e-10
115 8.501985e-11
116 5.105379e-11
117 2.892264e-11
118 1.549039e-11
119 7.919813e-12
120 5.260003e-09
121 3.680936e-09
122 2.472334e-09
123 1.603053e-09
124 1.038651e-09
125 6.813110e-10
126 4.552862e-10
127 3.081817e-10
128 2.080751e-10
129 1.373600e-10
130 8.708116e-11
131 5.234583e-11
132 2.969452e-11
133 1.591432e-11
134 8.142097e-12
135 5.398004e-09
136 3.781397e-09
137 2.540847e-09
138 1.647916e-09
139 1.067112e-09
140 6.996210e-10
141 4.672442e-10
142 3.163305e-10
143 2.136860e-10
144 1.411916e-10
145 8.959232e-11
146 5.392999e-11
147 3.062317e-11
148 1.643197e-11
149 8.411616e-12
150 7.228718e-09
151 5.139796e-09
152 3.513038e-09
153 2.296427e-09
154 1.478959e-09
155 9.617709e-10
156 6.357394e-10
157 4.278133e-10
158 2.894437e-10
159 1.931665e-10
160 1.247533e-10
161 7.675788e-11
162 4.462844e-11
163 2.447892e-11
164 1.274252e-11
165 8.981041e-09
166 6.450880e-09
167 4.463646e-09
168 2.949298e-09
169 1.895344e-09
170 1.226556e-09
171 8.042567e-10
172 5.376577e-10
173 3.632942e-10
174 2.436907e-10
175 1.590009e-10
176 9.928734e-11
177 5.873638e-11
178 3.278395e-11
179 1.730984e-11
180 1.003460e-08
181 7.243583e-09
182 5.038841e-09
183 3.346692e-09
184 2.150259e-09
185 1.388497e-09
186 9.069561e-10
187 6.046178e-10
188 4.081039e-10
189 2.742107e-10
190 1.797430e-10
191 1.129841e-10
192 6.734366e-11
193 3.786982e-11
194 2.012583e-11
195 1.077213e-08
196 7.797974e-09
197 5.441524e-09
198 3.624679e-09
199 2.329024e-09
200 1.501908e-09
201 9.792252e-10
202 6.514808e-10
203 4.395132e-10
204 2.956213e-10
205 1.942624e-10
206 1.225703e-10
207 7.336468e-11
208 4.143713e-11
209 2.210261e-11
210 1.134239e-08
211 8.226659e-09
212 5.752392e-09
213 3.839479e-09
214 2.467061e-09
215 1.589149e-09
216 1.034576e-09
217 6.877037e-10
218 4.636913e-10
219 3.121249e-10
220 2.054834e-10
221 1.299605e-10
222 7.801787e-11
223 4.418905e-11
224 2.362558e-11
225 1.181152e-08
226 8.579232e-09
227 6.008651e-09
228 4.016231e-09
229 2.580328e-09
230 1.661384e-09
231 1.080405e-09
232 7.174430e-10
233 4.835903e-10
234 3.257256e-10
235 2.147410e-10
236 1.360345e-10
237 8.183528e-11
238 4.644889e-11
239 2.487741e-11
240 1.223301e-08
241 8.895776e-09
242 6.238691e-09
243 4.175321e-09
244 2.681959e-09
245 1.725862e-09
246 1.121490e-09
247 7.441516e-10
248 5.015138e-10
249 3.379358e-10
250 2.230214e-10
251 1.415542e-10
252 8.527842e-11
253 4.848701e-11
254 2.600663e-11
255 1.263893e-08
256 9.201801e-09
257 6.460218e-09
258 4.329619e-09
259 2.780583e-09
260 1.788235e-09
261 1.161132e-09
262 7.701433e-10
263 5.189544e-10
264 3.496952e-10
265 2.310026e-10
266 1.468235e-10
267 8.861201e-11
268 5.044921e-11
269 2.709068e-11
270 1.313660e-08
271 9.575533e-09
272 6.731685e-09
273 4.515623e-09
274 2.900473e-09
275 1.864301e-09
276 1.209837e-09
277 8.016239e-10
278 5.398964e-10
279 3.641196e-10
280 2.408164e-10
281 1.532195e-10
282 9.263430e-11
283 5.284261e-11
284 2.840990e-11
285 1.196373e-08
286 8.733060e-09
287 6.140771e-09
288 4.138324e-09
289 2.670604e-09
290 1.716494e-09
291 1.113464e-09
292 7.360947e-10
293 4.943163e-10
294 3.324695e-10
295 2.194710e-10
296 1.397182e-10
297 8.463476e-11
298 4.846823e-11
299 2.620350e-11
300 1.396660e-08
301 1.029167e-08
302 7.292511e-09
303 4.963977e-09
304 3.221924e-09
305 2.063538e-09
306 1.333111e-09
307 8.756688e-10
308 5.854320e-10
309 3.936524e-10
310 2.610313e-10
311 1.676151e-10
312 1.027117e-10
313 5.956879e-11
314 3.261030e-11
315 1.539521e-08
316 1.140588e-08
317 8.117655e-09
318 5.555633e-09
319 3.618733e-09
320 2.313247e-09
321 1.491292e-09
322 9.759777e-10
323 6.509278e-10
324 4.375064e-10
325 2.908689e-10
326 1.875979e-10
327 1.156559e-10
328 6.755220e-11
329 3.722339e-11
330 1.649888e-08
331 1.226736e-08
332 8.755288e-09
333 6.013207e-09
334 3.925227e-09
335 2.506242e-09
336 1.613375e-09
337 1.053586e-09
338 7.014108e-10
339 4.713823e-10
340 3.138509e-10
341 2.030498e-10
342 1.256770e-10
343 7.372001e-11
344 4.078459e-11
345 1.741044e-08
346 1.298020e-08
347 9.282580e-09
348 6.390900e-09
349 4.178828e-09
350 2.666182e-09
351 1.714394e-09
352 1.117528e-09
353 7.432180e-10
354 4.993606e-10
355 3.328951e-10
356 2.158278e-10
357 1.339335e-10
358 7.883794e-11
359 4.373821e-11
360 1.822542e-08
361 1.361298e-08
362 9.751452e-09
363 6.726925e-09
364 4.404732e-09
365 2.807982e-09
366 1.804316e-09
367 1.174609e-09
368 7.803910e-10
369 5.243796e-10
370 3.498785e-10
371 2.272357e-10
372 1.413175e-10
373 8.335347e-11
374 4.636848e-11
375 1.901509e-08
376 1.423088e-08
377 1.020778e-08
378 7.054656e-09
379 4.624075e-09
380 2.946361e-09
381 1.891825e-09
382 1.230051e-09
383 8.166429e-10
384 5.485895e-10
385 3.663201e-10
386 2.382484e-10
387 1.485090e-10
388 8.776790e-11
389 4.890979e-11
390 1.997284e-08
391 1.497734e-08
392 1.076066e-08
393 7.451693e-09
394 4.890236e-09
395 3.114053e-09
396 1.997904e-09
397 1.297424e-09
398 8.605078e-10
399 5.780207e-10
400 3.863048e-10
401 2.516450e-10
402 1.571899e-10
403 9.311220e-11
404 5.201604e-11
405 1.693851e-08
406 1.266650e-08
407 9.071011e-09
408 6.255970e-09
409 4.112243e-09
410 2.625542e-09
411 1.688828e-09
412 1.098791e-09
413 7.289568e-10
414 4.887455e-10
415 3.253730e-10
416 2.109477e-10
417 1.311522e-10
418 7.740666e-11
419 4.315504e-11
420 1.919227e-08
421 1.449057e-08
422 1.044680e-08
423 7.258469e-09
424 4.810547e-09
425 3.071971e-09
426 1.970334e-09
427 1.274780e-09
428 8.415928e-10
429 5.628564e-10
430 3.752550e-10
431 2.445717e-10
432 1.532933e-10
433 9.137756e-11
434 5.148597e-11
435 2.094935e-08
436 1.591534e-08
437 1.152283e-08
438 8.041188e-09
439 5.357267e-09
440 3.421288e-09
441 2.190148e-09
442 1.412580e-09
443 9.296354e-10
444 6.207226e-10
445 4.141022e-10
446 2.707866e-10
447 1.705780e-10
448 1.022730e-10
449 5.800377e-11
450 2.239826e-08
451 1.709108e-08
452 1.241152e-08
453 8.689500e-09
454 5.809392e-09
455 3.710291e-09
456 2.372198e-09
457 1.526642e-09
458 1.002661e-09
459 6.685460e-10
460 4.463603e-10
461 2.925021e-10
462 1.848570e-10
463 1.113412e-10
464 6.340619e-11
465 2.369565e-08
466 1.814164e-08
467 1.320387e-08
468 9.266942e-09
469 6.211792e-09
470 3.967389e-09
471 2.534281e-09
472 1.628012e-09
473 1.067298e-09
474 7.113864e-10
475 4.751037e-10
476 3.118253e-10
477 1.976036e-10
478 1.193777e-10
479 6.820197e-11
480 2.494781e-08
481 1.915639e-08
482 1.397063e-08
483 9.826380e-09
484 6.601411e-09
485 4.217412e-09
486 2.691570e-09
487 1.726221e-09
488 1.130203e-09
489 7.527455e-10
490 5.029367e-10
491 3.305830e-10
492 2.099697e-10
493 1.271716e-10
494 7.286424e-11
495 2.647160e-08
496 2.039120e-08
497 1.490363e-08
498 1.050529e-08
499 7.075016e-09
500 4.520554e-09
501 2.882589e-09
502 1.845905e-09
503 1.206844e-09
504 8.029057e-10
505 5.366761e-10
506 3.533743e-10
507 2.249646e-10
508 1.366484e-10
509 7.853323e-11
510 2.231390e-08
511 1.709125e-08
512 1.244357e-08
513 8.725505e-09
514 5.855036e-09
515 3.754257e-09
516 2.397003e-09
517 1.541401e-09
518 1.010103e-09
519 6.720456e-10
520 4.479087e-10
521 2.935284e-10
522 1.857507e-10
523 1.121679e-10
524 6.413544e-11
525 2.484737e-08
526 1.922178e-08
527 1.409464e-08
528 9.940266e-09
529 6.723033e-09
530 4.327931e-09
531 2.755304e-09
532 1.765815e-09
533 1.151157e-09
534 7.629676e-10
535 5.082057e-10
536 3.340036e-10
537 2.126503e-10
538 1.294147e-10
539 7.469765e-11
540 2.695096e-08
541 2.099363e-08
542 1.546385e-08
543 1.095102e-08
544 7.444295e-09
545 4.805186e-09
546 3.053029e-09
547 1.952428e-09
548 1.268611e-09
549 8.384484e-10
550 5.583417e-10
551 3.675904e-10
552 2.349510e-10
553 1.437990e-10
554 8.349989e-11
555 2.882879e-08
556 2.256777e-08
557 1.668363e-08
558 1.185009e-08
559 8.086675e-09
560 5.229858e-09
561 3.318530e-09
562 2.118710e-09
563 1.372895e-09
564 9.059765e-10
565 6.029874e-10
566 3.975600e-10
567 2.548566e-10
568 1.565713e-10
569 9.130760e-11
570 3.064462e-08
571 2.409789e-08
572 1.786776e-08
573 1.272226e-08
574 8.708453e-09
575 5.642342e-09
576 3.575655e-09
577 2.279970e-09
578 1.474011e-09
579 9.713176e-10
580 6.463672e-10
581 4.266241e-10
582 2.741314e-10
583 1.689466e-10
584 9.890095e-11
585 3.284793e-08
586 2.595224e-08
587 1.930420e-08
588 1.378035e-08
589 9.464590e-09
590 6.142760e-09
591 3.888212e-09
592 2.475656e-09
593 1.597172e-09
594 1.050416e-09
595 6.987929e-10
596 4.618369e-10
597 2.975544e-10
598 1.839915e-10
599 1.080966e-10
600 2.822417e-08
601 2.214327e-08
602 1.640630e-08
603 1.166009e-08
604 7.966917e-09
605 5.174016e-09
606 3.283112e-09
607 2.097480e-09
608 1.357042e-09
609 8.937839e-10
610 5.938029e-10
611 3.911011e-10
612 2.506494e-10
613 1.540961e-10
614 9.004962e-11
615 3.111673e-08
616 2.466277e-08
617 1.841126e-08
618 1.315880e-08
619 9.051262e-09
620 5.916629e-09
621 3.748902e-09
622 2.389705e-09
623 1.538112e-09
624 1.008379e-09
625 6.685815e-10
626 4.407592e-10
627 2.836639e-10
628 1.755874e-10
629 1.034495e-10
630 3.369527e-08
631 2.690659e-08
632 2.019826e-08
633 1.449436e-08
634 1.001828e-08
635 6.578633e-09
636 4.164679e-09
637 2.650521e-09
638 1.699474e-09
639 1.110842e-09
640 7.352204e-10
641 4.850112e-10
642 3.131325e-10
643 1.947114e-10
644 1.153583e-10
645 3.618844e-08
646 2.907636e-08
647 2.192907e-08
648 1.578598e-08
649 1.095239e-08
650 7.219312e-09
651 4.566631e-09
652 2.902630e-09
653 1.855525e-09
654 1.209916e-09
655 7.999280e-10
656 5.279937e-10
657 3.416408e-10
658 2.132157e-10
659 1.269160e-10
660 3.922741e-08
661 3.172404e-08
662 2.403590e-08
663 1.736048e-08
664 1.209207e-08
665 8.000138e-09
666 5.055376e-09
667 3.209937e-09
668 2.045679e-09
669 1.330257e-09
670 8.781656e-10
671 5.801244e-10
672 3.763904e-10
673 2.358177e-10
674 1.410272e-10
675 3.488669e-08
676 2.803656e-08
677 2.117031e-08
678 1.524802e-08
679 1.057615e-08
680 6.986300e-09
681 4.430622e-09
682 2.815653e-09
683 1.800052e-09
684 1.172505e-09
685 7.738435e-10
686 5.100119e-10
687 3.296585e-10
688 2.056163e-10
689 1.224016e-10
690 3.832568e-08
691 3.113539e-08
692 2.371610e-08
693 1.718643e-08
694 1.199244e-08
695 7.982550e-09
696 5.071368e-09
697 3.214431e-09
698 2.045655e-09
699 1.325915e-09
700 8.719650e-10
701 5.742679e-10
702 3.722403e-10
703 2.334042e-10
704 1.399824e-10
705 4.166262e-08
706 3.413533e-08
707 2.618254e-08
708 1.906272e-08
709 1.336266e-08
710 8.947094e-09
711 5.691148e-09
712 3.600207e-09
713 2.283244e-09
714 1.474176e-09
715 9.670689e-10
716 6.365047e-10
717 4.134363e-10
718 2.603309e-10
719 1.570268e-10
720 4.572270e-08
721 3.779060e-08
722 2.918667e-08
723 2.134692e-08
724 1.503220e-08
725 1.012183e-08
726 6.445040e-09
727 4.069624e-09
728 2.572492e-09
729 1.654855e-09
730 1.082430e-09
731 7.123616e-10
732 4.636000e-10
733 2.931521e-10
734 1.778085e-10
735 4.279504e-08
736 3.527348e-08
737 2.721535e-08
738 1.990175e-08
739 1.399356e-08
740 9.414607e-09
741 6.018046e-09
742 3.799513e-09
743 2.407470e-09
744 1.548885e-09
745 1.012097e-09
746 6.648118e-10
747 4.317190e-10
748 2.723700e-10
749 1.648351e-10
750 4.722291e-08
751 3.938705e-08
752 3.071171e-08
753 2.262935e-08
754 1.600728e-08
755 1.085832e-08
756 6.978966e-09
757 4.394125e-09
758 2.775809e-09
759 1.774960e-09
760 1.154026e-09
761 7.560642e-10
762 4.914889e-10
763 3.113811e-10
764 1.897676e-10
765 5.260611e-08
766 4.439472e-08
767 3.496770e-08
768 2.594636e-08
769 1.845669e-08
770 1.261366e-08
771 8.147715e-09
772 5.116792e-09
773 3.223264e-09
774 2.050080e-09
775 1.326200e-09
776 8.670758e-10
777 5.641650e-10
778 3.588693e-10
779 2.201856e-10
780 5.306503e-08
781 4.498292e-08
782 3.562411e-08
783 2.656491e-08
784 1.895221e-08
785 1.299371e-08
786 8.446947e-09
787 5.308743e-09
788 3.344110e-09
789 2.119386e-09
790 1.366221e-09
791 8.900917e-10
792 5.779374e-10
793 3.676418e-10
794 2.259192e-10
795 6.033595e-08
796 5.198783e-08
797 4.180716e-08
798 3.154812e-08
799 2.269659e-08
800 1.571237e-08
801 1.032540e-08
802 6.487573e-09
803 4.074492e-09
804 2.562287e-09
805 1.638322e-09
806 1.061263e-09
807 6.880446e-10
808 4.389964e-10
809 2.717216e-10
810 7.089723e-08
811 6.254597e-08
812 5.155242e-08
813 3.975003e-08
814 2.903688e-08
815 2.037590e-08
816 1.365069e-08
817 8.662591e-09
818 5.409503e-09
819 3.372869e-09
820 2.126747e-09
821 1.359612e-09
822 8.744651e-10
823 5.575606e-10
824 3.473709e-10
825 0.000000e+00
826 0.000000e+00
827 0.000000e+00
828 0.000000e+00
829 0.000000e+00
830 0.000000e+00
831 0.000000e+00
832 0.000000e+00
833 0.000000e+00
834 0.000000e+00
835 0.000000e+00
836 0.000000e+00
837 0.000000e+00
838 0.000000e+00
839 0.000000e+00
840 0.000000e+00
841 0.000000e+00
842 0.000000e+00
843 0.000000e+00
844 0.000000e+00
845 0.000000e+00
846 0.000000e+00
847 0.000000e+00
848 0.000000e+00
849 0.000000e+00
850 0.000000e+00
851 0.000000e+00
852 0.000000e+00
853 0.000000e+00
854 0.000000e+00
855 0.000000e+00
856 0.000000e+00
857 0.000000e+00
858 0.000000e+00
859 0.000000e+00
860 0.000000e+00
861 0.000000e+00
862 0.000000e+00
863 0.000000e+00
864 0.000000e+00
865 0.000000e+00
866 0.000000e+00
867 0.000000e+00
868 0.000000e+00
869 0.000000e+00
870 0.000000e+00
871 0.000000e+00
872 0.000000e+00
873 0.000000e+00
874 0.000000e+00
875 0.000000e+00
876 0.000000e+00
877 0.000000e+00
878 0.000000e+00
879 0.000000e+00
880 0.000000e+00
881 0.000000e+00
882 0.000000e+00
883 0.000000e+00
884 0.000000e+00
885 0.000000e+00
886 0.000000e+00
887 0.000000e+00
888 0.000000e+00
889 0.000000e+00
890 0.000000e+00
891 0.000000e+00
892 0.000000e+00
893 0.000000e+00
894 0.000000e+00
895 0.000000e+00
896 0.000000e+00
897 0.000000e+00
898 0.000000e+00
899 0.000000e+00
900 0.000000e+00
901 0.000000e+00
902 0.000000e+00
903 0.000000e+00
904 0.000000e+00
905 0.000000e+00
906 0.000000e+00
907 0.000000e+00
908 0.000000e+00
909 0.000000e+00
910 0.000000e+00
911 0.000000e+00
912 0.000000e+00
913 0.000000e+00
914 0.000000e+00
915 0.000000e+00
916 0.000000e+00
917 0.000000e+00
918 0.000000e+00
919 0.000000e+00
920 0.000000e+00
921 0.000000e+00
922 0.000000e+00
923 0.000000e+00
924 0.000000e+00
925 0.000000e+00
926 0.000000e+00
927 0.000000e+00
928 0.000000e+00
929 0.000000e+00
930 0.000000e+00
931 0.000000e+00
932 0.000000e+00
933 0.000000e+00
934 0.000000e+00
935 0.000000e+00
936 0.000000e+00
937 0.000000e+00
938 0.000000e+00
939 0.000000e+00
940 0.000000e+00
941 0.000000e+00
942 0.000000e+00
943 0.000000e+00
944 0.000000e+00
945 0.000000e+00
946 0.000000e+00
947 0.000000e+00
948 0.000000e+00
949 0.000000e+00
950 0.000000e+00
951 0.000000e+00
952 0.000000e+00
953 0.000000e+00
954 0.000000e+00
955 0.000000e+00
956 0.000000e+00
957 0.000000e+00
958 0.000000e+00
959 0.000000e+00
960 2.980361e-07
961 2.371715e-07
962 1.784038e-07
963 1.349020e-07
964 9.073873e-08
965 5.700006e-08
966 3.551345e-08
967 2.219454e-08
968 0.000000e+00
969 0.000000e+00
970 0.000000e+00
971 0.000000e+00
972 0.000000e+00
973 0.000000e+00
974 0.000000e+00
975 4.587514e-07
976 3.701647e-07
977 2.790990e-07
978 2.112245e-07
979 1.451644e-07
980 9.087045e-08
981 5.693562e-08
982 3.540455e-08
983 0.000000e+00
984 0.000000e+00
985 0.000000e+00
986 0.000000e+00
987 0.000000e+00
988 0.000000e+00
989 0.000000e+00
990 5.791291e-07
991 4.704962e-07
992 3.553805e-07
993 2.689582e-07
994 1.866058e-07
995 1.168246e-07
996 7.334274e-08
997 4.550647e-08
998 0.000000e+00
999 0.000000e+00
1000 0.000000e+00
1001 0.000000e+00
1002 0.000000e+00
1003 0.000000e+00
1004 0.000000e+00
1005 6.723399e-07
1006 5.482447e-07
1007 4.145254e-07
1008 3.137249e-07
1009 2.187366e-07
1010 1.369706e-07
1011 8.607147e-08
1012 5.334551e-08
1013 0.000000e+00
1014 0.000000e+00
1015 0.000000e+00
1016 0.000000e+00
1017 0.000000e+00
1018 0.000000e+00
1019 0.000000e+00
1020 7.494177e-07
1021 6.125185e-07
1022 4.634122e-07
1023 3.507292e-07
1024 2.453024e-07
1025 1.536251e-07
1026 9.659607e-08
1027 5.982646e-08
1028 0.000000e+00
1029 0.000000e+00
1030 0.000000e+00
1031 0.000000e+00
1032 0.000000e+00
1033 0.000000e+00
1034 0.000000e+00
1035 8.181346e-07
1036 6.698259e-07
1037 5.070027e-07
1038 3.837194e-07
1039 2.689818e-07
1040 1.684723e-07
1041 1.059772e-07
1042 6.560555e-08
1043 0.000000e+00
1044 0.000000e+00
1045 0.000000e+00
1046 0.000000e+00
1047 0.000000e+00
1048 0.000000e+00
1049 0.000000e+00
1050 8.847875e-07
1051 7.254049e-07
1052 5.492882e-07
1053 4.157171e-07
1054 2.919534e-07
1055 1.828735e-07
1056 1.150749e-07
1057 7.120948e-08
1058 0.000000e+00
1059 0.000000e+00
1060 0.000000e+00
1061 0.000000e+00
1062 0.000000e+00
1063 0.000000e+00
1064 0.000000e+00
1065 9.659350e-07
1066 7.930901e-07
1067 6.007644e-07
1068 4.546861e-07
1069 3.199204e-07
1070 2.004075e-07
1071 1.261539e-07
1072 7.803240e-08
1073 0.000000e+00
1074 0.000000e+00
1075 0.000000e+00
1076 0.000000e+00
1077 0.000000e+00
1078 0.000000e+00
1079 0.000000e+00
1080 2.038747e-07
1081 1.788565e-07
1082 1.387442e-07
1083 1.040846e-07
1084 7.896579e-08
1085 5.018004e-08
1086 3.204418e-08
1087 1.947551e-08
1088 1.206586e-08
1089 0.000000e+00
1090 0.000000e+00
1091 0.000000e+00
1092 0.000000e+00
1093 0.000000e+00
1094 0.000000e+00
1095 3.295941e-07
1096 2.930556e-07
1097 2.297372e-07
1098 1.721163e-07
1099 1.310554e-07
1100 8.503543e-08
1101 5.385731e-08
1102 3.281511e-08
1103 2.027573e-08
1104 0.000000e+00
1105 0.000000e+00
1106 0.000000e+00
1107 0.000000e+00
1108 0.000000e+00
1109 0.000000e+00
1110 4.336898e-07
1111 3.881693e-07
1112 3.060004e-07
1113 2.292128e-07
1114 1.746962e-07
1115 1.145624e-07
1116 7.226570e-08
1117 4.412973e-08
1118 2.722373e-08
1119 0.000000e+00
1120 0.000000e+00
1121 0.000000e+00
1122 0.000000e+00
1123 0.000000e+00
1124 0.000000e+00
1125 5.198923e-07
1126 4.669666e-07
1127 3.692011e-07
1128 2.765327e-07
1129 2.108739e-07
1130 1.390539e-07
1131 8.753647e-08
1132 5.352108e-08
1133 3.298846e-08
1134 0.000000e+00
1135 0.000000e+00
1136 0.000000e+00
1137 0.000000e+00
1138 0.000000e+00
1139 0.000000e+00
1140 5.967061e-07
1141 5.371626e-07
1142 4.255058e-07
1143 3.187148e-07
1144 2.431097e-07
1145 1.608709e-07
1146 1.011409e-07
1147 6.188530e-08
1148 3.812358e-08
1149 0.000000e+00
1150 0.000000e+00
1151 0.000000e+00
1152 0.000000e+00
1153 0.000000e+00
1154 0.000000e+00
1155 6.712487e-07
1156 6.052428e-07
1157 4.801053e-07
1158 3.596108e-07
1159 2.743580e-07
1160 1.820313e-07
1161 1.143363e-07
1162 6.999802e-08
1163 4.310414e-08
1164 0.000000e+00
1165 0.000000e+00
1166 0.000000e+00
1167 0.000000e+00
1168 0.000000e+00
1169 0.000000e+00
1170 7.619632e-07
1171 6.881538e-07
1172 5.465935e-07
1173 4.094007e-07
1174 3.124230e-07
1175 2.078027e-07
1176 1.304026e-07
1177 7.988204e-08
1178 4.916940e-08
1179 0.000000e+00
1180 0.000000e+00
1181 0.000000e+00
1182 0.000000e+00
1183 0.000000e+00
1184 0.000000e+00
1185 1.517712e-07
1186 1.437118e-07
1187 1.189293e-07
1188 8.923333e-08
1189 6.807723e-08
1190 4.883179e-08
1191 2.967947e-08
1192 1.857040e-08
1193 1.131625e-08
1194 6.995467e-09
1195 0.000000e+00
1196 0.000000e+00
1197 0.000000e+00
1198 0.000000e+00
1199 0.000000e+00
1200 2.542466e-07
1201 2.433182e-07
1202 2.038151e-07
1203 1.537166e-07
1204 1.167730e-07
1205 8.512034e-08
1206 5.175361e-08
1207 3.266181e-08
1208 1.980555e-08
1209 1.217437e-08
1210 0.000000e+00
1211 0.000000e+00
1212 0.000000e+00
1213 0.000000e+00
1214 0.000000e+00
1215 3.443845e-07
1216 3.312564e-07
1217 2.791389e-07
1218 2.111585e-07
1219 1.600925e-07
1220 1.175068e-07
1221 7.159381e-08
1222 4.531038e-08
1223 2.741440e-08
1224 1.681415e-08
1225 0.000000e+00
1226 0.000000e+00
1227 0.000000e+00
1228 0.000000e+00
1229 0.000000e+00
1230 4.246420e-07
1231 4.095446e-07
1232 3.462389e-07
1233 2.623152e-07
1234 1.986705e-07
1235 1.463498e-07
1236 8.927868e-08
1237 5.657855e-08
1238 3.419335e-08
1239 2.094732e-08
1240 0.000000e+00
1241 0.000000e+00
1242 0.000000e+00
1243 0.000000e+00
1244 0.000000e+00
1245 5.024068e-07
1246 4.854242e-07
1247 4.112539e-07
1248 3.118899e-07
1249 2.360587e-07
1250 1.742834e-07
1251 1.064091e-07
1252 6.748979e-08
1253 4.076277e-08
1254 2.495054e-08
1255 0.000000e+00
1256 0.000000e+00
1257 0.000000e+00
1258 0.000000e+00
1259 0.000000e+00
1260 5.971128e-07
1261 5.778206e-07
1262 4.904340e-07
1263 3.722710e-07
1264 2.815919e-07
1265 2.083161e-07
1266 1.272708e-07
1267 8.078476e-08
1268 4.876224e-08
1269 2.982763e-08
1270 0.000000e+00
1271 0.000000e+00
1272 0.000000e+00
1273 0.000000e+00
1274 0.000000e+00
1275 1.191673e-07
1276 1.193057e-07
1277 1.054098e-07
1278 8.170273e-08
1279 6.101788e-08
1280 4.689346e-08
1281 2.927415e-08
1282 1.883938e-08
1283 1.121159e-08
1284 6.774200e-09
1285 0.000000e+00
1286 0.000000e+00
1287 0.000000e+00
1288 0.000000e+00
1289 0.000000e+00
1290 2.068803e-07
1291 2.087946e-07
1292 1.865204e-07
1293 1.458765e-07
1294 1.087884e-07
1295 8.374813e-08
1296 5.337779e-08
1297 3.403653e-08
1298 2.026614e-08
1299 1.224111e-08
1300 0.000000e+00
1301 0.000000e+00
1302 0.000000e+00
1303 0.000000e+00
1304 0.000000e+00
1305 2.887165e-07
1306 2.924953e-07
1307 2.626566e-07
1308 2.063472e-07
1309 1.538304e-07
1310 1.184611e-07
1311 7.627719e-08
1312 4.840023e-08
1313 2.885581e-08
1314 1.742263e-08
1315 0.000000e+00
1316 0.000000e+00
1317 0.000000e+00
1318 0.000000e+00
1319 0.000000e+00
1320 3.677956e-07
1321 3.733798e-07
1322 3.362374e-07
1323 2.647909e-07
1324 1.973597e-07
1325 1.520072e-07
1326 9.840023e-08
1327 6.228264e-08
1328 3.715843e-08
1329 2.243071e-08
1330 0.000000e+00
1331 0.000000e+00
1332 0.000000e+00
1333 0.000000e+00
1334 0.000000e+00
1335 4.640735e-07
1336 4.718437e-07
1337 4.258166e-07
1338 3.359234e-07
1339 2.503437e-07
1340 1.928387e-07
1341 1.253255e-07
1342 7.917921e-08
1343 4.726207e-08
1344 2.852543e-08
1345 0.000000e+00
1346 0.000000e+00
1347 0.000000e+00
1348 0.000000e+00
1349 0.000000e+00
1350 9.801903e-08
1351 1.023621e-07
1352 9.579680e-08
1353 7.801249e-08
1354 5.810476e-08
1355 4.466554e-08
1356 3.112660e-08
1357 1.895288e-08
1358 1.146462e-08
1359 6.903542e-09
1360 0.000000e+00
1361 0.000000e+00
1362 0.000000e+00
1363 0.000000e+00
1364 0.000000e+00
1365 1.778011e-07
1366 1.868468e-07
1367 1.764641e-07
1368 1.451666e-07
1369 1.084515e-07
1370 8.303053e-08
1371 5.894679e-08
1372 3.559018e-08
1373 2.178472e-08
1374 1.307298e-08
1375 0.000000e+00
1376 0.000000e+00
1377 0.000000e+00
1378 0.000000e+00
1379 0.000000e+00
1380 2.572846e-07
1381 2.711414e-07
1382 2.571114e-07
1383 2.124874e-07
1384 1.589846e-07
1385 1.215051e-07
1386 8.692828e-08
1387 5.234156e-08
1388 3.220222e-08
1389 1.929216e-08
1390 0.000000e+00
1391 0.000000e+00
1392 0.000000e+00
1393 0.000000e+00
1394 0.000000e+00
1395 3.537692e-07
1396 3.734439e-07
1397 3.549968e-07
1398 2.941734e-07
1399 2.203038e-07
1400 1.681893e-07
1401 1.208733e-07
1402 7.266764e-08
1403 4.484025e-08
1404 2.683687e-08
1405 0.000000e+00
1406 0.000000e+00
1407 0.000000e+00
1408 0.000000e+00
1409 0.000000e+00
1410 8.584533e-08
1411 9.274016e-08
1412 9.114220e-08
1413 7.845122e-08
1414 5.965416e-08
1415 4.486443e-08
1416 3.403663e-08
1417 2.027865e-08
1418 1.301283e-08
1419 7.675172e-09
1420 4.513742e-09
1421 0.000000e+00
1422 0.000000e+00
1423 0.000000e+00
1424 0.000000e+00
1425 1.639149e-07
1426 1.779430e-07
1427 1.761367e-07
1428 1.530434e-07
1429 1.170889e-07
1430 8.779931e-08
1431 6.702509e-08
1432 4.038721e-08
1433 2.596887e-08
1434 1.525879e-08
1435 8.956636e-09
1436 0.000000e+00
1437 0.000000e+00
1438 0.000000e+00
1439 0.000000e+00
1440 2.598900e-07
1441 2.827470e-07
1442 2.807659e-07
1443 2.449714e-07
1444 1.879473e-07
1445 1.407597e-07
1446 1.077230e-07
1447 6.526303e-08
1448 4.197511e-08
1449 2.462663e-08
1450 1.444672e-08
1451 0.000000e+00
1452 0.000000e+00
1453 0.000000e+00
1454 0.000000e+00
1455 8.136558e-08
1456 9.053762e-08
1457 9.288377e-08
1458 8.463100e-08
1459 6.705822e-08
1460 4.978190e-08
1461 3.861184e-08
1462 2.515377e-08
1463 1.585388e-08
1464 9.226257e-09
1465 5.423867e-09
1466 0.000000e+00
1467 0.000000e+00
1468 0.000000e+00
1469 0.000000e+00
1470 1.758877e-07
1471 1.964571e-07
1472 2.026538e-07
1473 1.861025e-07
1474 1.485661e-07
1475 1.103231e-07
1476 8.541723e-08
1477 5.669323e-08
1478 3.531396e-08
1479 2.064059e-08
1480 1.214320e-08
1481 0.000000e+00
1482 0.000000e+00
1483 0.000000e+00
1484 0.000000e+00
1485 9.648469e-08
1486 1.104398e-07
1487 1.179618e-07
1488 1.138764e-07
1489 9.579928e-08
1490 7.197404e-08
1491 5.466137e-08
1492 4.036434e-08
1493 2.371646e-08
1494 1.469339e-08
1495 8.565378e-09
1496 4.917305e-09
1497 0.000000e+00
1498 0.000000e+00
1499 0.000000e+00
1500 4.898275e-05
1501 3.644947e-05
1502 2.629425e-05
1503 1.751579e-05
1504 1.110572e-05
1505 7.064695e-06
1506 0.000000e+00
1507 0.000000e+00
1508 0.000000e+00
1509 0.000000e+00
1510 0.000000e+00
1511 0.000000e+00
1512 0.000000e+00
1513 0.000000e+00
1514 0.000000e+00
1515 3.458983e-05
1516 2.829272e-05
1517 2.125553e-05
1518 1.624033e-05
1519 1.141529e-05
1520 7.074139e-06
1521 4.440122e-06
1522 2.750935e-06
1523 0.000000e+00
1524 0.000000e+00
1525 0.000000e+00
1526 0.000000e+00
1527 0.000000e+00
1528 0.000000e+00
1529 0.000000e+00
1530 2.454905e-05
1531 2.224285e-05
1532 1.762107e-05
1533 1.313288e-05
1534 1.012728e-05
1535 6.671095e-06
1536 4.223557e-06
1537 2.558606e-06
1538 1.576089e-06
1539 0.000000e+00
1540 0.000000e+00
1541 0.000000e+00
1542 0.000000e+00
1543 0.000000e+00
1544 0.000000e+00
1545 1.832449e-05
1546 1.780292e-05
1547 1.513689e-05
1548 1.145314e-05
1549 8.655585e-06
1550 6.476078e-06
1551 3.885994e-06
1552 2.487278e-06
1553 1.501762e-06
1554 9.160816e-07
1555 0.000000e+00
1556 0.000000e+00
1557 0.000000e+00
1558 0.000000e+00
1559 0.000000e+00
1560 1.407970e-05
1561 1.436648e-05
1562 1.300973e-05
1563 1.026383e-05
1564 7.625831e-06
1565 5.910081e-06
1566 3.828582e-06
1567 2.438399e-06
1568 1.444081e-06
1569 8.715747e-07
1570 0.000000e+00
1571 0.000000e+00
1572 0.000000e+00
1573 0.000000e+00
1574 0.000000e+00
1575 1.104358e-05
1576 1.169328e-05
1577 1.115850e-05
1578 9.268977e-06
1579 6.930689e-06
1580 5.289460e-06
1581 3.836685e-06
1582 2.281817e-06
1583 1.407661e-06
1584 8.437128e-07
1585 0.000000e+00
1586 0.000000e+00
1587 0.000000e+00
1588 0.000000e+00
1589 0.000000e+00
1590 8.676088e-06
1591 9.465535e-06
1592 9.435167e-06
1593 8.264981e-06
1594 6.345768e-06
1595 4.741801e-06
1596 3.655302e-06
1597 2.201595e-06
1598 1.430890e-06
1599 8.378164e-07
1600 4.885269e-07
1601 0.000000e+00
1602 0.000000e+00
1603 0.000000e+00
1604 0.000000e+00
1605 6.680673e-06
1606 7.482505e-06
1607 7.748601e-06
1608 7.151287e-06
1609 5.728448e-06
1610 4.248225e-06
1611 3.292531e-06
1612 2.205087e-06
1613 1.368605e-06
1614 7.966623e-07
1615 4.702447e-07
1616 0.000000e+00
1617 0.000000e+00
1618 0.000000e+00
1619 0.000000e+00
1620 4.771735e-06
1621 5.480919e-06
1622 5.882638e-06
1623 5.718075e-06
1624 4.846584e-06
1625 3.649374e-06
1626 2.762037e-06
1627 2.067503e-06
1628 1.205009e-06
1629 7.554983e-07
1630 4.392465e-07
1631 2.509629e-07
1632 0.000000e+00
1633 0.000000e+00
1634 0.000000e+00
1635 3.068394e-06
1636 3.621184e-06
1637 4.034350e-06
1638 4.141529e-06
1639 3.773408e-06
1640 2.988166e-06
1641 2.218630e-06
1642 1.723358e-06
1643 1.114208e-06
1644 7.015707e-07
1645 4.019139e-07
1646 2.286100e-07
1647 0.000000e+00
1648 0.000000e+00
1649 0.000000e+00
1650 0.000000e+00
1651 0.000000e+00
1652 0.000000e+00
1653 0.000000e+00
1654 0.000000e+00
1655 0.000000e+00
1656 0.000000e+00
1657 0.000000e+00
1658 0.000000e+00
1659 0.000000e+00
1660 0.000000e+00
1661 0.000000e+00
1662 0.000000e+00
1663 0.000000e+00
1664 0.000000e+00
1665 1.196472e-06
1666 9.855386e-07
1667 7.472386e-07
1668 5.655769e-07
1669 3.995215e-07
1670 2.503244e-07
1671 1.576917e-07
1672 9.745496e-08
1673 0.000000e+00
1674 0.000000e+00
1675 0.000000e+00
1676 0.000000e+00
1677 0.000000e+00
1678 0.000000e+00
1679 0.000000e+00
1680 1.019795e-06
1681 9.239916e-07
1682 7.358754e-07
1683 5.511774e-07
1684 4.208030e-07
1685 2.811726e-07
1686 1.761589e-07
1687 1.080115e-07
1688 6.643974e-08
1689 0.000000e+00
1690 0.000000e+00
1691 0.000000e+00
1692 0.000000e+00
1693 0.000000e+00
1694 0.000000e+00
1695 8.663911e-07
1696 8.406555e-07
1697 7.157155e-07
1698 5.440981e-07
1699 4.111803e-07
1700 3.052119e-07
1701 1.866772e-07
1702 1.186382e-07
1703 7.153485e-08
1704 4.371321e-08
1705 0.000000e+00
1706 0.000000e+00
1707 0.000000e+00
1708 0.000000e+00
1709 0.000000e+00
1710 7.379322e-07
1711 7.521134e-07
1712 6.808035e-07
1713 5.384654e-07
1714 4.012169e-07
1715 3.091231e-07
1716 2.020132e-07
1717 1.272988e-07
1718 7.603508e-08
1719 4.588401e-08
1720 0.000000e+00
1721 0.000000e+00
1722 0.000000e+00
1723 0.000000e+00
1724 0.000000e+00
1725 6.283582e-07
1726 6.646871e-07
1727 6.336867e-07
1728 5.267749e-07
1729 3.949214e-07
1730 3.011357e-07
1731 2.175393e-07
1732 1.305488e-07
1733 8.082887e-08
1734 4.832169e-08
1735 0.000000e+00
1736 0.000000e+00
1737 0.000000e+00
1738 0.000000e+00
1739 0.000000e+00
1740 5.329658e-07
1741 5.810190e-07
1742 5.785661e-07
1743 5.066231e-07
1744 3.896114e-07
1745 2.915015e-07
1746 2.235358e-07
1747 1.360501e-07
1748 8.752039e-08
1749 5.128348e-08
1750 3.006951e-08
1751 0.000000e+00
1752 0.000000e+00
1753 0.000000e+00
1754 0.000000e+00
1755 4.458461e-07
1756 4.990669e-07
1757 5.163301e-07
1758 4.761195e-07
1759 3.815900e-07
1760 2.834348e-07
1761 2.192207e-07
1762 1.469080e-07
1763 9.095177e-08
1764 5.329435e-08
1765 3.136399e-08
1766 0.000000e+00
1767 0.000000e+00
1768 0.000000e+00
1769 0.000000e+00
1770 3.626138e-07
1771 4.163354e-07
1772 4.465392e-07
1773 4.336648e-07
1774 3.674944e-07
1775 2.770545e-07
1776 2.097550e-07
1777 1.563777e-07
1778 9.188372e-08
1779 5.749510e-08
1780 3.341978e-08
1781 1.908799e-08
1782 0.000000e+00
1783 0.000000e+00
1784 0.000000e+00
1785 3.105874e-07
1786 3.672250e-07
1787 4.101192e-07
1788 4.225118e-07
1789 3.871728e-07
1790 3.088371e-07
1791 2.298256e-07
1792 1.777488e-07
1793 1.170062e-07
1794 7.268015e-08
1795 4.212156e-08
1796 2.395787e-08
1797 0.000000e+00
1798 0.000000e+00
1799 0.000000e+00
1800 5.798004e-09
1801 4.074443e-09
1802 2.748290e-09
1803 1.788157e-09
1804 1.162808e-09
1805 7.677055e-10
1806 5.185350e-10
1807 3.568720e-10
1808 2.464962e-10
1809 1.675544e-10
1810 1.100847e-10
1811 6.899001e-11
1812 4.094365e-11
1813 2.299078e-11
1814 1.227593e-11
1815 1.455701e-08
1816 1.064802e-08
1817 7.516056e-09
1818 5.063645e-09
1819 3.262002e-09
1820 2.103397e-09
1821 1.372802e-09
1822 9.188238e-10
1823 6.290186e-10
1824 4.338982e-10
1825 2.956978e-10
1826 1.952596e-10
1827 1.231299e-10
1828 7.352196e-11
1829 4.149864e-11
1830 2.271547e-08
1831 1.712213e-08
1832 1.235376e-08
1833 8.601332e-09
1834 5.671146e-09
1835 3.617593e-09
1836 2.330391e-09
1837 1.522535e-09
1838 1.021463e-09
1839 6.988743e-10
1840 4.794966e-10
1841 3.232436e-10
1842 2.103117e-10
1843 1.303939e-10
1844 7.652429e-11
1845 3.082687e-08
1846 2.392676e-08
1847 1.757765e-08
1848 1.246195e-08
1849 8.450098e-09
1850 5.413538e-09
1851 3.460438e-09
1852 2.224175e-09
1853 1.465419e-09
1854 9.894042e-10
1855 6.765981e-10
1856 4.597467e-10
1857 3.044714e-10
1858 1.935368e-10
1859 1.169207e-10
1860 3.915506e-08
1861 3.125952e-08
1862 2.341653e-08
1863 1.681954e-08
1864 1.164681e-08
1865 7.601599e-09
1866 4.814850e-09
1867 3.075036e-09
1868 1.993152e-09
1869 1.325171e-09
1870 8.985691e-10
1871 6.111826e-10
1872 4.088834e-10
1873 2.645011e-10
1874 1.634480e-10
1875 4.788607e-08
1876 3.926833e-08
1877 3.005431e-08
1878 2.186212e-08
1879 1.536263e-08
1880 1.025391e-08
1881 6.488021e-09
1882 4.129000e-09
1883 2.636289e-09
1884 1.726869e-09
1885 1.157617e-09
1886 7.844191e-10
1887 5.272737e-10
1888 3.452958e-10
1889 2.172528e-10
1890 5.728456e-08
1891 4.820058e-08
1892 3.774443e-08
1893 2.786422e-08
1894 1.980774e-08
1895 1.349592e-08
1896 8.631762e-09
1897 5.452720e-09
1898 3.448803e-09
1899 2.226953e-09
1900 1.472550e-09
1901 9.900515e-10
1902 6.656388e-10
1903 4.393962e-10
1904 2.804449e-10
1905 6.794073e-08
1906 5.864992e-08
1907 4.708488e-08
1908 3.540477e-08
1909 2.545522e-08
1910 1.764182e-08
1911 1.151284e-08
1912 7.222612e-09
1913 4.554440e-09
1914 2.895582e-09
1915 1.883301e-09
1916 1.251467e-09
1917 8.377817e-10
1918 5.551538e-10
1919 3.582509e-10
1920 8.108087e-08
1921 7.194563e-08
1922 5.943666e-08
1923 4.577118e-08
1924 3.340094e-08
1925 2.349862e-08
1926 1.572418e-08
1927 9.906449e-09
1928 6.219635e-09
1929 3.893538e-09
1930 2.488054e-09
1931 1.625151e-09
1932 1.076713e-09
1933 7.124291e-10
1934 4.630654e-10
1935 1.024715e-07
1936 9.436194e-08
1937 8.124204e-08
1938 6.509822e-08
1939 4.889842e-08
1940 3.509334e-08
1941 2.420769e-08
1942 1.571843e-08
1943 9.790011e-09
1944 6.079374e-09
1945 3.784733e-09
1946 2.399421e-09
1947 1.550270e-09
1948 1.011129e-09
1949 6.561960e-10
1950 2.107089e-07
1951 2.158247e-07
1952 2.101588e-07
1953 1.926644e-07
1954 1.648907e-07
1955 1.311748e-07
1956 9.773303e-08
1957 6.956183e-08
1958 4.749487e-08
1959 3.016311e-08
1960 1.823173e-08
1961 1.083848e-08
1962 6.362290e-09
1963 3.732305e-09
1964 2.209040e-09
