0 1.855162e-09
1 1.243572e-09
2 8.147161e-10
3 5.365743e-10
4 3.595398e-10
5 2.458946e-10
6 1.701590e-10
7 1.172159e-10
8 7.888024e-11
9 5.103506e-11
10 3.143511e-11
11 1.833324e-11
12 1.013775e-11
13 5.352440e-12
14 2.722264e-12
15 2.961935e-09
16 2.022374e-09
17 1.332304e-09
18 8.690069e-10
19 5.744437e-10
20 3.874982e-10
21 2.664260e-10
22 1.843184e-10
23 1.259224e-10
24 8.342650e-11
25 5.286801e-11
26 3.178079e-11
27 1.807870e-11
28 9.771617e-12
29 5.059660e-12
30 3.379463e-09
31 2.321563e-09
32 1.535279e-09
33 9.995909e-10
34 6.585215e-10
35 4.421248e-10
36 3.030684e-10
37 2.096007e-10
38 1.436506e-10
39 9.575175e-11
40 6.117639e-11
41 3.709850e-11
42 2.129135e-11
43 1.159862e-11
44 6.043082e-12
45 3.622992e-09
46 2.495976e-09
47 1.653882e-09
48 1.075960e-09
49 7.076606e-10
50 4.740677e-10
51 3.244714e-10
52 2.243994e-10
53 1.540049e-10
54 1.029518e-10
55 6.601039e-11
56 4.020204e-11
57 2.316990e-11
58 1.266852e-11
59 6.619753e-12
60 3.793087e-09
61 2.617767e-09
62 1.736703e-09
63 1.129325e-09
64 7.418813e-10
65 4.963295e-10
66 3.393826e-10
67 2.346702e-10
68 1.612132e-10
69 1.079605e-10
70 6.939073e-11
71 4.236726e-11
72 2.447976e-11
73 1.341280e-11
74 7.020325e-12
75 3.925665e-09
76 2.712729e-09
77 1.801043e-09
78 1.170832e-09
79 7.685314e-10
80 5.136796e-10
81 3.510185e-10
82 2.427401e-10
83 1.668703e-10
84 1.118865e-10
85 7.203050e-11
86 4.406163e-11
87 2.550183e-11
88 1.399434e-11
89 7.333163e-12
90 4.037679e-09
91 2.792627e-09
92 1.855509e-09
93 1.205857e-09
94 7.910238e-10
95 5.283126e-10
96 3.608180e-10
97 2.494711e-10
98 1.715834e-10
99 1.151683e-10
100 7.424182e-11
101 4.548146e-11
102 2.636314e-11
103 1.448427e-11
104 7.595726e-12
105 4.136469e-09
106 2.863970e-09
107 1.903810e-09
108 1.236932e-09
109 8.109763e-10
110 5.413105e-10
111 3.695172e-10
112 2.554939e-10
113 1.758141e-10
114 1.181039e-10
115 7.621695e-11
116 4.675235e-11
117 2.712322e-11
118 1.491760e-11
119 7.829669e-12
120 4.233427e-09
121 2.933020e-09
122 1.950832e-09
123 1.267276e-09
124 8.304590e-10
125 5.539953e-10
126 3.780304e-10
127 2.613495e-10
128 1.799356e-10
129 1.209654e-10
130 7.813523e-11
131 4.797719e-11
132 2.786936e-11
133 1.534154e-11
134 8.058972e-12
135 4.356975e-09
136 3.021324e-09
137 2.011012e-09
138 1.306023e-09
139 8.553525e-10
140 5.701663e-10
141 3.888611e-10
142 2.688692e-10
143 1.851828e-10
144 1.246075e-10
145 8.060334e-11
146 4.956521e-11
147 2.882446e-11
148 1.588462e-11
149 8.350003e-12
150 5.652451e-09
151 3.973332e-09
152 2.679689e-09
153 1.742233e-09
154 1.133697e-09
155 7.482212e-10
156 5.057094e-10
157 3.480329e-10
158 2.403630e-10
159 1.633811e-10
160 1.073345e-10
161 6.725556e-11
162 3.990067e-11
163 2.239573e-11
164 1.195440e-11
165 7.028469e-09
166 4.991461e-09
167 3.408416e-09
168 2.229373e-09
169 1.443039e-09
170 9.461323e-10
171 6.334089e-10
172 4.335562e-10
173 2.993275e-10
174 2.047351e-10
175 1.360332e-10
176 8.651539e-11
177 5.218524e-11
178 2.977131e-11
179 1.611773e-11
180 7.873825e-09
181 5.618953e-09
182 3.858886e-09
183 2.533236e-09
184 1.636284e-09
185 1.069850e-09
186 7.131604e-10
187 4.865511e-10
188 3.358137e-10
189 2.302309e-10
190 1.537012e-10
191 9.840906e-11
192 5.981551e-11
193 3.438407e-11
194 1.873988e-11
195 8.468655e-09
196 6.060503e-09
197 4.175596e-09
198 2.747106e-09
199 1.772802e-09
200 1.156818e-09
201 7.692225e-10
202 5.238433e-10
203 3.614395e-10
204 2.480943e-10
205 1.661480e-10
206 1.067962e-10
207 6.519837e-11
208 3.764000e-11
209 2.059280e-11
210 8.932780e-09
211 6.404732e-09
212 4.422353e-09
213 2.913694e-09
214 1.878897e-09
215 1.224715e-09
216 8.129187e-10
217 5.527629e-10
218 3.813388e-10
219 2.620284e-10
220 1.758201e-10
221 1.133145e-10
222 6.937782e-11
223 4.016605e-11
224 2.203035e-11
225 9.320939e-09
226 6.692873e-09
227 4.628635e-09
228 3.052750e-09
229 1.967305e-09
230 1.281396e-09
231 8.494676e-10
232 5.770793e-10
233 3.980312e-10
234 2.737476e-10
235 1.839475e-10
236 1.187909e-10
237 7.288503e-11
238 4.228400e-11
239 2.323303e-11
240 9.664974e-09
241 6.948148e-09
242 4.812494e-09
243 3.177241e-09
244 2.046301e-09
245 1.331776e-09
246 8.818864e-10
247 5.987414e-10
248 4.129384e-10
249 2.841084e-10
250 1.911494e-10
251 1.236356e-10
252 7.599375e-11
253 4.416654e-11
254 2.431079e-11
255 1.000531e-08
256 7.199779e-09
257 4.993782e-09
258 3.299323e-09
259 2.123449e-09
260 1.381204e-09
261 9.138565e-10
262 6.200304e-10
263 4.276082e-10
264 2.943392e-10
265 1.982376e-10
266 1.284176e-10
267 7.906917e-11
268 4.602492e-11
269 2.535901e-11
270 1.043717e-08
271 7.520985e-09
272 5.224017e-09
273 3.454291e-09
274 2.222466e-09
275 1.444433e-09
276 9.548763e-10
277 6.473201e-10
278 4.462282e-10
279 3.073816e-10
280 2.073041e-10
281 1.345135e-10
282 8.297760e-11
283 4.838561e-11
284 2.670085e-11
285 9.347198e-09
286 6.733008e-09
287 4.676574e-09
288 3.105998e-09
289 2.002660e-09
290 1.302862e-09
291 8.610010e-10
292 5.826556e-10
293 4.006424e-10
294 2.752357e-10
295 1.852556e-10
296 1.201081e-10
297 7.413870e-11
298 4.332094e-11
299 2.397457e-11
300 1.094212e-08
301 7.946390e-09
302 5.564941e-09
303 3.731198e-09
304 2.408081e-09
305 1.560136e-09
306 1.023997e-09
307 6.886660e-10
308 4.718838e-10
309 3.244415e-10
310 2.195263e-10
311 1.436367e-10
312 8.969684e-11
313 5.307700e-11
314 2.973136e-11
315 1.208827e-08
316 8.820687e-09
317 6.205345e-09
318 4.183069e-09
319 2.703435e-09
320 1.747007e-09
321 1.142868e-09
322 7.655785e-10
323 5.233057e-10
324 3.598552e-10
325 2.442632e-10
326 1.606274e-10
327 1.009542e-10
328 6.015638e-11
329 3.392304e-11
330 1.298572e-08
331 9.506245e-09
332 6.707866e-09
333 4.537646e-09
334 2.934627e-09
335 1.893229e-09
336 1.235688e-09
337 8.257095e-10
338 5.635948e-10
339 3.876846e-10
340 2.636058e-10
341 1.739163e-10
342 1.097570e-10
343 6.569200e-11
344 3.720296e-11
345 1.373396e-08
346 1.007793e-08
347 7.126523e-09
348 4.833414e-09
349 3.127801e-09
350 2.015470e-09
351 1.313404e-09
352 8.760905e-10
353 5.972683e-10
354 4.109222e-10
355 2.798008e-10
356 1.850510e-10
357 1.171338e-10
358 7.033345e-11
359 3.995054e-11
360 1.440261e-08
361 1.058789e-08
362 7.500408e-09
363 5.096456e-09
364 3.299931e-09
365 2.124365e-09
366 1.382601e-09
367 9.207452e-10
368 6.272314e-10
369 4.315710e-10
370 2.942028e-10
371 1.949344e-10
372 1.236746e-10
373 7.444669e-11
374 4.238667e-11
375 1.505960e-08
376 1.108925e-08
377 7.867351e-09
378 5.355529e-09
379 3.468623e-09
380 2.231076e-09
381 1.450504e-09
382 9.647505e-10
383 6.566488e-10
384 4.518632e-10
385 3.083364e-10
386 2.046578e-10
387 1.301273e-10
388 7.850473e-11
389 4.478907e-11
390 1.589012e-08
391 1.172395e-08
392 8.332934e-09
393 5.683433e-09
394 3.682786e-09
395 2.366751e-09
396 1.536940e-09
397 1.020689e-09
398 6.940424e-10
399 4.776502e-10
400 3.263037e-10
401 2.169912e-10
402 1.382914e-10
403 8.364244e-11
404 4.783156e-11
405 1.330497e-08
406 9.780994e-09
407 6.920757e-09
408 4.704250e-09
409 3.056195e-09
410 1.968397e-09
411 1.283118e-09
412 8.542386e-10
413 5.812462e-10
414 3.990524e-10
415 2.714685e-10
416 1.795539e-10
417 1.138089e-10
418 6.850900e-11
419 3.904486e-11
420 1.512046e-08
421 1.120642e-08
422 7.980386e-09
423 5.468809e-09
424 3.573411e-09
425 2.294448e-09
426 1.490184e-09
427 9.858458e-10
428 6.672225e-10
429 4.574665e-10
430 3.119465e-10
431 2.075547e-10
432 1.326950e-10
433 8.069654e-11
434 4.647981e-11
435 1.655450e-08
436 1.233787e-08
437 8.820822e-09
438 6.076108e-09
439 3.985918e-09
440 2.554182e-09
441 1.654956e-09
442 1.090415e-09
443 7.359242e-10
444 5.038644e-10
445 3.440424e-10
446 2.297536e-10
447 1.476782e-10
448 9.037924e-11
449 5.239823e-11
450 1.775594e-08
451 1.328575e-08
452 9.525646e-09
453 6.584050e-09
454 4.331667e-09
455 2.772556e-09
456 1.793437e-09
457 1.178349e-09
458 7.933768e-10
459 5.428592e-10
460 3.710115e-10
461 2.484062e-10
462 1.602681e-10
463 9.851534e-11
464 5.737149e-11
465 1.882727e-08
466 1.412892e-08
467 1.015306e-08
468 7.035450e-09
469 4.637930e-09
470 2.966425e-09
471 1.916454e-09
472 1.256331e-09
473 8.445394e-10
474 5.774058e-10
475 3.949396e-10
476 2.649367e-10
477 1.714247e-10
478 1.057244e-10
479 6.177731e-11
480 1.987792e-08
481 1.495798e-08
482 1.076921e-08
483 7.480661e-09
484 4.939597e-09
485 3.156825e-09
486 2.037461e-09
487 1.332947e-09
488 8.945824e-10
489 6.113316e-10
490 4.184046e-10
491 2.811959e-10
492 1.824003e-10
493 1.128173e-10
494 6.611183e-11
495 2.121139e-08
496 1.600841e-08
497 1.155052e-08
498 8.043220e-09
499 5.322540e-09
500 3.398683e-09
501 2.190747e-09
502 1.430501e-09
503 9.582940e-10
504 6.544624e-10
505 4.483167e-10
506 3.018795e-10
507 1.963614e-10
508 1.218238e-10
509 7.161540e-11
510 1.763482e-08
511 1.323121e-08
512 9.503338e-09
513 6.577387e-09
514 4.343608e-09
515 2.783331e-09
516 1.800077e-09
517 1.180387e-09
518 7.930234e-10
519 5.416011e-10
520 3.697905e-10
521 2.476145e-10
522 1.599699e-10
523 9.857489e-11
524 5.759981e-11
525 1.971490e-08
526 1.492482e-08
527 1.078305e-08
528 7.513013e-09
529 4.998382e-09
530 3.202968e-09
531 2.064802e-09
532 1.346866e-09
533 9.001727e-10
534 6.127239e-10
535 4.184382e-10
536 2.812440e-10
537 1.829015e-10
538 1.136749e-10
539 6.705696e-11
540 2.147243e-08
541 1.635702e-08
542 1.186500e-08
543 8.303509e-09
544 5.552031e-09
545 3.559274e-09
546 2.289207e-09
547 1.487732e-09
548 9.907197e-10
549 6.728988e-10
550 4.595889e-10
551 3.096869e-10
552 2.022987e-10
553 1.264528e-10
554 7.506462e-11
555 2.303231e-08
556 1.762929e-08
557 1.283116e-08
558 9.005769e-09
559 6.045148e-09
560 3.875800e-09
561 2.488855e-09
562 1.613122e-09
563 1.071380e-09
564 7.263851e-10
565 4.961569e-10
566 3.349613e-10
567 2.195349e-10
568 1.378076e-10
569 8.218241e-11
570 2.456694e-08
571 1.887642e-08
572 1.377559e-08
573 9.695992e-09
574 6.528341e-09
575 4.186486e-09
576 2.684690e-09
577 1.736141e-09
578 1.150435e-09
579 7.788776e-10
580 5.320584e-10
581 3.597902e-10
582 2.364703e-10
583 1.489658e-10
584 8.917583e-11
585 2.651156e-08
586 2.046045e-08
587 1.497622e-08
588 1.057076e-08
589 7.142002e-09
590 4.581029e-09
591 2.933214e-09
592 1.891993e-09
593 1.250658e-09
594 8.455453e-10
595 5.776482e-10
596 3.912853e-10
597 2.579503e-10
598 1.631155e-10
599 9.804322e-11
600 2.250411e-08
601 1.725343e-08
602 1.257143e-08
603 8.828421e-09
604 5.936260e-09
605 3.818183e-09
606 2.450169e-09
607 1.588125e-09
608 1.053503e-09
609 7.130585e-10
610 4.863304e-10
611 3.280127e-10
612 2.149470e-10
613 1.350222e-10
614 8.065286e-11
615 2.493590e-08
616 1.930143e-08
617 1.416023e-08
618 9.998194e-09
619 6.772747e-09
620 4.372607e-09
621 2.796412e-09
622 1.806109e-09
623 1.191144e-09
624 8.027372e-10
625 5.466984e-10
626 3.694697e-10
627 2.433391e-10
628 1.539852e-10
629 9.278279e-11
630 2.710680e-08
631 2.112819e-08
632 1.557674e-08
633 1.104059e-08
634 7.519155e-09
635 4.867046e-09
636 3.105912e-09
637 2.000546e-09
638 1.314158e-09
639 8.826856e-10
640 6.005215e-10
641 4.064323e-10
642 2.686555e-10
643 1.708936e-10
644 1.036020e-10
645 2.923606e-08
646 2.292122e-08
647 1.696524e-08
648 1.206575e-08
649 8.251008e-09
650 5.352923e-09
651 3.409153e-09
652 2.191439e-09
653 1.434545e-09
654 9.611400e-10
655 6.533788e-10
656 4.427351e-10
657 2.935236e-10
658 1.875056e-10
659 1.142309e-10
660 3.193856e-08
661 2.519710e-08
662 1.872871e-08
663 1.336558e-08
664 9.181397e-09
665 5.969272e-09
666 3.794475e-09
667 2.433352e-09
668 1.587490e-09
669 1.060770e-09
670 7.203995e-10
671 4.887658e-10
672 3.250348e-10
673 2.085484e-10
674 1.277020e-10
675 2.813804e-08
676 2.207160e-08
677 1.635075e-08
678 1.162821e-08
679 7.952299e-09
680 5.175557e-09
681 3.298255e-09
682 2.121958e-09
683 1.388243e-09
684 9.291832e-10
685 6.306029e-10
686 4.266316e-10
687 2.825036e-10
688 1.803559e-10
689 1.098976e-10
690 3.107838e-08
691 2.462689e-08
692 1.838974e-08
693 1.314815e-08
694 9.054270e-09
695 5.929851e-09
696 3.772115e-09
697 2.420483e-09
698 1.573920e-09
699 1.047721e-09
700 7.089720e-10
701 4.798368e-10
702 3.189009e-10
703 2.048796e-10
704 1.258564e-10
705 3.396358e-08
706 2.714248e-08
707 2.039159e-08
708 1.464411e-08
709 1.013554e-08
710 6.671358e-09
711 4.237322e-09
712 2.713121e-09
713 1.756042e-09
714 1.164024e-09
715 7.859578e-10
716 5.321059e-10
717 3.546638e-10
718 2.289785e-10
719 1.415390e-10
720 3.763286e-08
721 3.033696e-08
722 2.292899e-08
723 1.653967e-08
724 1.150900e-08
725 7.611655e-09
726 4.828051e-09
727 3.084371e-09
728 1.987013e-09
729 1.311866e-09
730 8.835561e-10
731 5.983457e-10
732 3.999867e-10
733 2.595179e-10
734 1.614118e-10
735 3.493269e-08
736 2.808296e-08
737 2.121659e-08
738 1.528907e-08
739 1.061680e-08
740 7.026581e-09
741 4.471933e-09
742 2.858357e-09
743 1.844364e-09
744 1.218185e-09
745 8.197370e-10
746 5.540676e-10
747 3.694440e-10
748 2.390797e-10
749 1.483777e-10
750 3.882003e-08
751 3.158478e-08
752 2.409258e-08
753 1.747959e-08
754 1.221688e-08
755 8.153648e-09
756 5.196789e-09
757 3.310700e-09
758 2.123872e-09
759 1.393908e-09
760 9.333979e-10
761 6.300034e-10
762 4.210240e-10
763 2.739620e-10
764 1.713784e-10
765 4.375522e-08
766 3.602829e-08
767 2.774269e-08
768 2.025567e-08
769 1.424653e-08
770 9.582380e-09
771 6.116462e-09
772 3.883655e-09
773 2.478466e-09
774 1.616767e-09
775 1.077609e-09
776 7.262039e-10
777 4.863735e-10
778 3.181576e-10
779 2.005198e-10
780 4.403724e-08
781 3.643456e-08
782 2.820672e-08
783 2.068508e-08
784 1.458280e-08
785 9.850457e-09
786 6.324594e-09
787 4.008222e-09
788 2.556872e-09
789 1.661683e-09
790 1.102973e-09
791 7.410052e-10
792 4.955427e-10
793 3.242851e-10
794 2.048413e-10
795 5.084294e-08
796 4.279222e-08
797 3.364002e-08
798 2.493631e-08
799 1.773014e-08
800 1.211148e-08
801 7.839086e-09
802 4.946970e-09
803 3.140713e-09
804 2.021282e-09
805 1.329706e-09
806 8.886403e-10
807 5.942441e-10
808 3.907874e-10
809 2.490601e-10
810 6.117528e-08
811 5.287375e-08
812 4.269119e-08
813 3.234428e-08
814 2.334440e-08
815 1.620987e-08
816 1.070978e-08
817 6.768903e-09
818 4.269789e-09
819 2.706265e-09
820 1.750362e-09
821 1.153481e-09
822 7.661466e-10
823 5.047293e-10
824 3.247765e-10
825 5.170871e-07
826 3.908145e-07
827 2.958695e-07
828 2.044949e-07
829 1.285909e-07
830 8.133837e-08
831 5.107383e-08
832 0.000000e+00
833 0.000000e+00
834 0.000000e+00
835 0.000000e+00
836 0.000000e+00
837 0.000000e+00
838 0.000000e+00
839 0.000000e+00
840 6.686610e-07
841 5.061625e-07
842 3.832186e-07
843 2.674023e-07
844 1.681055e-07
845 1.065487e-07
846 6.675088e-08
847 0.000000e+00
848 0.000000e+00
849 0.000000e+00
850 0.000000e+00
851 0.000000e+00
852 0.000000e+00
853 0.000000e+00
854 0.000000e+00
855 7.750828e-07
856 5.871850e-07
857 4.445775e-07
858 3.116007e-07
859 1.958919e-07
860 1.242718e-07
861 7.777101e-08
862 0.000000e+00
863 0.000000e+00
864 0.000000e+00
865 0.000000e+00
866 0.000000e+00
867 0.000000e+00
868 0.000000e+00
869 0.000000e+00
870 8.580690e-07
871 6.503636e-07
872 4.924197e-07
873 3.460591e-07
874 2.175515e-07
875 1.380867e-07
876 8.636398e-08
877 0.000000e+00
878 0.000000e+00
879 0.000000e+00
880 0.000000e+00
881 0.000000e+00
882 0.000000e+00
883 0.000000e+00
884 0.000000e+00
885 9.276363e-07
886 7.033189e-07
887 5.325270e-07
888 3.749436e-07
889 2.357105e-07
890 1.496671e-07
891 9.356520e-08
892 0.000000e+00
893 0.000000e+00
894 0.000000e+00
895 0.000000e+00
896 0.000000e+00
897 0.000000e+00
898 0.000000e+00
899 0.000000e+00
900 9.895488e-07
901 7.504478e-07
902 5.682171e-07
903 4.006516e-07
904 2.518727e-07
905 1.599749e-07
906 9.997444e-08
907 0.000000e+00
908 0.000000e+00
909 0.000000e+00
910 0.000000e+00
911 0.000000e+00
912 0.000000e+00
913 0.000000e+00
914 0.000000e+00
915 1.050374e-06
916 7.967531e-07
917 6.032833e-07
918 4.259037e-07
919 2.677506e-07
920 1.701002e-07
921 1.062719e-07
922 0.000000e+00
923 0.000000e+00
924 0.000000e+00
925 0.000000e+00
926 0.000000e+00
927 0.000000e+00
928 0.000000e+00
929 0.000000e+00
930 1.127614e-06
931 8.555577e-07
932 6.478012e-07
933 4.579719e-07
934 2.879125e-07
935 1.829589e-07
936 1.142688e-07
937 0.000000e+00
938 0.000000e+00
939 0.000000e+00
940 0.000000e+00
941 0.000000e+00
942 0.000000e+00
943 0.000000e+00
944 0.000000e+00
945 3.740709e-07
946 3.004845e-07
947 2.246192e-07
948 1.726483e-07
949 1.176145e-07
950 7.363881e-08
951 4.559328e-08
952 2.842239e-08
953 0.000000e+00
954 0.000000e+00
955 0.000000e+00
956 0.000000e+00
957 0.000000e+00
958 0.000000e+00
959 0.000000e+00
960 5.085113e-07
961 4.104992e-07
962 3.070811e-07
963 2.357856e-07
964 1.621247e-07
965 1.010965e-07
966 6.281034e-08
967 3.909863e-08
968 0.000000e+00
969 0.000000e+00
970 0.000000e+00
971 0.000000e+00
972 0.000000e+00
973 0.000000e+00
974 0.000000e+00
975 6.135238e-07
976 4.964602e-07
977 3.715322e-07
978 2.851198e-07
979 1.969231e-07
980 1.225720e-07
981 7.627710e-08
982 4.744916e-08
983 0.000000e+00
984 0.000000e+00
985 0.000000e+00
986 0.000000e+00
987 0.000000e+00
988 0.000000e+00
989 0.000000e+00
990 7.014815e-07
991 5.684634e-07
992 4.255166e-07
993 3.264494e-07
994 2.260655e-07
995 1.405575e-07
996 8.755593e-08
997 5.444138e-08
998 0.000000e+00
999 0.000000e+00
1000 0.000000e+00
1001 0.000000e+00
1002 0.000000e+00
1003 0.000000e+00
1004 0.000000e+00
1005 7.797477e-07
1006 6.325272e-07
1007 4.735484e-07
1008 3.632188e-07
1009 2.519962e-07
1010 1.565601e-07
1011 9.759132e-08
1012 6.066332e-08
1013 0.000000e+00
1014 0.000000e+00
1015 0.000000e+00
1016 0.000000e+00
1017 0.000000e+00
1018 0.000000e+00
1019 0.000000e+00
1020 8.566450e-07
1021 6.954663e-07
1022 5.207368e-07
1023 3.993406e-07
1024 2.774724e-07
1025 1.722835e-07
1026 1.074515e-07
1027 6.677674e-08
1028 0.000000e+00
1029 0.000000e+00
1030 0.000000e+00
1031 0.000000e+00
1032 0.000000e+00
1033 0.000000e+00
1034 0.000000e+00
1035 9.543028e-07
1036 7.754015e-07
1037 5.806721e-07
1038 4.452215e-07
1039 3.098292e-07
1040 1.922483e-07
1041 1.199727e-07
1042 7.454069e-08
1043 0.000000e+00
1044 0.000000e+00
1045 0.000000e+00
1046 0.000000e+00
1047 0.000000e+00
1048 0.000000e+00
1049 0.000000e+00
1050 3.051713e-07
1051 2.651694e-07
1052 2.034549e-07
1053 1.526947e-07
1054 1.164761e-07
1055 7.169027e-08
1056 4.656675e-08
1057 2.825255e-08
1058 1.747798e-08
1059 0.000000e+00
1060 0.000000e+00
1061 0.000000e+00
1062 0.000000e+00
1063 0.000000e+00
1064 0.000000e+00
1065 4.205959e-07
1066 3.670076e-07
1067 2.823884e-07
1068 2.117070e-07
1069 1.618306e-07
1070 1.001575e-07
1071 6.499257e-08
1072 3.938511e-08
1073 2.434978e-08
1074 0.000000e+00
1075 0.000000e+00
1076 0.000000e+00
1077 0.000000e+00
1078 0.000000e+00
1079 0.000000e+00
1080 5.171658e-07
1081 4.522095e-07
1082 3.484368e-07
1083 2.610845e-07
1084 1.997815e-07
1085 1.239941e-07
1086 8.041485e-08
1087 4.870425e-08
1088 3.010251e-08
1089 0.000000e+00
1090 0.000000e+00
1091 0.000000e+00
1092 0.000000e+00
1093 0.000000e+00
1094 0.000000e+00
1095 6.030010e-07
1096 5.279376e-07
1097 4.071550e-07
1098 3.049778e-07
1099 2.335231e-07
1100 1.451796e-07
1101 9.412326e-08
1102 5.698797e-08
1103 3.521564e-08
1104 0.000000e+00
1105 0.000000e+00
1106 0.000000e+00
1107 0.000000e+00
1108 0.000000e+00
1109 0.000000e+00
1110 6.873247e-07
1111 6.023534e-07
1112 4.648463e-07
1113 3.481036e-07
1114 2.666682e-07
1115 1.659945e-07
1116 1.075919e-07
1117 6.512667e-08
1118 4.023933e-08
1119 0.000000e+00
1120 0.000000e+00
1121 0.000000e+00
1122 0.000000e+00
1123 0.000000e+00
1124 0.000000e+00
1125 7.944454e-07
1126 6.968682e-07
1127 5.381196e-07
1128 4.028836e-07
1129 3.087693e-07
1130 1.924343e-07
1131 1.246979e-07
1132 7.546359e-08
1133 4.661997e-08
1134 0.000000e+00
1135 0.000000e+00
1136 0.000000e+00
1137 0.000000e+00
1138 0.000000e+00
1139 0.000000e+00
1140 1.537474e-07
1141 1.411115e-07
1142 1.128128e-07
1143 8.385120e-08
1144 6.485949e-08
1145 4.358375e-08
1146 2.736537e-08
1147 1.652321e-08
1148 1.018677e-08
1149 0.000000e+00
1150 0.000000e+00
1151 0.000000e+00
1152 0.000000e+00
1153 0.000000e+00
1154 0.000000e+00
1155 2.694668e-07
1156 2.489773e-07
1157 2.003657e-07
1158 1.490358e-07
1159 1.150462e-07
1160 7.845490e-08
1161 4.880358e-08
1162 2.961762e-08
1163 1.823949e-08
1164 0.000000e+00
1165 0.000000e+00
1166 0.000000e+00
1167 0.000000e+00
1168 0.000000e+00
1169 0.000000e+00
1170 3.708357e-07
1171 3.436633e-07
1172 2.774078e-07
1173 2.064387e-07
1174 1.591914e-07
1175 1.092680e-07
1176 6.770391e-08
1177 4.119741e-08
1178 2.535364e-08
1179 0.000000e+00
1180 0.000000e+00
1181 0.000000e+00
1182 0.000000e+00
1183 0.000000e+00
1184 0.000000e+00
1185 4.606580e-07
1186 4.275553e-07
1187 3.456562e-07
1188 2.572832e-07
1189 1.983037e-07
1190 1.365616e-07
1191 8.444844e-08
1192 5.145468e-08
1193 3.165572e-08
1194 0.000000e+00
1195 0.000000e+00
1196 0.000000e+00
1197 0.000000e+00
1198 0.000000e+00
1199 0.000000e+00
1200 5.488389e-07
1201 5.099281e-07
1202 4.126761e-07
1203 3.072121e-07
1204 2.367067e-07
1205 1.633629e-07
1206 1.008910e-07
1207 6.152533e-08
1208 3.784340e-08
1209 0.000000e+00
1210 0.000000e+00
1211 0.000000e+00
1212 0.000000e+00
1213 0.000000e+00
1214 0.000000e+00
1215 6.608621e-07
1216 6.145633e-07
1217 4.977920e-07
1218 3.706333e-07
1219 2.854771e-07
1220 1.974020e-07
1221 1.217728e-07
1222 7.431803e-08
1223 4.570272e-08
1224 0.000000e+00
1225 0.000000e+00
1226 0.000000e+00
1227 0.000000e+00
1228 0.000000e+00
1229 0.000000e+00
1230 1.503256e-07
1231 1.448137e-07
1232 1.217657e-07
1233 9.153024e-08
1234 6.947596e-08
1235 5.145649e-08
1236 3.063022e-08
1237 1.944251e-08
1238 1.180861e-08
1239 7.248373e-09
1240 0.000000e+00
1241 0.000000e+00
1242 0.000000e+00
1243 0.000000e+00
1244 0.000000e+00
1245 2.528508e-07
1246 2.447063e-07
1247 2.069239e-07
1248 1.559676e-07
1249 1.181044e-07
1250 8.807442e-08
1251 5.245624e-08
1252 3.349202e-08
1253 2.028421e-08
1254 1.240573e-08
1255 0.000000e+00
1256 0.000000e+00
1257 0.000000e+00
1258 0.000000e+00
1259 0.000000e+00
1260 3.450483e-07
1261 3.346108e-07
1262 2.836364e-07
1263 2.140473e-07
1264 1.619243e-07
1265 1.210987e-07
1266 7.216387e-08
1267 4.617899e-08
1268 2.793525e-08
1269 1.706030e-08
1270 0.000000e+00
1271 0.000000e+00
1272 0.000000e+00
1273 0.000000e+00
1274 0.000000e+00
1275 4.353140e-07
1276 4.225984e-07
1277 3.587028e-07
1278 2.708861e-07
1279 2.048082e-07
1280 1.534067e-07
1281 9.144870e-08
1282 5.859282e-08
1283 3.542114e-08
1284 2.161362e-08
1285 0.000000e+00
1286 0.000000e+00
1287 0.000000e+00
1288 0.000000e+00
1289 0.000000e+00
1290 5.499417e-07
1291 5.343593e-07
1292 4.540711e-07
1293 3.430873e-07
1294 2.592786e-07
1295 1.944458e-07
1296 1.159383e-07
1297 7.435952e-08
1298 4.492895e-08
1299 2.739755e-08
1300 0.000000e+00
1301 0.000000e+00
1302 0.000000e+00
1303 0.000000e+00
1304 0.000000e+00
1305 1.548646e-07
1306 1.549095e-07
1307 1.365015e-07
1308 1.053203e-07
1309 7.856959e-08
1310 6.072174e-08
1311 3.723076e-08
1312 2.431482e-08
1313 1.444951e-08
1314 8.686642e-09
1315 0.000000e+00
1316 0.000000e+00
1317 0.000000e+00
1318 0.000000e+00
1319 0.000000e+00
1320 2.485788e-07
1321 2.494061e-07
1322 2.206721e-07
1323 1.708010e-07
1324 1.272997e-07
1325 9.849113e-08
1326 6.084118e-08
1327 3.964128e-08
1328 2.352556e-08
1329 1.414937e-08
1330 0.000000e+00
1331 0.000000e+00
1332 0.000000e+00
1333 0.000000e+00
1334 0.000000e+00
1335 3.399683e-07
1336 3.415623e-07
1337 3.027627e-07
1338 2.346592e-07
1339 1.748282e-07
1340 1.353261e-07
1341 8.387210e-08
1342 5.458705e-08
1343 3.237705e-08
1344 1.947702e-08
1345 0.000000e+00
1346 0.000000e+00
1347 0.000000e+00
1348 0.000000e+00
1349 0.000000e+00
1350 4.559088e-07
1351 4.584723e-07
1352 4.069009e-07
1353 3.156769e-07
1354 2.351218e-07
1355 1.820540e-07
1356 1.130931e-07
1357 7.354972e-08
1358 4.360784e-08
1359 2.623662e-08
1360 0.000000e+00
1361 0.000000e+00
1362 0.000000e+00
1363 0.000000e+00
1364 0.000000e+00
1365 1.655275e-07
1366 1.706864e-07
1367 1.567872e-07
1368 1.251498e-07
1369 9.283500e-08
1370 7.195630e-08
1371 4.797071e-08
1372 3.009115e-08
1373 1.780450e-08
1374 1.077618e-08
1375 0.000000e+00
1376 0.000000e+00
1377 0.000000e+00
1378 0.000000e+00
1379 0.000000e+00
1380 2.577770e-07
1381 2.663129e-07
1382 2.452850e-07
1383 1.963043e-07
1384 1.456445e-07
1385 1.127978e-07
1386 7.568330e-08
1387 4.726417e-08
1388 2.801157e-08
1389 1.695341e-08
1390 0.000000e+00
1391 0.000000e+00
1392 0.000000e+00
1393 0.000000e+00
1394 0.000000e+00
1395 3.742011e-07
1396 3.869868e-07
1397 3.569512e-07
1398 2.860772e-07
1399 2.122700e-07
1400 1.643264e-07
1401 1.106360e-07
1402 6.892843e-08
1403 4.088736e-08
1404 2.474556e-08
1405 0.000000e+00
1406 0.000000e+00
1407 0.000000e+00
1408 0.000000e+00
1409 0.000000e+00
1410 9.334235e-08
1411 9.842052e-08
1412 9.332934e-08
1413 7.692956e-08
1414 5.733370e-08
1415 4.391617e-08
1416 3.147748e-08
1417 1.879053e-08
1418 1.144736e-08
1419 6.889996e-09
1420 0.000000e+00
1421 0.000000e+00
1422 0.000000e+00
1423 0.000000e+00
1424 0.000000e+00
1425 1.855881e-07
1426 1.962788e-07
1427 1.869528e-07
1428 1.548888e-07
1429 1.156296e-07
1430 8.836409e-08
1431 6.391145e-08
1432 3.797368e-08
1433 2.331104e-08
1434 1.399724e-08
1435 0.000000e+00
1436 0.000000e+00
1437 0.000000e+00
1438 0.000000e+00
1439 0.000000e+00
1440 3.019850e-07
1441 3.197784e-07
1442 3.051451e-07
1443 2.533303e-07
1444 1.892558e-07
1445 1.444917e-07
1446 1.048833e-07
1447 6.220848e-08
1448 3.830523e-08
1449 2.297887e-08
1450 0.000000e+00
1451 0.000000e+00
1452 0.000000e+00
1453 0.000000e+00
1454 0.000000e+00
1455 1.206005e-07
1456 1.301496e-07
1457 1.276725e-07
1458 1.095245e-07
1459 8.298549e-08
1460 6.245240e-08
1461 4.745698e-08
1462 2.791291e-08
1463 1.796877e-08
1464 1.061917e-08
1465 6.236804e-09
1466 0.000000e+00
1467 0.000000e+00
1468 0.000000e+00
1469 0.000000e+00
1470 2.368767e-07
1471 2.560811e-07
1472 2.518627e-07
1473 2.167764e-07
1474 1.645651e-07
1475 1.236885e-07
1476 9.426505e-08
1477 5.558505e-08
1478 3.588520e-08
1479 2.117542e-08
1480 1.241053e-08
1481 0.000000e+00
1482 0.000000e+00
1483 0.000000e+00
1484 0.000000e+00
1485 1.764672e-07
1486 1.944129e-07
1487 1.965627e-07
1488 1.754242e-07
1489 1.364365e-07
1490 1.014206e-07
1491 7.883914e-08
1492 4.884696e-08
1493 3.171427e-08
1494 1.842850e-08
1495 1.074931e-08
1496 0.000000e+00
1497 0.000000e+00
1498 0.000000e+00
1499 0.000000e+00
1500 7.061931e-05
1501 5.317249e-05
1502 4.062705e-05
1503 2.870187e-05
1504 1.785749e-05
1505 1.132748e-05
1506 7.086317e-06
1507 0.000000e+00
1508 0.000000e+00
1509 0.000000e+00
1510 0.000000e+00
1511 0.000000e+00
1512 0.000000e+00
1513 0.000000e+00
1514 0.000000e+00
1515 5.596693e-05
1516 4.542443e-05
1517 3.387184e-05
1518 2.608643e-05
1519 1.817769e-05
1520 1.124156e-05
1521 6.956379e-06
1522 4.337816e-06
1523 0.000000e+00
1524 0.000000e+00
1525 0.000000e+00
1526 0.000000e+00
1527 0.000000e+00
1528 0.000000e+00
1529 0.000000e+00
1530 4.415128e-05
1531 3.878307e-05
1532 2.989465e-05
1533 2.233379e-05
1534 1.724752e-05
1535 1.061886e-05
1536 6.972195e-06
1537 4.206790e-06
1538 2.587037e-06
1539 0.000000e+00
1540 0.000000e+00
1541 0.000000e+00
1542 0.000000e+00
1543 0.000000e+00
1544 0.000000e+00
1545 3.567056e-05
1546 3.323382e-05
1547 2.692236e-05
1548 2.000355e-05
1549 1.543455e-05
1550 1.070235e-05
1551 6.585851e-06
1552 3.991651e-06
1553 2.463231e-06
1554 0.000000e+00
1555 0.000000e+00
1556 0.000000e+00
1557 0.000000e+00
1558 0.000000e+00
1559 0.000000e+00
1560 2.942228e-05
1561 2.864119e-05
1562 2.436518e-05
1563 1.839007e-05
1564 1.388533e-05
1565 1.047510e-05
1566 6.185015e-06
1567 3.987303e-06
1568 2.409311e-06
1569 1.466539e-06
1570 0.000000e+00
1571 0.000000e+00
1572 0.000000e+00
1573 0.000000e+00
1574 0.000000e+00
1575 2.455908e-05
1576 2.473878e-05
1577 2.199222e-05
1578 1.706016e-05
1579 1.268913e-05
1580 9.860607e-06
1581 6.102738e-06
1582 3.998763e-06
1583 2.366163e-06
1584 1.419271e-06
1585 0.000000e+00
1586 0.000000e+00
1587 0.000000e+00
1588 0.000000e+00
1589 0.000000e+00
1590 2.067480e-05
1591 2.141480e-05
1592 1.978895e-05
1593 1.587221e-05
1594 1.176450e-05
1595 9.116332e-06
1596 6.154801e-06
1597 3.831681e-06
1598 2.262671e-06
1599 1.373462e-06
1600 0.000000e+00
1601 0.000000e+00
1602 0.000000e+00
1603 0.000000e+00
1604 0.000000e+00
1605 1.747566e-05
1606 1.853222e-05
1607 1.771785e-05
1608 1.473070e-05
1609 1.099999e-05
1610 8.393475e-06
1611 6.122997e-06
1612 3.610086e-06
1613 2.223666e-06
1614 1.333818e-06
1615 0.000000e+00
1616 0.000000e+00
1617 0.000000e+00
1618 0.000000e+00
1619 0.000000e+00
1620 1.472535e-05
1621 1.594145e-05
1622 1.570916e-05
1623 1.354753e-05
1624 1.028817e-05
1625 7.723929e-06
1626 5.910631e-06
1627 3.471484e-06
1628 2.253680e-06
1629 1.329120e-06
1630 7.755606e-07
1631 0.000000e+00
1632 0.000000e+00
1633 0.000000e+00
1634 0.000000e+00
1635 1.221677e-05
1636 1.347853e-05
1637 1.365499e-05
1638 1.221686e-05
1639 9.514072e-06
1640 7.064969e-06
1641 5.502579e-06
1642 3.415727e-06
1643 2.223886e-06
1644 1.290120e-06
1645 7.521150e-07
1646 0.000000e+00
1647 0.000000e+00
1648 0.000000e+00
1649 0.000000e+00
1650 1.340666e-06
1651 1.017943e-06
1652 7.706315e-07
1653 5.460638e-07
1654 3.437260e-07
1655 2.184263e-07
1656 1.363525e-07
1657 0.000000e+00
1658 0.000000e+00
1659 0.000000e+00
1660 0.000000e+00
1661 0.000000e+00
1662 0.000000e+00
1663 0.000000e+00
1664 0.000000e+00
1665 1.223556e-06
1666 9.960397e-07
1667 7.462620e-07
1668 5.717099e-07
1669 3.987330e-07
1670 2.474026e-07
1671 1.546016e-07
1672 9.598089e-08
1673 0.000000e+00
1674 0.000000e+00
1675 0.000000e+00
1676 0.000000e+00
1677 0.000000e+00
1678 0.000000e+00
1679 0.000000e+00
1680 1.089897e-06
1681 9.577005e-07
1682 7.403306e-07
1683 5.543193e-07
1684 4.243701e-07
1685 2.657078e-07
1686 1.717973e-07
1687 1.039990e-07
1688 6.423631e-08
1689 0.000000e+00
1690 0.000000e+00
1691 0.000000e+00
1692 0.000000e+00
1693 0.000000e+00
1694 0.000000e+00
1695 9.699085e-07
1696 9.033119e-07
1697 7.325323e-07
1698 5.458688e-07
1699 4.199835e-07
1700 2.910972e-07
1701 1.793882e-07
1702 1.096651e-07
1703 6.744347e-08
1704 0.000000e+00
1705 0.000000e+00
1706 0.000000e+00
1707 0.000000e+00
1708 0.000000e+00
1709 0.000000e+00
1710 8.662035e-07
1711 8.428075e-07
1712 7.169976e-07
1713 5.424053e-07
1714 4.097695e-07
1715 3.071990e-07
1716 1.837454e-07
1717 1.178724e-07
1718 7.114162e-08
1719 4.338660e-08
1720 0.000000e+00
1721 0.000000e+00
1722 0.000000e+00
1723 0.000000e+00
1724 0.000000e+00
1725 7.758587e-07
1726 7.811745e-07
1727 6.940812e-07
1728 5.392178e-07
1729 4.017747e-07
1730 3.106682e-07
1731 1.938906e-07
1732 1.258570e-07
1733 7.455221e-08
1734 4.487256e-08
1735 0.000000e+00
1736 0.000000e+00
1737 0.000000e+00
1738 0.000000e+00
1739 0.000000e+00
1740 6.954968e-07
1741 7.200678e-07
1742 6.648835e-07
1743 5.336749e-07
1744 3.963455e-07
1745 3.064125e-07
1746 2.070664e-07
1747 1.287346e-07
1748 7.655310e-08
1749 4.627935e-08
1750 0.000000e+00
1751 0.000000e+00
1752 0.000000e+00
1753 0.000000e+00
1754 0.000000e+00
1755 6.229689e-07
1756 6.603931e-07
1757 6.308421e-07
1758 5.245495e-07
1759 3.924023e-07
1760 2.993128e-07
1761 2.176761e-07
1762 1.290910e-07
1763 7.975164e-08
1764 4.782789e-08
1765 0.000000e+00
1766 0.000000e+00
1767 0.000000e+00
1768 0.000000e+00
1769 0.000000e+00
1770 5.562670e-07
1771 6.020127e-07
1772 5.927527e-07
1773 5.110402e-07
1774 3.886334e-07
1775 2.919979e-07
1776 2.226026e-07
1777 1.316245e-07
1778 8.496484e-08
1779 5.007258e-08
1780 2.940017e-08
1781 0.000000e+00
1782 0.000000e+00
1783 0.000000e+00
1784 0.000000e+00
1785 4.932058e-07
1786 5.440020e-07
1787 5.507219e-07
1788 4.924481e-07
1789 3.838663e-07
1790 2.854183e-07
1791 2.216897e-07
1792 1.380983e-07
1793 8.929344e-08
1794 5.186625e-08
1795 3.030240e-08
1796 0.000000e+00
1797 0.000000e+00
1798 0.000000e+00
1799 0.000000e+00
1800 4.698800e-09
1801 3.266393e-09
1802 2.177135e-09
1803 1.413129e-09
1804 9.242428e-10
1805 6.149975e-10
1806 4.188687e-10
1807 2.895480e-10
1808 1.996605e-10
1809 1.346595e-10
1810 8.736121e-11
1811 5.389223e-11
1812 3.144897e-11
1813 1.737944e-11
1814 9.154183e-12
1815 1.162513e-08
1816 8.404689e-09
1817 5.856708e-09
1818 3.881815e-09
1819 2.495314e-09
1820 1.618682e-09
1821 1.066768e-09
1822 7.218239e-10
1823 4.975026e-10
1824 3.431852e-10
1825 2.321308e-10
1826 1.512199e-10
1827 9.371054e-11
1828 5.488174e-11
1829 3.039317e-11
1830 1.818892e-08
1831 1.347885e-08
1832 9.616941e-09
1833 6.588987e-09
1834 4.274873e-09
1835 2.741487e-09
1836 1.775139e-09
1837 1.174865e-09
1838 7.973073e-10
1839 5.488650e-10
1840 3.759071e-10
1841 2.510497e-10
1842 1.608680e-10
1843 9.783943e-11
1844 5.622896e-11
1845 2.489356e-08
1846 1.891120e-08
1847 1.370824e-08
1848 9.598581e-09
1849 6.377212e-09
1850 4.065958e-09
1851 2.614476e-09
1852 1.698951e-09
1853 1.134362e-09
1854 7.736431e-10
1855 5.306739e-10
1856 3.588264e-10
1857 2.348014e-10
1858 1.466956e-10
1859 8.680150e-11
1860 3.188539e-08
1861 2.483756e-08
1862 1.828875e-08
1863 1.298774e-08
1864 8.832319e-09
1865 5.669918e-09
1866 3.619431e-09
1867 2.323314e-09
1868 1.527774e-09
1869 1.029630e-09
1870 7.035227e-10
1871 4.782524e-10
1872 3.172635e-10
1873 2.022052e-10
1874 1.225212e-10
1875 3.940344e-08
1876 3.148336e-08
1877 2.359467e-08
1878 1.695182e-08
1879 1.174229e-08
1880 7.669078e-09
1881 4.857053e-09
1882 3.101860e-09
1883 2.009985e-09
1884 1.335791e-09
1885 9.055314e-10
1886 6.158695e-10
1887 4.121147e-10
1888 2.667241e-10
1889 1.648900e-10
1890 4.773410e-08
1891 3.913051e-08
1892 2.993009e-08
1893 2.176810e-08
1894 1.529195e-08
1895 1.020262e-08
1896 6.457207e-09
1897 4.109388e-09
1898 2.624536e-09
1899 1.719756e-09
1900 1.153119e-09
1901 7.813201e-10
1902 5.251656e-10
1903 3.438828e-10
1904 2.162782e-10
1905 5.734601e-08
1906 4.826395e-08
1907 3.779793e-08
1908 2.790788e-08
1909 1.984009e-08
1910 1.351782e-08
1911 8.650555e-09
1912 5.464004e-09
1913 3.456696e-09
1914 2.231485e-09
1915 1.475365e-09
1916 9.917083e-10
1917 6.667205e-10
1918 4.401406e-10
1919 2.809136e-10
1920 6.959988e-08
1921 6.031846e-08
1922 4.861159e-08
1923 3.666442e-08
1924 2.641261e-08
1925 1.834579e-08
1926 1.201743e-08
1927 7.538992e-09
1928 4.752284e-09
1929 3.014015e-09
1930 1.955912e-09
1931 1.296525e-09
1932 8.668631e-10
1933 5.744824e-10
1934 3.711584e-10
1935 9.148341e-08
1936 8.280110e-08
1937 6.993029e-08
1938 5.501527e-08
1939 4.077468e-08
1940 2.900189e-08
1941 1.974714e-08
1942 1.264270e-08
1943 7.897759e-09
1944 4.919164e-09
1945 3.097760e-09
1946 1.990471e-09
1947 1.301367e-09
1948 8.549303e-10
1949 5.555817e-10
1950 2.108739e-07
1951 2.159145e-07
1952 2.101627e-07
1953 1.926274e-07
1954 1.648446e-07
1955 1.311314e-07
1956 9.772517e-08
1957 6.956312e-08
1958 4.748423e-08
1959 3.015366e-08
1960 1.823331e-08
1961 1.084083e-08
1962 6.363544e-09
1963 3.732367e-09
1964 2.209096e-09
