0 3.186575e-09
1 2.336913e-09
2 1.667049e-09
3 1.168113e-09
4 8.105902e-10
5 5.597077e-10
6 3.830581e-10
7 2.564367e-10
8 1.684203e-10
9 1.086157e-10
10 6.838028e-11
11 4.201026e-11
12 2.522959e-11
13 1.486521e-11
14 8.620516e-12
15 4.208903e-09
16 2.999447e-09
17 2.065613e-09
18 1.389661e-09
19 9.298523e-10
20 6.269182e-10
21 4.261616e-10
22 2.897437e-10
23 1.955030e-10
24 1.296939e-10
25 8.351656e-11
26 5.180108e-11
27 3.084675e-11
28 1.765385e-11
29 9.764194e-12
30 5.076575e-09
31 3.641692e-09
32 2.520052e-09
33 1.699883e-09
34 1.128958e-09
35 7.522530e-10
36 5.064008e-10
37 3.427338e-10
38 2.317840e-10
39 1.550244e-10
40 1.011385e-10
41 6.372719e-11
42 3.855933e-11
43 2.236431e-11
44 1.246622e-11
45 5.609257e-09
46 4.024542e-09
47 2.773465e-09
48 1.864251e-09
49 1.231601e-09
50 8.078284e-10
51 5.383983e-10
52 3.629026e-10
53 2.463049e-10
54 1.660604e-10
55 1.095579e-10
56 6.986860e-11
57 4.272622e-11
58 2.497359e-11
59 1.395013e-11
60 6.299679e-09
61 4.583486e-09
62 3.190912e-09
63 2.163752e-09
64 1.442990e-09
65 9.441916e-10
66 6.242129e-10
67 4.170135e-10
68 2.812203e-10
69 1.892459e-10
70 1.253314e-10
71 8.069675e-11
72 5.005675e-11
73 2.977346e-11
74 1.694991e-11
75 7.015868e-09
76 5.191229e-09
77 3.663704e-09
78 2.509756e-09
79 1.692602e-09
80 1.113906e-09
81 7.301563e-10
82 4.843435e-10
83 3.236698e-10
84 2.165848e-10
85 1.434835e-10
86 9.298260e-11
87 5.838457e-11
88 3.531649e-11
89 2.051086e-11
90 7.753399e-09
91 5.840639e-09
92 4.186389e-09
93 2.899994e-09
94 1.976206e-09
95 1.313733e-09
96 8.566138e-10
97 5.645339e-10
98 3.733046e-10
99 2.480806e-10
100 1.639663e-10
101 1.066442e-10
102 6.761756e-11
103 4.151237e-11
104 2.456284e-11
105 8.544266e-09
106 6.561172e-09
107 4.788633e-09
108 3.361024e-09
109 2.313742e-09
110 1.556486e-09
111 1.016235e-09
112 6.639460e-10
113 4.348603e-10
114 2.864670e-10
115 1.884052e-10
116 1.226646e-10
117 7.834170e-11
118 4.871738e-11
119 2.932745e-11
120 9.473302e-09
121 7.436295e-09
122 5.546625e-09
123 3.960580e-09
124 2.758500e-09
125 1.879459e-09
126 1.238177e-09
127 8.014066e-10
128 5.210237e-10
129 3.391281e-10
130 2.212031e-10
131 1.436598e-10
132 9.215964e-11
133 5.793638e-11
134 3.544695e-11
135 1.058727e-08
136 8.556913e-09
137 6.585722e-09
138 4.834383e-09
139 3.431707e-09
140 2.376153e-09
141 1.594566e-09
142 1.031805e-09
143 6.633668e-10
144 4.251383e-10
145 2.731925e-10
146 1.756986e-10
147 1.125257e-10
148 7.125405e-11
149 4.426927e-11
150 6.291321e-09
151 4.477073e-09
152 3.061786e-09
153 2.014898e-09
154 1.318644e-09
155 8.722092e-10
156 5.876165e-10
157 4.018891e-10
158 2.758628e-10
159 1.871104e-10
160 1.231696e-10
161 7.770723e-11
162 4.663215e-11
163 2.658554e-11
164 1.446367e-11
165 7.755332e-09
166 5.564113e-09
167 3.841964e-09
168 2.541563e-09
169 1.653844e-09
170 1.085161e-09
171 7.244063e-10
172 4.927148e-10
173 3.382555e-10
174 2.308128e-10
175 1.536174e-10
176 9.829419e-11
177 5.988862e-11
178 3.462367e-11
179 1.904233e-11
180 8.593181e-09
181 6.180858e-09
182 4.276250e-09
183 2.832600e-09
184 1.837204e-09
185 1.197427e-09
186 7.944938e-10
187 5.385816e-10
188 3.700566e-10
189 2.534708e-10
190 1.698189e-10
191 1.094971e-10
192 6.723318e-11
193 3.912908e-11
194 2.161213e-11
195 9.393486e-09
196 6.798607e-09
197 4.729184e-09
198 3.147646e-09
199 2.047298e-09
200 1.332079e-09
201 8.799255e-10
202 5.939105e-10
203 4.069784e-10
204 2.787547e-10
205 1.872442e-10
206 1.213720e-10
207 7.506570e-11
208 4.405958e-11
209 2.455322e-11
210 1.011297e-08
211 7.369856e-09
212 5.157838e-09
213 3.450044e-09
214 2.253943e-09
215 1.468617e-09
216 9.661433e-10
217 6.496832e-10
218 4.434267e-10
219 3.031650e-10
220 2.038377e-10
221 1.326127e-10
222 8.251342e-11
223 4.881768e-11
224 2.745866e-11
225 1.078151e-08
226 7.915302e-09
227 5.577522e-09
228 3.752067e-09
229 2.462357e-09
230 1.610502e-09
231 1.056379e-09
232 7.076677e-10
233 4.806914e-10
234 3.276856e-10
235 2.202433e-10
236 1.436356e-10
237 8.982754e-11
238 5.354135e-11
239 3.039989e-11
240 1.144109e-08
241 8.469267e-09
242 6.016476e-09
243 4.074888e-09
244 2.688610e-09
245 1.767805e-09
246 1.159151e-09
247 7.727712e-10
248 5.222645e-10
249 3.544883e-10
250 2.378296e-10
251 1.552970e-10
252 9.753891e-11
253 5.855727e-11
254 3.357295e-11
255 1.216306e-08
256 9.093855e-09
257 6.528731e-09
258 4.463463e-09
259 2.965535e-09
260 1.963379e-09
261 1.291697e-09
262 8.560975e-10
263 5.754517e-10
264 3.881316e-10
265 2.593882e-10
266 1.693164e-10
267 1.067123e-10
268 6.452496e-11
269 3.739083e-11
270 1.286353e-08
271 9.759787e-09
272 7.123614e-09
273 4.951607e-09
274 3.334402e-09
275 2.231492e-09
276 1.482353e-09
277 9.799133e-10
278 6.525508e-10
279 4.353587e-10
280 2.883958e-10
281 1.874008e-10
282 1.182317e-10
283 7.198735e-11
284 4.224800e-11
285 1.003902e-08
286 7.279981e-09
287 5.091583e-09
288 3.407502e-09
289 2.206760e-09
290 1.436780e-09
291 9.477768e-10
292 6.389513e-10
293 4.374821e-10
294 2.999539e-10
295 2.019729e-10
296 1.313808e-10
297 8.157006e-11
298 4.804070e-11
299 2.683670e-11
300 1.146149e-08
301 8.355352e-09
302 5.869987e-09
303 3.951599e-09
304 2.557634e-09
305 1.655014e-09
306 1.084492e-09
307 7.270891e-10
308 4.969657e-10
309 3.414768e-10
310 2.313099e-10
311 1.517531e-10
312 9.514823e-11
313 5.658634e-11
314 3.187274e-11
315 1.274379e-08
316 9.349601e-09
317 6.603901e-09
318 4.473165e-09
319 2.904790e-09
320 1.875388e-09
321 1.223874e-09
322 8.165075e-10
323 5.562057e-10
324 3.819659e-10
325 2.594145e-10
326 1.711072e-10
327 1.080879e-10
328 6.483278e-11
329 3.683275e-11
330 1.384276e-08
331 1.021538e-08
332 7.251129e-09
333 4.936361e-09
334 3.216920e-09
335 2.077375e-09
336 1.351290e-09
337 8.982758e-10
338 6.098721e-10
339 4.181257e-10
340 2.842886e-10
341 1.881726e-10
342 1.195092e-10
343 7.216309e-11
344 4.129840e-11
345 1.481905e-08
346 1.099738e-08
347 7.844365e-09
348 5.364717e-09
349 3.508299e-09
350 2.269672e-09
351 1.473030e-09
352 9.763109e-10
353 6.604227e-10
354 4.518570e-10
355 3.072379e-10
356 2.038187e-10
357 1.299715e-10
358 7.891707e-11
359 4.546113e-11
360 1.574261e-08
361 1.175090e-08
362 8.427884e-09
363 5.792179e-09
364 3.802163e-09
365 2.467206e-09
366 1.600672e-09
367 1.057212e-09
368 7.124880e-10
369 4.861447e-10
370 3.302187e-10
371 2.193303e-10
372 1.403241e-10
373 8.563256e-11
374 4.964715e-11
375 1.671334e-08
376 1.256123e-08
377 9.070625e-09
378 6.273327e-09
379 4.138163e-09
380 2.696541e-09
381 1.753217e-09
382 1.153292e-09
383 7.743610e-10
384 5.260684e-10
385 3.564511e-10
386 2.367554e-10
387 1.518527e-10
388 9.311376e-11
389 5.435497e-11
390 1.756582e-08
391 1.333040e-08
392 9.729582e-09
393 6.801969e-09
394 4.528001e-09
395 2.972854e-09
396 1.945841e-09
397 1.278004e-09
398 8.525004e-10
399 5.747832e-10
400 3.870437e-10
401 2.562538e-10
402 1.644498e-10
403 1.012824e-10
404 5.959564e-11
405 1.343298e-08
406 9.881885e-09
407 6.995852e-09
408 4.758920e-09
409 3.093329e-09
410 1.991945e-09
411 1.298069e-09
412 8.637800e-10
413 5.873604e-10
414 4.032951e-10
415 2.743792e-10
416 1.815620e-10
417 1.151555e-10
418 6.938138e-11
419 3.957722e-11
420 1.520958e-08
421 1.128018e-08
422 8.035055e-09
423 5.508527e-09
424 3.601439e-09
425 2.312408e-09
426 1.501280e-09
427 9.927499e-10
428 6.718570e-10
429 4.605963e-10
430 3.140606e-10
431 2.090155e-10
432 1.336899e-10
433 8.134951e-11
434 4.688589e-11
435 1.666953e-08
436 1.243357e-08
437 8.894249e-09
438 6.128833e-09
439 4.024258e-09
440 2.579500e-09
441 1.670725e-09
442 1.100189e-09
443 7.420870e-10
444 5.080617e-10
445 3.468723e-10
446 2.317032e-10
447 1.490124e-10
448 9.126491e-11
449 5.295821e-11
450 1.790342e-08
451 1.340931e-08
452 9.623100e-09
453 6.655588e-09
454 4.383081e-09
455 2.807189e-09
456 1.815184e-09
457 1.191762e-09
458 8.019427e-10
459 5.483656e-10
460 3.747024e-10
461 2.509482e-10
462 1.619906e-10
463 9.966815e-11
464 5.811044e-11
465 1.900713e-08
466 1.428541e-08
467 1.027767e-08
468 7.129697e-09
469 4.706153e-09
470 3.012767e-09
471 1.945842e-09
472 1.274680e-09
473 8.559238e-10
474 5.847288e-10
475 3.997608e-10
476 2.682191e-10
477 1.736628e-10
478 1.072261e-10
479 6.275193e-11
480 2.009950e-08
481 1.515461e-08
482 1.093048e-08
483 7.603128e-09
484 5.029583e-09
485 3.219020e-09
486 2.077718e-09
487 1.358169e-09
488 9.103253e-10
489 6.212541e-10
490 4.248884e-10
491 2.855197e-10
492 1.853305e-10
493 1.147835e-10
494 6.739722e-11
495 2.090444e-08
496 1.581245e-08
497 1.143542e-08
498 7.979124e-09
499 5.292413e-09
500 3.388457e-09
501 2.187249e-09
502 1.427237e-09
503 9.546507e-10
504 6.505295e-10
505 4.446898e-10
506 2.990774e-10
507 1.945054e-10
508 1.208008e-10
509 7.116789e-11
510 1.763890e-08
511 1.323556e-08
512 9.505481e-09
513 6.579623e-09
514 4.345676e-09
515 2.784565e-09
516 1.800636e-09
517 1.181006e-09
518 7.934409e-10
519 5.418379e-10
520 3.699203e-10
521 2.477004e-10
522 1.600271e-10
523 9.861338e-11
524 5.762292e-11
525 1.971775e-08
526 1.492675e-08
527 1.078520e-08
528 7.513072e-09
529 4.999354e-09
530 3.203978e-09
531 2.065457e-09
532 1.346973e-09
533 9.003720e-10
534 6.128986e-10
535 4.185374e-10
536 2.813093e-10
537 1.829464e-10
538 1.137044e-10
539 6.707440e-11
540 2.147460e-08
541 1.635806e-08
542 1.186880e-08
543 8.304139e-09
544 5.553952e-09
545 3.560192e-09
546 2.289978e-09
547 1.488029e-09
548 9.909562e-10
549 6.731040e-10
550 4.597059e-10
551 3.097602e-10
552 2.023499e-10
553 1.264879e-10
554 7.508737e-11
555 2.303642e-08
556 1.763028e-08
557 1.283292e-08
558 9.007915e-09
559 6.046703e-09
560 3.876998e-09
561 2.490000e-09
562 1.613535e-09
563 1.071579e-09
564 7.266042e-10
565 4.962925e-10
566 3.350404e-10
567 2.196078e-10
568 1.378575e-10
569 8.220719e-11
570 2.457016e-08
571 1.887919e-08
572 1.377858e-08
573 9.697967e-09
574 6.529973e-09
575 4.187520e-09
576 2.685410e-09
577 1.736452e-09
578 1.150632e-09
579 7.791002e-10
580 5.322021e-10
581 3.598677e-10
582 2.365232e-10
583 1.489914e-10
584 8.919187e-11
585 2.574832e-08
586 1.985781e-08
587 1.452776e-08
588 1.025053e-08
589 6.923405e-09
590 4.441534e-09
591 2.844612e-09
592 1.835628e-09
593 1.213701e-09
594 8.205936e-10
595 5.604741e-10
596 3.794803e-10
597 2.500279e-10
598 1.580078e-10
599 9.492981e-11
600 2.249882e-08
601 1.724955e-08
602 1.257224e-08
603 8.827101e-09
604 5.936107e-09
605 3.818182e-09
606 2.450592e-09
607 1.588331e-09
608 1.053412e-09
609 7.131093e-10
610 4.863284e-10
611 3.280027e-10
612 2.149348e-10
613 1.350161e-10
614 8.065006e-11
615 2.493277e-08
616 1.929820e-08
617 1.415901e-08
618 9.996633e-09
619 6.772830e-09
620 4.372679e-09
621 2.796967e-09
622 1.806022e-09
623 1.191048e-09
624 8.026854e-10
625 5.466539e-10
626 3.694347e-10
627 2.433119e-10
628 1.539653e-10
629 9.276903e-11
630 2.710111e-08
631 2.112556e-08
632 1.557505e-08
633 1.104045e-08
634 7.518983e-09
635 4.867540e-09
636 3.106291e-09
637 2.000628e-09
638 1.313938e-09
639 8.826712e-10
640 6.004961e-10
641 4.064119e-10
642 2.686364e-10
643 1.708786e-10
644 1.035909e-10
645 2.923109e-08
646 2.291895e-08
647 1.696446e-08
648 1.206451e-08
649 8.250985e-09
650 5.353238e-09
651 3.409527e-09
652 2.191420e-09
653 1.434542e-09
654 9.611977e-10
655 6.533185e-10
656 4.426908e-10
657 2.934836e-10
658 1.874726e-10
659 1.142077e-10
660 3.097174e-08
661 2.441670e-08
662 1.814022e-08
663 1.293888e-08
664 8.884201e-09
665 5.776942e-09
666 3.673534e-09
667 2.356561e-09
668 1.537823e-09
669 1.027688e-09
670 6.978285e-10
671 4.732727e-10
672 3.145866e-10
673 2.017274e-10
674 1.234458e-10
675 2.813319e-08
676 2.206840e-08
677 1.635101e-08
678 1.162766e-08
679 7.952421e-09
680 5.175688e-09
681 3.298710e-09
682 2.122100e-09
683 1.388211e-09
684 9.291620e-10
685 6.305617e-10
686 4.265953e-10
687 2.824748e-10
688 1.803345e-10
689 1.098829e-10
690 3.107261e-08
691 2.462729e-08
692 1.838800e-08
693 1.314895e-08
694 9.054265e-09
695 5.930670e-09
696 3.772856e-09
697 2.420467e-09
698 1.573862e-09
699 1.047801e-09
700 7.089629e-10
701 4.798175e-10
702 3.188864e-10
703 2.048674e-10
704 1.258472e-10
705 3.395885e-08
706 2.713987e-08
707 2.038861e-08
708 1.464280e-08
709 1.013577e-08
710 6.671666e-09
711 4.238208e-09
712 2.713214e-09
713 1.755962e-09
714 1.164147e-09
715 7.859123e-10
716 5.320732e-10
717 3.546365e-10
718 2.289555e-10
719 1.415225e-10
720 3.644919e-08
721 2.935709e-08
722 2.218109e-08
723 1.599240e-08
724 1.112358e-08
725 7.356482e-09
726 4.667554e-09
727 2.982661e-09
728 1.922135e-09
729 1.269218e-09
730 8.548479e-10
731 5.787656e-10
732 3.867146e-10
733 2.507643e-10
734 1.558785e-10
735 3.493008e-08
736 2.808352e-08
737 2.121360e-08
738 1.528950e-08
739 1.061668e-08
740 7.027384e-09
741 4.472732e-09
742 2.858566e-09
743 1.844281e-09
744 1.218178e-09
745 8.197261e-10
746 5.540439e-10
747 3.694271e-10
748 2.390659e-10
749 1.483667e-10
750 3.881383e-08
751 3.158218e-08
752 2.409211e-08
753 1.747754e-08
754 1.221718e-08
755 8.154231e-09
756 5.196835e-09
757 3.310857e-09
758 2.124084e-09
759 1.393906e-09
760 9.334503e-10
761 6.299608e-10
762 4.209888e-10
763 2.739328e-10
764 1.713571e-10
765 4.234336e-08
766 3.483272e-08
767 2.680602e-08
768 1.956158e-08
769 1.375407e-08
770 9.249273e-09
771 5.903655e-09
772 3.750280e-09
773 2.394161e-09
774 1.562102e-09
775 1.041296e-09
776 7.016318e-10
777 4.697290e-10
778 3.071077e-10
779 1.934473e-10
780 4.403135e-08
781 3.643178e-08
782 2.820805e-08
783 2.068524e-08
784 1.458293e-08
785 9.851087e-09
786 6.324248e-09
787 4.008515e-09
788 2.556913e-09
789 1.661627e-09
790 1.102975e-09
791 7.409531e-10
792 4.955019e-10
793 3.242517e-10
794 2.048169e-10
795 4.914723e-08
796 4.132315e-08
797 3.245927e-08
798 2.405127e-08
799 1.709279e-08
800 1.167246e-08
801 7.554612e-09
802 4.768801e-09
803 3.028390e-09
804 1.949685e-09
805 1.282937e-09
806 8.573546e-10
807 5.731622e-10
808 3.767593e-10
809 2.399891e-10
810 5.698389e-08
811 4.913701e-08
812 3.958626e-08
813 2.993955e-08
814 2.158076e-08
815 1.497078e-08
816 9.882191e-09
817 6.244898e-09
818 3.942293e-09
819 2.501026e-09
820 1.619191e-09
821 1.067686e-09
822 7.091816e-10
823 4.669448e-10
824 3.001888e-10
825 0.000000e+00
826 0.000000e+00
827 0.000000e+00
828 0.000000e+00
829 0.000000e+00
830 0.000000e+00
831 0.000000e+00
832 0.000000e+00
833 0.000000e+00
834 0.000000e+00
835 0.000000e+00
836 0.000000e+00
837 0.000000e+00
838 0.000000e+00
839 0.000000e+00
840 0.000000e+00
841 0.000000e+00
842 0.000000e+00
843 0.000000e+00
844 0.000000e+00
845 0.000000e+00
846 0.000000e+00
847 0.000000e+00
848 0.000000e+00
849 0.000000e+00
850 0.000000e+00
851 0.000000e+00
852 0.000000e+00
853 0.000000e+00
854 0.000000e+00
855 0.000000e+00
856 0.000000e+00
857 0.000000e+00
858 0.000000e+00
859 0.000000e+00
860 0.000000e+00
861 0.000000e+00
862 0.000000e+00
863 0.000000e+00
864 0.000000e+00
865 0.000000e+00
866 0.000000e+00
867 0.000000e+00
868 0.000000e+00
869 0.000000e+00
870 0.000000e+00
871 0.000000e+00
872 0.000000e+00
873 0.000000e+00
874 0.000000e+00
875 0.000000e+00
876 0.000000e+00
877 0.000000e+00
878 0.000000e+00
879 0.000000e+00
880 0.000000e+00
881 0.000000e+00
882 0.000000e+00
883 0.000000e+00
884 0.000000e+00
885 0.000000e+00
886 0.000000e+00
887 0.000000e+00
888 0.000000e+00
889 0.000000e+00
890 0.000000e+00
891 0.000000e+00
892 0.000000e+00
893 0.000000e+00
894 0.000000e+00
895 0.000000e+00
896 0.000000e+00
897 0.000000e+00
898 0.000000e+00
899 0.000000e+00
900 0.000000e+00
901 0.000000e+00
902 0.000000e+00
903 0.000000e+00
904 0.000000e+00
905 0.000000e+00
906 0.000000e+00
907 0.000000e+00
908 0.000000e+00
909 0.000000e+00
910 0.000000e+00
911 0.000000e+00
912 0.000000e+00
913 0.000000e+00
914 0.000000e+00
915 0.000000e+00
916 0.000000e+00
917 0.000000e+00
918 0.000000e+00
919 0.000000e+00
920 0.000000e+00
921 0.000000e+00
922 0.000000e+00
923 0.000000e+00
924 0.000000e+00
925 0.000000e+00
926 0.000000e+00
927 0.000000e+00
928 0.000000e+00
929 0.000000e+00
930 0.000000e+00
931 0.000000e+00
932 0.000000e+00
933 0.000000e+00
934 0.000000e+00
935 0.000000e+00
936 0.000000e+00
937 0.000000e+00
938 0.000000e+00
939 0.000000e+00
940 0.000000e+00
941 0.000000e+00
942 0.000000e+00
943 0.000000e+00
944 0.000000e+00
945 0.000000e+00
946 0.000000e+00
947 0.000000e+00
948 0.000000e+00
949 0.000000e+00
950 0.000000e+00
951 0.000000e+00
952 0.000000e+00
953 0.000000e+00
954 0.000000e+00
955 0.000000e+00
956 0.000000e+00
957 0.000000e+00
958 0.000000e+00
959 0.000000e+00
960 3.163454e-07
961 2.448646e-07
962 1.847261e-07
963 1.363618e-07
964 8.786018e-08
965 5.580731e-08
966 3.464811e-08
967 2.192463e-08
968 0.000000e+00
969 0.000000e+00
970 0.000000e+00
971 0.000000e+00
972 0.000000e+00
973 0.000000e+00
974 0.000000e+00
975 4.441063e-07
976 3.463416e-07
977 2.610234e-07
978 1.940223e-07
979 1.265428e-07
980 8.008747e-08
981 4.976483e-08
982 3.138422e-08
983 0.000000e+00
984 0.000000e+00
985 0.000000e+00
986 0.000000e+00
987 0.000000e+00
988 0.000000e+00
989 0.000000e+00
990 5.590797e-07
991 4.386392e-07
992 3.306105e-07
993 2.465658e-07
994 1.623809e-07
995 1.025533e-07
996 6.382560e-08
997 4.014407e-08
998 0.000000e+00
999 0.000000e+00
1000 0.000000e+00
1001 0.000000e+00
1002 0.000000e+00
1003 0.000000e+00
1004 0.000000e+00
1005 6.525861e-07
1006 5.138252e-07
1007 3.873459e-07
1008 2.893946e-07
1009 1.916428e-07
1010 1.209213e-07
1011 7.532781e-08
1012 4.730270e-08
1013 0.000000e+00
1014 0.000000e+00
1015 0.000000e+00
1016 0.000000e+00
1017 0.000000e+00
1018 0.000000e+00
1019 0.000000e+00
1020 7.310831e-07
1021 5.769434e-07
1022 4.349769e-07
1023 3.253514e-07
1024 2.162079e-07
1025 1.363577e-07
1026 8.497968e-08
1027 5.331306e-08
1028 0.000000e+00
1029 0.000000e+00
1030 0.000000e+00
1031 0.000000e+00
1032 0.000000e+00
1033 0.000000e+00
1034 0.000000e+00
1035 8.009327e-07
1036 6.331071e-07
1037 4.773592e-07
1038 3.573460e-07
1039 2.380650e-07
1040 1.500810e-07
1041 9.356739e-08
1042 5.866107e-08
1043 0.000000e+00
1044 0.000000e+00
1045 0.000000e+00
1046 0.000000e+00
1047 0.000000e+00
1048 0.000000e+00
1049 0.000000e+00
1050 8.695512e-07
1051 6.882811e-07
1052 5.189949e-07
1053 3.887771e-07
1054 2.595292e-07
1055 1.635626e-07
1056 1.020005e-07
1057 6.391479e-08
1058 0.000000e+00
1059 0.000000e+00
1060 0.000000e+00
1061 0.000000e+00
1062 0.000000e+00
1063 0.000000e+00
1064 0.000000e+00
1065 9.241798e-07
1066 7.324896e-07
1067 5.523716e-07
1068 4.140337e-07
1069 2.769452e-07
1070 1.744819e-07
1071 1.088488e-07
1072 6.816498e-08
1073 0.000000e+00
1074 0.000000e+00
1075 0.000000e+00
1076 0.000000e+00
1077 0.000000e+00
1078 0.000000e+00
1079 0.000000e+00
1080 2.115895e-07
1081 1.761212e-07
1082 1.331717e-07
1083 1.011695e-07
1084 7.292301e-08
1085 4.509039e-08
1086 2.859817e-08
1087 1.760719e-08
1088 1.108338e-08
1089 0.000000e+00
1090 0.000000e+00
1091 0.000000e+00
1092 0.000000e+00
1093 0.000000e+00
1094 0.000000e+00
1095 3.321304e-07
1096 2.802621e-07
1097 2.132705e-07
1098 1.614640e-07
1099 1.181266e-07
1100 7.347449e-08
1101 4.674396e-08
1102 2.866230e-08
1103 1.795855e-08
1104 0.000000e+00
1105 0.000000e+00
1106 0.000000e+00
1107 0.000000e+00
1108 0.000000e+00
1109 0.000000e+00
1110 4.395228e-07
1111 3.738413e-07
1112 2.857331e-07
1113 2.159516e-07
1114 1.590887e-07
1115 9.955557e-08
1116 6.332392e-08
1117 3.877680e-08
1118 2.423851e-08
1119 0.000000e+00
1120 0.000000e+00
1121 0.000000e+00
1122 0.000000e+00
1123 0.000000e+00
1124 0.000000e+00
1125 5.304778e-07
1126 4.532035e-07
1127 3.472712e-07
1128 2.622434e-07
1129 1.938842e-07
1130 1.217756e-07
1131 7.743000e-08
1132 4.738896e-08
1133 2.958296e-08
1134 0.000000e+00
1135 0.000000e+00
1136 0.000000e+00
1137 0.000000e+00
1138 0.000000e+00
1139 0.000000e+00
1140 6.113672e-07
1141 5.237847e-07
1142 4.020022e-07
1143 3.033979e-07
1144 2.248182e-07
1145 1.415170e-07
1146 8.997125e-08
1147 5.504442e-08
1148 3.433506e-08
1149 0.000000e+00
1150 0.000000e+00
1151 0.000000e+00
1152 0.000000e+00
1153 0.000000e+00
1154 0.000000e+00
1155 6.908149e-07
1156 5.931037e-07
1157 4.557517e-07
1158 3.438084e-07
1159 2.552042e-07
1160 1.609151e-07
1161 1.022900e-07
1162 6.256574e-08
1163 3.900283e-08
1164 0.000000e+00
1165 0.000000e+00
1166 0.000000e+00
1167 0.000000e+00
1168 0.000000e+00
1169 0.000000e+00
1170 7.627067e-07
1171 6.560984e-07
1172 5.047302e-07
1173 3.806313e-07
1174 2.829678e-07
1175 1.787159e-07
1176 1.135901e-07
1177 6.946296e-08
1178 4.327649e-08
1179 0.000000e+00
1180 0.000000e+00
1181 0.000000e+00
1182 0.000000e+00
1183 0.000000e+00
1184 0.000000e+00
1185 1.655636e-07
1186 1.486703e-07
1187 1.171458e-07
1188 8.750324e-08
1189 6.713435e-08
1190 4.386025e-08
1191 2.778442e-08
1192 1.686402e-08
1193 1.040390e-08
1194 0.000000e+00
1195 0.000000e+00
1196 0.000000e+00
1197 0.000000e+00
1198 0.000000e+00
1199 0.000000e+00
1200 2.741815e-07
1201 2.493521e-07
1202 1.987304e-07
1203 1.484786e-07
1204 1.138778e-07
1205 7.614554e-08
1206 4.771689e-08
1207 2.914321e-08
1208 1.793057e-08
1209 0.000000e+00
1210 0.000000e+00
1211 0.000000e+00
1212 0.000000e+00
1213 0.000000e+00
1214 0.000000e+00
1215 3.739523e-07
1216 3.423967e-07
1217 2.746679e-07
1218 2.053851e-07
1219 1.573892e-07
1220 1.065458e-07
1221 6.643856e-08
1222 4.074939e-08
1223 2.502730e-08
1224 0.000000e+00
1225 0.000000e+00
1226 0.000000e+00
1227 0.000000e+00
1228 0.000000e+00
1229 0.000000e+00
1230 4.631671e-07
1231 4.256612e-07
1232 3.426940e-07
1233 2.563945e-07
1234 1.963787e-07
1235 1.338149e-07
1236 8.324703e-08
1237 5.117304e-08
1238 3.139648e-08
1239 0.000000e+00
1240 0.000000e+00
1241 0.000000e+00
1242 0.000000e+00
1243 0.000000e+00
1244 0.000000e+00
1245 5.507131e-07
1246 5.073623e-07
1247 4.094376e-07
1248 3.064414e-07
1249 2.346337e-07
1250 1.605665e-07
1251 9.973757e-08
1252 6.139972e-08
1253 3.764763e-08
1254 0.000000e+00
1255 0.000000e+00
1256 0.000000e+00
1257 0.000000e+00
1258 0.000000e+00
1259 0.000000e+00
1260 6.366747e-07
1261 5.878049e-07
1262 4.753229e-07
1263 3.558644e-07
1264 2.723976e-07
1265 1.870936e-07
1266 1.160636e-07
1267 7.153827e-08
1268 4.383939e-08
1269 0.000000e+00
1270 0.000000e+00
1271 0.000000e+00
1272 0.000000e+00
1273 0.000000e+00
1274 0.000000e+00
1275 1.352696e-07
1276 1.291665e-07
1277 1.078046e-07
1278 8.106004e-08
1279 6.167601e-08
1280 4.487768e-08
1281 2.713334e-08
1282 1.709522e-08
1283 1.038957e-08
1284 6.395072e-09
1285 0.000000e+00
1286 0.000000e+00
1287 0.000000e+00
1288 0.000000e+00
1289 0.000000e+00
1290 2.318878e-07
1291 2.237133e-07
1292 1.890140e-07
1293 1.429619e-07
1294 1.082965e-07
1295 7.995128e-08
1296 4.849339e-08
1297 3.078658e-08
1298 1.861555e-08
1299 1.140026e-08
1300 0.000000e+00
1301 0.000000e+00
1302 0.000000e+00
1303 0.000000e+00
1304 0.000000e+00
1305 3.244000e-07
1306 3.146263e-07
1307 2.675740e-07
1308 2.031008e-07
1309 1.535324e-07
1310 1.140550e-07
1311 6.945440e-08
1312 4.419356e-08
1313 2.666122e-08
1314 1.629031e-08
1315 0.000000e+00
1316 0.000000e+00
1317 0.000000e+00
1318 0.000000e+00
1319 0.000000e+00
1320 4.152476e-07
1321 4.039536e-07
1322 3.447409e-07
1323 2.621979e-07
1324 1.979840e-07
1325 1.475750e-07
1326 9.007928e-08
1327 5.737875e-08
1328 3.457288e-08
1329 2.109979e-08
1330 0.000000e+00
1331 0.000000e+00
1332 0.000000e+00
1333 0.000000e+00
1334 0.000000e+00
1335 5.097106e-07
1336 4.968954e-07
1337 4.252049e-07
1338 3.238783e-07
1339 2.443534e-07
1340 1.825988e-07
1341 1.116511e-07
1342 7.117331e-08
1343 4.284772e-08
1344 2.612701e-08
1345 0.000000e+00
1346 0.000000e+00
1347 0.000000e+00
1348 0.000000e+00
1349 0.000000e+00
1350 1.139556e-07
1351 1.142724e-07
1352 1.011623e-07
1353 7.850396e-08
1354 5.859419e-08
1355 4.508652e-08
1356 2.819925e-08
1357 1.815252e-08
1358 1.079524e-08
1359 6.520003e-09
1360 0.000000e+00
1361 0.000000e+00
1362 0.000000e+00
1363 0.000000e+00
1364 0.000000e+00
1365 2.035934e-07
1366 2.058489e-07
1367 1.843098e-07
1368 1.443772e-07
1369 1.076160e-07
1370 8.292419e-08
1371 5.301685e-08
1372 3.378129e-08
1373 2.010557e-08
1374 1.214015e-08
1375 0.000000e+00
1376 0.000000e+00
1377 0.000000e+00
1378 0.000000e+00
1379 0.000000e+00
1380 2.960100e-07
1381 3.004962e-07
1382 2.705667e-07
1383 2.129881e-07
1384 1.587069e-07
1385 1.223122e-07
1386 7.907538e-08
1387 5.011120e-08
1388 2.987116e-08
1389 1.803002e-08
1390 0.000000e+00
1391 0.000000e+00
1392 0.000000e+00
1393 0.000000e+00
1394 0.000000e+00
1395 3.961133e-07
1396 4.031120e-07
1397 3.641961e-07
1398 2.875375e-07
1399 2.142233e-07
1400 1.651112e-07
1401 1.074520e-07
1402 6.787506e-08
1403 4.050124e-08
1404 2.444021e-08
1405 0.000000e+00
1406 0.000000e+00
1407 0.000000e+00
1408 0.000000e+00
1409 0.000000e+00
1410 1.001490e-07
1411 1.045744e-07
1412 9.784734e-08
1413 7.966510e-08
1414 5.933102e-08
1415 4.561262e-08
1416 3.177415e-08
1417 1.935178e-08
1418 1.170285e-08
1419 7.047061e-09
1420 0.000000e+00
1421 0.000000e+00
1422 0.000000e+00
1423 0.000000e+00
1424 0.000000e+00
1425 1.907467e-07
1426 2.004889e-07
1427 1.894018e-07
1428 1.558578e-07
1429 1.164449e-07
1430 8.914484e-08
1431 6.331748e-08
1432 3.822579e-08
1433 2.340334e-08
1434 1.404338e-08
1435 0.000000e+00
1436 0.000000e+00
1437 0.000000e+00
1438 0.000000e+00
1439 0.000000e+00
1440 2.949831e-07
1441 3.110318e-07
1442 2.951882e-07
1443 2.441704e-07
1444 1.827458e-07
1445 1.396182e-07
1446 1.000337e-07
1447 6.021120e-08
1448 3.707325e-08
1449 2.220419e-08
1450 0.000000e+00
1451 0.000000e+00
1452 0.000000e+00
1453 0.000000e+00
1454 0.000000e+00
1455 9.640040e-08
1456 1.042490e-07
1457 1.026052e-07
1458 8.849539e-08
1459 6.738017e-08
1460 5.064321e-08
1461 3.847004e-08
1462 2.297838e-08
1463 1.475077e-08
1464 8.693252e-09
1465 5.110529e-09
1466 0.000000e+00
1467 0.000000e+00
1468 0.000000e+00
1469 0.000000e+00
1470 2.028419e-07
1471 2.205088e-07
1472 2.187135e-07
1473 1.905587e-07
1474 1.460676e-07
1475 1.094481e-07
1476 8.367036e-08
1477 5.061809e-08
1478 3.253886e-08
1479 1.910280e-08
1480 1.121004e-08
1481 0.000000e+00
1482 0.000000e+00
1483 0.000000e+00
1484 0.000000e+00
1485 1.128936e-07
1486 1.262617e-07
1487 1.304907e-07
1488 1.201599e-07
1489 9.618173e-08
1490 7.144205e-08
1491 5.527341e-08
1492 3.692092e-08
1493 2.290885e-08
1494 1.341931e-08
1495 7.893726e-09
1496 0.000000e+00
1497 0.000000e+00
1498 0.000000e+00
1499 0.000000e+00
1500 4.630579e-05
1501 3.427771e-05
1502 2.449283e-05
1503 1.596941e-05
1504 1.017402e-05
1505 0.000000e+00
1506 0.000000e+00
1507 0.000000e+00
1508 0.000000e+00
1509 0.000000e+00
1510 0.000000e+00
1511 0.000000e+00
1512 0.000000e+00
1513 0.000000e+00
1514 0.000000e+00
1515 3.795218e-05
1516 2.983508e-05
1517 2.239134e-05
1518 1.704891e-05
1519 1.116921e-05
1520 7.096997e-06
1521 4.381437e-06
1522 2.745891e-06
1523 0.000000e+00
1524 0.000000e+00
1525 0.000000e+00
1526 0.000000e+00
1527 0.000000e+00
1528 0.000000e+00
1529 0.000000e+00
1530 2.801113e-05
1531 2.413800e-05
1532 1.846673e-05
1533 1.390689e-05
1534 1.048805e-05
1535 6.472676e-06
1536 4.171616e-06
1537 2.540721e-06
1538 1.577972e-06
1539 0.000000e+00
1540 0.000000e+00
1541 0.000000e+00
1542 0.000000e+00
1543 0.000000e+00
1544 0.000000e+00
1545 2.301100e-05
1546 2.133324e-05
1547 1.724364e-05
1548 1.284866e-05
1549 9.892877e-06
1550 6.803887e-06
1551 4.211737e-06
1552 2.572870e-06
1553 1.581115e-06
1554 0.000000e+00
1555 0.000000e+00
1556 0.000000e+00
1557 0.000000e+00
1558 0.000000e+00
1559 0.000000e+00
1560 1.810312e-05
1561 1.772386e-05
1562 1.520775e-05
1563 1.155724e-05
1564 8.703207e-06
1565 6.580364e-06
1566 3.955302e-06
1567 2.549999e-06
1568 1.533464e-06
1569 9.311586e-07
1570 0.000000e+00
1571 0.000000e+00
1572 0.000000e+00
1573 0.000000e+00
1574 0.000000e+00
1575 1.422742e-05
1576 1.453828e-05
1577 1.319058e-05
1578 1.042264e-05
1579 7.741772e-06
1580 6.000973e-06
1581 3.901726e-06
1582 2.480730e-06
1583 1.468904e-06
1584 8.867600e-07
1585 0.000000e+00
1586 0.000000e+00
1587 0.000000e+00
1588 0.000000e+00
1589 0.000000e+00
1590 1.122351e-05
1591 1.187821e-05
1592 1.132713e-05
1593 9.401586e-06
1594 7.027773e-06
1595 5.365461e-06
1596 3.886640e-06
1597 2.312721e-06
1598 1.425120e-06
1599 8.544882e-07
1600 0.000000e+00
1601 0.000000e+00
1602 0.000000e+00
1603 0.000000e+00
1604 0.000000e+00
1605 8.667348e-06
1606 9.457137e-06
1607 9.428720e-06
1608 8.261403e-06
1609 6.344471e-06
1610 4.740585e-06
1611 3.654517e-06
1612 2.202558e-06
1613 1.431150e-06
1614 8.378910e-07
1615 4.886402e-07
1616 0.000000e+00
1617 0.000000e+00
1618 0.000000e+00
1619 0.000000e+00
1620 6.189608e-06
1621 6.954697e-06
1622 7.235050e-06
1623 6.721654e-06
1624 5.420274e-06
1625 4.022813e-06
1626 3.110466e-06
1627 2.117227e-06
1628 1.299196e-06
1629 7.606085e-07
1630 4.488264e-07
1631 0.000000e+00
1632 0.000000e+00
1633 0.000000e+00
1634 0.000000e+00
1635 4.657599e-06
1636 5.400049e-06
1637 5.871927e-06
1638 5.818805e-06
1639 5.056010e-06
1640 3.864357e-06
1641 2.898509e-06
1642 2.217263e-06
1643 1.320488e-06
1644 8.437181e-07
1645 4.863034e-07
1646 2.748665e-07
1647 0.000000e+00
1648 0.000000e+00
1649 0.000000e+00
1650 0.000000e+00
1651 0.000000e+00
1652 0.000000e+00
1653 0.000000e+00
1654 0.000000e+00
1655 0.000000e+00
1656 0.000000e+00
1657 0.000000e+00
1658 0.000000e+00
1659 0.000000e+00
1660 0.000000e+00
1661 0.000000e+00
1662 0.000000e+00
1663 0.000000e+00
1664 0.000000e+00
1665 1.199495e-06
1666 9.548073e-07
1667 7.214424e-07
1668 5.427765e-07
1669 3.658640e-07
1670 2.311408e-07
1671 1.446965e-07
1672 9.082406e-08
1673 0.000000e+00
1674 0.000000e+00
1675 0.000000e+00
1676 0.000000e+00
1677 0.000000e+00
1678 0.000000e+00
1679 0.000000e+00
1680 1.071868e-06
1681 9.265286e-07
1682 7.153250e-07
1683 5.400871e-07
1684 4.034802e-07
1685 2.562915e-07
1686 1.631799e-07
1687 1.000394e-07
1688 6.246248e-08
1689 0.000000e+00
1690 0.000000e+00
1691 0.000000e+00
1692 0.000000e+00
1693 0.000000e+00
1694 0.000000e+00
1695 9.685838e-07
1696 8.975739e-07
1697 7.285680e-07
1698 5.459162e-07
1699 4.177948e-07
1700 2.887221e-07
1701 1.787865e-07
1702 1.104514e-07
1703 6.764654e-08
1704 0.000000e+00
1705 0.000000e+00
1706 0.000000e+00
1707 0.000000e+00
1708 0.000000e+00
1709 0.000000e+00
1710 8.484910e-07
1711 8.298884e-07
1712 7.129077e-07
1713 5.441655e-07
1714 4.100867e-07
1715 3.075258e-07
1716 1.884847e-07
1717 1.202810e-07
1718 7.232114e-08
1719 4.404864e-08
1720 0.000000e+00
1721 0.000000e+00
1722 0.000000e+00
1723 0.000000e+00
1724 0.000000e+00
1725 7.357965e-07
1726 7.510916e-07
1727 6.812858e-07
1728 5.397011e-07
1729 4.020349e-07
1730 3.098943e-07
1731 2.031624e-07
1732 1.278840e-07
1733 7.639425e-08
1734 4.608982e-08
1735 0.000000e+00
1736 0.000000e+00
1737 0.000000e+00
1738 0.000000e+00
1739 0.000000e+00
1740 6.324609e-07
1741 6.687893e-07
1742 6.372566e-07
1743 5.294229e-07
1744 3.968362e-07
1745 3.026755e-07
1746 2.184246e-07
1747 1.311461e-07
1748 8.112844e-08
1749 4.851197e-08
1750 0.000000e+00
1751 0.000000e+00
1752 0.000000e+00
1753 0.000000e+00
1754 0.000000e+00
1755 5.361970e-07
1756 5.846634e-07
1757 5.823793e-07
1758 5.101898e-07
1759 3.925329e-07
1760 2.936751e-07
1761 2.251937e-07
1762 1.372288e-07
1763 8.822308e-08
1764 5.169853e-08
1765 3.031680e-08
1766 0.000000e+00
1767 0.000000e+00
1768 0.000000e+00
1769 0.000000e+00
1770 4.410071e-07
1771 4.952772e-07
1772 5.148539e-07
1773 4.780044e-07
1774 3.857764e-07
1775 2.868298e-07
1776 2.213435e-07
1777 1.507121e-07
1778 9.239445e-08
1779 5.450386e-08
1780 3.205487e-08
1781 0.000000e+00
1782 0.000000e+00
1783 0.000000e+00
1784 0.000000e+00
1785 5.622944e-07
1786 5.915716e-07
1787 6.033453e-07
1788 5.757127e-07
1789 4.920394e-07
1790 3.740872e-07
1791 2.781162e-07
1792 2.105006e-07
1793 1.291754e-07
1794 8.186286e-08
1795 4.778774e-08
1796 2.747191e-08
1797 0.000000e+00
1798 0.000000e+00
1799 0.000000e+00
1800 1.549838e-08
1801 1.342816e-08
1802 1.110600e-08
1803 8.699186e-09
1804 6.471209e-09
1805 4.628264e-09
1806 3.213464e-09
1807 2.126720e-09
1808 1.341748e-09
1809 8.426666e-10
1810 5.239744e-10
1811 3.279140e-10
1812 2.068820e-10
1813 1.311651e-10
1814 8.291801e-11
1815 1.648050e-08
1816 1.307843e-08
1817 1.004667e-08
1818 7.362291e-09
1819 5.181870e-09
1820 3.579479e-09
1821 2.441349e-09
1822 1.633294e-09
1823 1.064462e-09
1824 6.929666e-10
1825 4.461375e-10
1826 2.843595e-10
1827 1.783006e-10
1828 1.095389e-10
1829 6.584102e-11
1830 2.213036e-08
1831 1.732699e-08
1832 1.310553e-08
1833 9.513520e-09
1834 6.550649e-09
1835 4.411070e-09
1836 2.949871e-09
1837 1.957284e-09
1838 1.284336e-09
1839 8.484282e-10
1840 5.582981e-10
1841 3.638601e-10
1842 2.322334e-10
1843 1.438403e-10
1844 8.608227e-11
1845 2.541634e-08
1846 1.941816e-08
1847 1.416726e-08
1848 9.983235e-09
1849 6.676095e-09
1850 4.282459e-09
1851 2.766705e-09
1852 1.800221e-09
1853 1.196936e-09
1854 8.123050e-10
1855 5.542487e-10
1856 3.734676e-10
1857 2.440856e-10
1858 1.526749e-10
1859 9.071212e-11
1860 3.189611e-08
1861 2.484793e-08
1862 1.829809e-08
1863 1.299568e-08
1864 8.839777e-09
1865 5.672175e-09
1866 3.620743e-09
1867 2.324270e-09
1868 1.528240e-09
1869 1.029870e-09
1870 7.037192e-10
1871 4.784240e-10
1872 3.173830e-10
1873 2.022657e-10
1874 1.225772e-10
1875 3.941173e-08
1876 3.148385e-08
1877 2.360236e-08
1878 1.695471e-08
1879 1.174519e-08
1880 7.669560e-09
1881 4.857280e-09
1882 3.101743e-09
1883 2.009772e-09
1884 1.335698e-09
1885 9.054169e-10
1886 6.158430e-10
1887 4.120971e-10
1888 2.666949e-10
1889 1.648903e-10
1890 4.774536e-08
1891 3.913928e-08
1892 2.993542e-08
1893 2.177209e-08
1894 1.529417e-08
1895 1.020539e-08
1896 6.456826e-09
1897 4.109013e-09
1898 2.624323e-09
1899 1.719407e-09
1900 1.152946e-09
1901 7.812951e-10
1902 5.251610e-10
1903 3.438561e-10
1904 2.162895e-10
1905 5.736333e-08
1906 4.827191e-08
1907 3.780595e-08
1908 2.791470e-08
1909 1.984352e-08
1910 1.352250e-08
1911 8.651846e-09
1912 5.464315e-09
1913 3.456140e-09
1914 2.231310e-09
1915 1.475234e-09
1916 9.917502e-10
1917 6.667636e-10
1918 4.401493e-10
1919 2.809541e-10
1920 6.961402e-08
1921 6.032857e-08
1922 4.862348e-08
1923 3.667278e-08
1924 2.641644e-08
1925 1.835098e-08
1926 1.201952e-08
1927 7.538710e-09
1928 4.752220e-09
1929 3.013870e-09
1930 1.955501e-09
1931 1.296322e-09
1932 8.667885e-10
1933 5.744147e-10
1934 3.711524e-10
1935 8.792849e-08
1936 7.942965e-08
1937 6.696380e-08
1938 5.258677e-08
1939 3.891495e-08
1940 2.765437e-08
1941 1.880839e-08
1942 1.202359e-08
1943 7.513556e-09
1944 4.680916e-09
1945 2.951095e-09
1946 1.898586e-09
1947 1.242501e-09
1948 8.166919e-10
1949 5.307681e-10
1950 2.107089e-07
1951 2.158247e-07
1952 2.101588e-07
1953 1.926644e-07
1954 1.648907e-07
1955 1.311748e-07
1956 9.773303e-08
1957 6.956183e-08
1958 4.749487e-08
1959 3.016311e-08
1960 1.823173e-08
1961 1.083848e-08
1962 6.362290e-09
1963 3.732305e-09
1964 2.209040e-09
