0 2.323884e-09
1 1.573809e-09
2 1.033761e-09
3 6.770326e-10
4 4.500994e-10
5 3.052403e-10
6 2.102782e-10
7 1.449841e-10
8 9.818835e-11
9 6.420103e-11
10 3.994153e-11
11 2.341726e-11
12 1.287688e-11
13 6.661426e-12
14 3.278588e-12
15 3.730353e-09
16 2.577221e-09
17 1.712516e-09
18 1.114188e-09
19 7.315097e-10
20 4.886622e-10
21 3.334078e-10
22 2.300342e-10
23 1.577800e-10
24 1.054140e-10
25 6.757330e-11
26 4.099259e-11
27 2.333806e-11
28 1.245235e-11
29 6.273979e-12
30 4.240988e-09
31 2.946773e-09
32 1.968423e-09
33 1.280452e-09
34 8.376737e-10
35 5.572135e-10
36 3.788227e-10
37 2.611027e-10
38 1.793692e-10
39 1.205209e-10
40 7.782491e-11
41 4.764395e-11
42 2.740376e-11
43 1.476016e-11
44 7.494800e-12
45 4.535632e-09
46 3.160225e-09
47 2.116007e-09
48 1.376580e-09
49 8.992072e-10
50 5.969874e-10
51 4.050900e-10
52 2.790001e-10
53 1.918661e-10
54 1.292236e-10
55 8.373885e-11
56 5.148913e-11
57 2.974628e-11
58 1.609542e-11
59 8.201236e-12
60 4.741588e-09
61 3.309467e-09
62 2.218874e-09
63 1.443457e-09
64 9.420385e-10
65 6.246614e-10
66 4.234276e-10
67 2.915114e-10
68 2.006002e-10
69 1.353165e-10
70 8.787559e-11
71 5.417538e-11
72 3.139009e-11
73 1.702855e-11
74 8.695387e-12
75 4.901334e-09
76 3.424489e-09
77 2.298688e-09
78 1.495314e-09
79 9.751416e-10
80 6.460282e-10
81 4.375894e-10
82 3.012053e-10
83 2.073494e-10
84 1.400057e-10
85 9.107649e-11
86 5.624901e-11
87 3.265498e-11
88 1.774472e-11
89 9.074233e-12
90 5.032467e-09
91 3.519809e-09
92 2.364625e-09
93 1.538148e-09
94 1.002534e-09
95 6.637849e-10
96 4.492944e-10
97 3.091896e-10
98 2.129049e-10
99 1.439033e-10
100 9.370807e-11
101 5.797038e-11
102 3.370101e-11
103 1.834154e-11
104 9.388611e-12
105 5.149631e-09
106 3.605058e-09
107 2.423445e-09
108 1.576471e-09
109 1.026997e-09
110 6.795075e-10
111 4.597462e-10
112 3.162971e-10
113 2.179075e-10
114 1.473438e-10
115 9.606591e-11
116 5.949765e-11
117 3.464344e-11
118 1.887301e-11
119 9.670237e-12
120 5.262821e-09
121 3.686913e-09
122 2.480546e-09
123 1.613294e-09
124 1.050694e-09
125 6.948411e-10
126 4.697206e-10
127 3.231006e-10
128 2.226214e-10
129 1.506575e-10
130 9.834995e-11
131 6.097700e-11
132 3.553827e-11
133 1.938245e-11
134 9.940275e-12
135 5.401740e-09
136 3.787394e-09
137 2.549233e-09
138 1.658234e-09
139 1.079296e-09
140 7.133581e-10
141 4.820830e-10
142 3.316317e-10
143 2.285728e-10
144 1.547847e-10
145 1.011338e-10
146 6.278357e-11
147 3.664475e-11
148 2.001035e-11
149 1.027191e-11
150 7.232352e-09
151 5.145920e-09
152 3.521752e-09
153 2.307576e-09
154 1.492363e-09
155 9.769655e-10
156 6.526457e-10
157 4.453679e-10
158 3.070197e-10
159 2.097196e-10
160 1.392437e-10
161 8.835548e-11
162 5.289678e-11
163 2.964565e-11
164 1.556724e-11
165 8.984591e-09
166 6.457114e-09
167 4.473038e-09
168 2.961157e-09
169 1.909732e-09
170 1.243060e-09
171 8.225642e-10
172 5.572850e-10
173 3.831556e-10
174 2.627065e-10
175 1.761207e-10
176 1.133872e-10
177 6.911009e-11
178 3.948616e-11
179 2.111496e-11
180 1.003809e-08
181 7.249845e-09
182 5.048096e-09
183 3.358931e-09
184 2.165194e-09
185 1.405770e-09
186 9.261870e-10
187 6.253586e-10
188 4.292615e-10
189 2.946953e-10
190 1.983777e-10
191 1.285331e-10
192 7.895834e-11
193 4.550241e-11
194 2.452987e-11
195 1.077635e-08
196 7.804784e-09
197 5.451240e-09
198 3.637158e-09
199 2.344247e-09
200 1.519669e-09
201 9.990751e-10
202 6.728984e-10
203 4.615414e-10
204 3.171273e-10
205 2.139835e-10
206 1.391444e-10
207 8.586008e-11
208 4.972202e-11
209 2.692444e-11
210 1.134578e-08
211 8.232941e-09
212 5.762271e-09
213 3.852230e-09
214 2.482638e-09
215 1.607402e-09
216 1.054861e-09
217 7.096659e-10
218 4.864451e-10
219 3.344560e-10
220 2.260206e-10
221 1.473328e-10
222 9.118619e-11
223 5.297065e-11
224 2.877023e-11
225 1.181486e-08
226 8.585696e-09
227 6.018148e-09
228 4.029150e-09
229 2.595920e-09
230 1.679730e-09
231 1.101157e-09
232 7.399566e-10
233 5.069940e-10
234 3.487142e-10
235 2.359517e-10
236 1.540728e-10
237 9.556933e-11
238 5.565249e-11
239 3.028732e-11
240 1.223631e-08
241 8.902024e-09
242 6.248261e-09
243 4.188017e-09
244 2.697988e-09
245 1.744571e-09
246 1.142626e-09
247 7.671733e-10
248 5.254524e-10
249 3.615189e-10
250 2.448448e-10
251 1.601346e-10
252 9.951055e-11
253 5.805513e-11
254 3.165567e-11
255 1.264224e-08
256 9.208138e-09
257 6.469919e-09
258 4.342753e-09
259 2.797382e-09
260 1.807729e-09
261 1.182707e-09
262 7.935907e-10
263 5.431992e-10
264 3.738201e-10
265 2.534141e-10
266 1.659633e-10
267 1.033200e-10
268 6.036772e-11
269 3.296932e-11
270 1.313984e-08
271 9.581838e-09
272 6.741440e-09
273 4.528902e-09
274 2.917009e-09
275 1.883674e-09
276 1.231840e-09
277 8.256570e-10
278 5.650178e-10
279 3.889562e-10
280 2.639674e-10
281 1.731406e-10
282 1.079628e-10
283 6.320682e-11
284 3.458372e-11
285 1.196705e-08
286 8.739251e-09
287 6.150067e-09
288 4.150785e-09
289 2.686103e-09
290 1.734641e-09
291 1.133892e-09
292 7.582392e-10
293 5.172387e-10
294 3.550117e-10
295 2.404097e-10
296 1.576167e-10
297 9.844706e-11
298 5.785226e-11
299 3.182402e-11
300 1.396976e-08
301 1.029780e-08
302 7.302133e-09
303 4.976955e-09
304 3.238083e-09
305 2.082640e-09
306 1.354812e-09
307 8.994559e-10
308 6.102189e-10
309 4.183912e-10
310 2.843837e-10
311 1.879452e-10
312 1.187319e-10
313 7.074920e-11
314 3.948493e-11
315 1.539822e-08
316 1.141193e-08
317 8.127166e-09
318 5.568833e-09
319 3.635443e-09
320 2.333115e-09
321 1.513928e-09
322 1.000893e-09
323 6.771310e-10
324 4.638329e-10
325 3.158811e-10
326 2.096634e-10
327 1.332868e-10
328 8.001883e-11
329 4.500634e-11
330 1.650179e-08
331 1.227337e-08
332 8.764871e-09
333 6.026093e-09
334 3.942186e-09
335 2.526644e-09
336 1.636695e-09
337 1.079298e-09
338 7.286698e-10
339 4.989297e-10
340 3.402013e-10
341 2.264317e-10
342 1.445225e-10
343 8.717436e-11
344 4.926555e-11
345 1.741326e-08
346 1.298625e-08
347 9.292249e-09
348 6.404629e-09
349 4.196382e-09
350 2.686803e-09
351 1.738263e-09
352 1.143937e-09
353 7.713317e-10
354 5.279240e-10
355 3.603074e-10
356 2.402983e-10
357 1.538028e-10
358 9.308050e-11
359 5.279916e-11
360 1.822817e-08
361 1.361940e-08
362 9.760951e-09
363 6.740817e-09
364 4.422331e-09
365 2.829077e-09
366 1.828583e-09
367 1.201587e-09
368 8.092634e-10
369 5.537337e-10
370 3.781851e-10
371 2.526379e-10
372 1.620701e-10
373 9.835099e-11
374 5.593857e-11
375 1.901782e-08
376 1.423686e-08
377 1.021754e-08
378 7.068641e-09
379 4.641859e-09
380 2.967955e-09
381 1.916786e-09
382 1.257596e-09
383 8.462170e-10
384 5.788679e-10
385 3.956119e-10
386 2.646484e-10
387 1.701004e-10
388 1.034570e-10
389 5.898797e-11
390 1.997546e-08
391 1.498234e-08
392 1.077044e-08
393 7.465569e-09
394 4.908634e-09
395 3.135755e-09
396 2.023478e-09
397 1.325704e-09
398 8.910152e-10
399 6.093316e-10
400 4.167398e-10
401 2.792149e-10
402 1.798731e-10
403 1.096846e-10
404 6.268777e-11
405 1.694141e-08
406 1.267247e-08
407 9.080544e-09
408 6.269190e-09
409 4.128851e-09
410 2.645725e-09
411 1.712100e-09
412 1.124427e-09
413 7.561510e-10
414 5.163095e-10
415 3.518174e-10
416 2.345886e-10
417 1.503380e-10
418 9.124864e-11
419 5.199133e-11
420 1.919495e-08
421 1.449638e-08
422 1.045628e-08
423 7.271991e-09
424 4.828812e-09
425 3.093232e-09
426 1.994576e-09
427 1.301873e-09
428 8.706212e-10
429 5.924954e-10
430 4.039913e-10
431 2.706091e-10
432 1.748147e-10
433 1.072296e-10
434 6.182632e-11
435 2.095198e-08
436 1.591962e-08
437 1.153243e-08
438 8.055812e-09
439 5.375295e-09
440 3.443264e-09
441 2.215399e-09
442 1.440842e-09
443 9.599455e-10
444 6.520037e-10
445 4.447058e-10
446 2.987079e-10
447 1.939110e-10
448 1.197030e-10
449 6.952147e-11
450 2.240067e-08
451 1.709674e-08
452 1.242102e-08
453 8.703237e-09
454 5.827975e-09
455 3.732465e-09
456 2.398326e-09
457 1.555650e-09
458 1.034031e-09
459 7.011589e-10
460 4.783517e-10
461 3.219562e-10
462 2.096909e-10
463 1.300165e-10
464 7.588855e-11
465 2.369814e-08
466 1.814738e-08
467 1.321356e-08
468 9.281059e-09
469 6.230078e-09
470 3.990513e-09
471 2.560909e-09
472 1.657816e-09
473 1.099787e-09
474 7.450473e-10
475 5.083612e-10
476 3.426563e-10
477 2.237688e-10
478 1.392255e-10
479 8.154991e-11
480 2.494998e-08
481 1.916190e-08
482 1.398016e-08
483 9.840902e-09
484 6.620602e-09
485 4.241063e-09
486 2.718913e-09
487 1.756705e-09
488 1.163749e-09
489 7.875014e-10
490 5.374172e-10
491 3.626972e-10
492 2.373778e-10
493 1.481003e-10
494 8.704359e-11
495 2.647365e-08
496 2.039658e-08
497 1.491315e-08
498 1.051955e-08
499 7.093798e-09
500 4.544559e-09
501 2.910711e-09
502 1.877432e-09
503 1.241257e-09
504 8.391238e-10
505 5.727991e-10
506 3.871314e-10
507 2.540032e-10
508 1.589453e-10
509 9.371738e-11
510 2.231629e-08
511 1.709686e-08
512 1.245298e-08
513 8.739218e-09
514 5.873480e-09
515 3.776570e-09
516 2.422847e-09
517 1.570133e-09
518 1.041075e-09
519 7.041487e-10
520 4.795449e-10
521 3.226013e-10
522 2.103331e-10
523 1.307536e-10
524 7.661817e-11
525 2.485294e-08
526 1.922711e-08
527 1.410408e-08
528 9.954016e-09
529 6.740966e-09
530 4.350946e-09
531 2.782114e-09
532 1.795938e-09
533 1.183786e-09
534 7.971163e-10
535 5.421091e-10
536 3.655111e-10
537 2.396618e-10
538 1.502245e-10
539 8.892515e-11
540 2.695296e-08
541 2.099748e-08
542 1.547313e-08
543 1.096442e-08
544 7.463391e-09
545 4.828562e-09
546 3.080806e-09
547 1.983594e-09
548 1.302471e-09
549 8.743141e-10
550 5.940273e-10
551 4.011580e-10
552 2.640077e-10
553 1.663806e-10
554 9.916425e-11
555 2.883082e-08
556 2.257289e-08
557 1.669448e-08
558 1.186422e-08
559 8.106141e-09
560 5.254154e-09
561 3.346846e-09
562 2.150818e-09
563 1.408065e-09
564 9.431402e-10
565 6.403261e-10
566 4.329137e-10
567 2.856865e-10
568 1.808068e-10
569 1.082698e-10
570 3.064466e-08
571 2.410299e-08
572 1.787573e-08
573 1.273647e-08
574 8.727414e-09
575 5.666909e-09
576 3.604825e-09
577 2.312967e-09
578 1.510453e-09
579 1.009750e-09
580 6.851497e-10
581 4.636419e-10
582 3.066858e-10
583 1.947390e-10
584 1.170917e-10
585 3.284942e-08
586 2.595708e-08
587 1.931316e-08
588 1.379370e-08
589 9.484554e-09
590 6.168071e-09
591 3.918327e-09
592 2.509952e-09
593 1.634890e-09
594 1.090700e-09
595 7.396796e-10
596 5.010214e-10
597 3.322566e-10
598 2.117039e-10
599 1.278230e-10
600 2.822597e-08
601 2.214832e-08
602 1.641557e-08
603 1.167389e-08
604 7.985513e-09
605 5.197606e-09
606 3.311100e-09
607 2.129158e-09
608 1.391591e-09
609 9.302679e-10
610 6.303950e-10
611 4.255745e-10
612 2.807198e-10
613 1.777407e-10
614 1.066123e-10
615 3.111844e-08
616 2.466626e-08
617 1.841979e-08
618 1.317314e-08
619 9.070672e-09
620 5.940994e-09
621 3.777826e-09
622 2.422746e-09
623 1.574328e-09
624 1.046923e-09
625 7.073615e-10
626 4.777807e-10
627 3.163422e-10
628 2.016180e-10
629 1.220290e-10
630 3.369687e-08
631 2.691143e-08
632 2.020712e-08
633 1.450760e-08
634 1.003773e-08
635 6.603573e-09
636 4.194603e-09
637 2.684577e-09
638 1.737051e-09
639 1.150844e-09
640 7.760436e-10
641 5.243306e-10
642 3.480946e-10
643 2.229447e-10
644 1.357599e-10
645 3.618969e-08
646 2.908355e-08
647 2.193792e-08
648 1.580104e-08
649 1.097236e-08
650 7.244758e-09
651 4.597547e-09
652 2.937805e-09
653 1.894485e-09
654 1.251517e-09
655 8.423930e-10
656 5.693078e-10
657 3.788105e-10
658 2.435412e-10
659 1.490385e-10
660 3.922844e-08
661 3.172813e-08
662 2.404435e-08
663 1.737343e-08
664 1.211222e-08
665 8.026362e-09
666 5.087092e-09
667 3.246514e-09
668 2.086391e-09
669 1.373971e-09
670 9.233733e-10
671 6.241595e-10
672 4.162743e-10
673 2.686421e-10
674 1.652121e-10
675 3.488587e-08
676 2.804124e-08
677 2.117824e-08
678 1.526191e-08
679 1.059574e-08
680 7.011304e-09
681 4.460626e-09
682 2.850171e-09
683 1.838128e-09
684 1.213119e-09
685 8.152803e-10
686 5.500167e-10
687 3.654251e-10
688 2.346872e-10
689 1.436214e-10
690 3.832667e-08
691 3.114105e-08
692 2.372427e-08
693 1.720011e-08
694 1.201249e-08
695 8.008111e-09
696 5.102338e-09
697 3.250125e-09
698 2.085311e-09
699 1.368461e-09
700 9.157924e-10
701 6.170389e-10
702 4.108352e-10
703 2.652967e-10
704 1.636127e-10
705 4.166338e-08
706 3.413914e-08
707 2.619089e-08
708 1.907547e-08
709 1.338234e-08
710 8.973144e-09
711 5.723115e-09
712 3.637180e-09
713 2.324636e-09
714 1.518823e-09
715 1.012942e-09
716 6.818404e-10
717 4.547816e-10
718 2.948866e-10
719 1.829575e-10
720 4.572316e-08
721 3.779536e-08
722 2.919514e-08
723 2.136052e-08
724 1.505230e-08
725 1.014864e-08
726 6.478112e-09
727 4.108195e-09
728 2.615861e-09
729 1.701826e-09
730 1.131400e-09
731 7.608106e-10
732 5.083432e-10
733 3.309294e-10
734 2.065128e-10
735 4.279563e-08
736 3.527871e-08
737 2.722349e-08
738 1.991520e-08
739 1.401366e-08
740 9.440664e-09
741 6.050035e-09
742 3.836682e-09
743 2.449044e-09
744 1.593770e-09
745 1.058713e-09
746 7.107658e-10
747 4.737649e-10
748 3.076409e-10
749 1.915370e-10
750 4.722318e-08
751 3.939020e-08
752 3.071932e-08
753 2.264260e-08
754 1.602687e-08
755 1.088481e-08
756 7.012107e-09
757 4.432726e-09
758 2.819365e-09
759 1.822281e-09
760 1.203200e-09
761 8.050852e-10
762 5.368675e-10
763 3.500510e-10
764 2.195080e-10
765 5.260596e-08
766 4.439751e-08
767 3.497506e-08
768 2.595861e-08
769 1.847656e-08
770 1.264080e-08
771 8.181940e-09
772 5.157263e-09
773 3.269181e-09
774 2.100117e-09
775 1.378874e-09
776 9.198142e-10
777 6.136568e-10
778 4.016245e-10
779 2.535148e-10
780 5.306479e-08
781 4.498555e-08
782 3.563109e-08
783 2.657766e-08
784 1.897162e-08
785 1.302051e-08
786 8.481045e-09
787 5.348910e-09
788 3.389791e-09
789 2.169362e-09
790 1.418660e-09
791 9.427892e-10
792 6.274623e-10
793 4.104863e-10
794 2.595050e-10
795 6.034024e-08
796 5.198999e-08
797 4.181358e-08
798 3.156037e-08
799 2.271595e-08
800 1.573959e-08
801 1.036046e-08
802 6.529705e-09
803 4.122762e-09
804 2.615430e-09
805 1.694771e-09
806 1.118433e-09
807 7.424699e-10
808 4.869048e-10
809 3.099964e-10
810 7.089539e-08
811 6.254692e-08
812 5.155763e-08
813 3.976095e-08
814 2.905530e-08
815 2.040344e-08
816 1.368654e-08
817 8.706647e-09
818 5.460697e-09
819 3.429902e-09
820 2.187910e-09
821 1.422150e-09
822 9.350849e-10
823 6.120653e-10
824 3.920222e-10
825 6.038387e-07
826 4.584979e-07
827 3.423858e-07
828 2.373858e-07
829 1.505181e-07
830 9.527135e-08
831 5.995536e-08
832 0.000000e+00
833 0.000000e+00
834 0.000000e+00
835 0.000000e+00
836 0.000000e+00
837 0.000000e+00
838 0.000000e+00
839 0.000000e+00
840 7.387483e-07
841 5.624908e-07
842 4.206422e-07
843 2.939833e-07
844 1.869729e-07
845 1.183479e-07
846 7.435449e-08
847 0.000000e+00
848 0.000000e+00
849 0.000000e+00
850 0.000000e+00
851 0.000000e+00
852 0.000000e+00
853 0.000000e+00
854 0.000000e+00
855 8.333960e-07
856 6.354804e-07
857 4.755838e-07
858 3.337106e-07
859 2.125851e-07
860 1.345611e-07
861 8.447214e-08
862 0.000000e+00
863 0.000000e+00
864 0.000000e+00
865 0.000000e+00
866 0.000000e+00
867 0.000000e+00
868 0.000000e+00
869 0.000000e+00
870 9.065041e-07
871 6.918611e-07
872 5.180226e-07
873 3.643950e-07
874 2.323657e-07
875 1.470813e-07
876 9.228753e-08
877 0.000000e+00
878 0.000000e+00
879 0.000000e+00
880 0.000000e+00
881 0.000000e+00
882 0.000000e+00
883 0.000000e+00
884 0.000000e+00
885 9.669742e-07
886 7.384934e-07
887 5.531231e-07
888 3.897752e-07
889 2.487262e-07
890 1.574403e-07
891 9.875141e-08
892 0.000000e+00
893 0.000000e+00
894 0.000000e+00
895 0.000000e+00
896 0.000000e+00
897 0.000000e+00
898 0.000000e+00
899 0.000000e+00
900 1.020888e-06
901 7.800788e-07
902 5.844206e-07
903 4.124027e-07
904 2.633139e-07
905 1.666747e-07
906 1.045159e-07
907 0.000000e+00
908 0.000000e+00
909 0.000000e+00
910 0.000000e+00
911 0.000000e+00
912 0.000000e+00
913 0.000000e+00
914 0.000000e+00
915 1.073182e-06
916 8.204112e-07
917 6.147778e-07
918 4.343573e-07
919 2.774631e-07
920 1.756308e-07
921 1.101062e-07
922 0.000000e+00
923 0.000000e+00
924 0.000000e+00
925 0.000000e+00
926 0.000000e+00
927 0.000000e+00
928 0.000000e+00
929 0.000000e+00
930 1.136834e-06
931 8.695191e-07
932 6.517317e-07
933 4.610824e-07
934 2.946867e-07
935 1.865338e-07
936 1.169118e-07
937 0.000000e+00
938 0.000000e+00
939 0.000000e+00
940 0.000000e+00
941 0.000000e+00
942 0.000000e+00
943 0.000000e+00
944 0.000000e+00
945 3.316785e-07
946 2.622770e-07
947 1.971876e-07
948 1.490514e-07
949 9.912577e-08
950 6.249653e-08
951 3.881435e-08
952 2.430218e-08
953 0.000000e+00
954 0.000000e+00
955 0.000000e+00
956 0.000000e+00
957 0.000000e+00
958 0.000000e+00
959 0.000000e+00
960 4.927203e-07
961 3.940506e-07
962 2.966119e-07
963 2.245569e-07
964 1.521417e-07
965 9.550190e-08
966 5.959077e-08
967 3.715732e-08
968 0.000000e+00
969 0.000000e+00
970 0.000000e+00
971 0.000000e+00
972 0.000000e+00
973 0.000000e+00
974 0.000000e+00
975 6.103975e-07
976 4.908067e-07
977 3.698080e-07
978 2.800844e-07
979 1.913364e-07
980 1.199817e-07
981 7.501009e-08
982 4.668570e-08
983 0.000000e+00
984 0.000000e+00
985 0.000000e+00
986 0.000000e+00
987 0.000000e+00
988 0.000000e+00
989 0.000000e+00
990 7.013041e-07
991 5.656119e-07
992 4.263972e-07
993 3.230176e-07
994 2.216386e-07
995 1.389190e-07
996 8.693384e-08
997 5.405359e-08
998 0.000000e+00
999 0.000000e+00
1000 0.000000e+00
1001 0.000000e+00
1002 0.000000e+00
1003 0.000000e+00
1004 0.000000e+00
1005 7.765122e-07
1006 6.274575e-07
1007 4.731896e-07
1008 3.585155e-07
1009 2.466942e-07
1010 1.545744e-07
1011 9.679228e-08
1012 6.014584e-08
1013 0.000000e+00
1014 0.000000e+00
1015 0.000000e+00
1016 0.000000e+00
1017 0.000000e+00
1018 0.000000e+00
1019 0.000000e+00
1020 8.435602e-07
1021 6.825999e-07
1022 5.149065e-07
1023 3.901661e-07
1024 2.690335e-07
1025 1.685357e-07
1026 1.055819e-07
1027 6.557790e-08
1028 0.000000e+00
1029 0.000000e+00
1030 0.000000e+00
1031 0.000000e+00
1032 0.000000e+00
1033 0.000000e+00
1034 0.000000e+00
1035 9.085859e-07
1036 7.360786e-07
1037 5.553714e-07
1038 4.208636e-07
1039 2.907024e-07
1040 1.820756e-07
1041 1.141070e-07
1042 7.084637e-08
1043 0.000000e+00
1044 0.000000e+00
1045 0.000000e+00
1046 0.000000e+00
1047 0.000000e+00
1048 0.000000e+00
1049 0.000000e+00
1050 9.877520e-07
1051 8.012082e-07
1052 6.046412e-07
1053 4.582436e-07
1054 3.170847e-07
1055 1.985623e-07
1056 1.244884e-07
1057 7.726077e-08
1058 0.000000e+00
1059 0.000000e+00
1060 0.000000e+00
1061 0.000000e+00
1062 0.000000e+00
1063 0.000000e+00
1064 0.000000e+00
1065 2.993301e-07
1066 2.546365e-07
1067 1.942573e-07
1068 1.468248e-07
1069 1.085476e-07
1070 6.748806e-08
1071 4.307051e-08
1072 2.634339e-08
1073 1.644983e-08
1074 0.000000e+00
1075 0.000000e+00
1076 0.000000e+00
1077 0.000000e+00
1078 0.000000e+00
1079 0.000000e+00
1080 4.267242e-07
1081 3.665539e-07
1082 2.812926e-07
1083 2.121489e-07
1084 1.580014e-07
1085 9.913407e-08
1086 6.319039e-08
1087 3.859846e-08
1088 2.403896e-08
1089 0.000000e+00
1090 0.000000e+00
1091 0.000000e+00
1092 0.000000e+00
1093 0.000000e+00
1094 0.000000e+00
1095 5.270059e-07
1096 4.548816e-07
1097 3.501322e-07
1098 2.638300e-07
1099 1.971096e-07
1100 1.242781e-07
1101 7.914312e-08
1102 4.832851e-08
1103 3.006148e-08
1104 0.000000e+00
1105 0.000000e+00
1106 0.000000e+00
1107 0.000000e+00
1108 0.000000e+00
1109 0.000000e+00
1110 6.098683e-07
1111 5.278451e-07
1112 4.069893e-07
1113 3.065177e-07
1114 2.294122e-07
1115 1.450498e-07
1116 9.232166e-08
1117 5.636918e-08
1118 3.503745e-08
1119 0.000000e+00
1120 0.000000e+00
1121 0.000000e+00
1122 0.000000e+00
1123 0.000000e+00
1124 0.000000e+00
1125 6.837302e-07
1126 5.928870e-07
1127 4.576818e-07
1128 3.445733e-07
1129 2.582123e-07
1130 1.635671e-07
1131 1.040709e-07
1132 6.353646e-08
1133 3.947333e-08
1134 0.000000e+00
1135 0.000000e+00
1136 0.000000e+00
1137 0.000000e+00
1138 0.000000e+00
1139 0.000000e+00
1140 7.553877e-07
1141 6.559601e-07
1142 5.068503e-07
1143 3.814869e-07
1144 2.861446e-07
1145 1.815261e-07
1146 1.154657e-07
1147 7.048826e-08
1148 4.377573e-08
1149 0.000000e+00
1150 0.000000e+00
1151 0.000000e+00
1152 0.000000e+00
1153 0.000000e+00
1154 0.000000e+00
1155 8.426314e-07
1156 7.327789e-07
1157 5.667173e-07
1158 4.264351e-07
1159 3.201579e-07
1160 2.033949e-07
1161 1.293394e-07
1162 7.895224e-08
1163 4.901444e-08
1164 0.000000e+00
1165 0.000000e+00
1166 0.000000e+00
1167 0.000000e+00
1168 0.000000e+00
1169 0.000000e+00
1170 2.777897e-07
1171 2.521010e-07
1172 2.005176e-07
1173 1.497909e-07
1174 1.149144e-07
1175 7.650931e-08
1176 4.804084e-08
1177 2.930882e-08
1178 1.803584e-08
1179 0.000000e+00
1180 0.000000e+00
1181 0.000000e+00
1182 0.000000e+00
1183 0.000000e+00
1184 0.000000e+00
1185 3.827294e-07
1186 3.497005e-07
1187 2.799518e-07
1188 2.092759e-07
1189 1.604311e-07
1190 1.081574e-07
1191 6.756408e-08
1192 4.138510e-08
1193 2.542267e-08
1194 0.000000e+00
1195 0.000000e+00
1196 0.000000e+00
1197 0.000000e+00
1198 0.000000e+00
1199 0.000000e+00
1200 4.698641e-07
1201 4.308022e-07
1202 3.460030e-07
1203 2.587685e-07
1204 1.982864e-07
1205 1.345095e-07
1206 8.382990e-08
1207 5.145296e-08
1208 3.157660e-08
1209 0.000000e+00
1210 0.000000e+00
1211 0.000000e+00
1212 0.000000e+00
1213 0.000000e+00
1214 0.000000e+00
1215 5.474725e-07
1216 5.030096e-07
1217 4.048276e-07
1218 3.028423e-07
1219 2.319997e-07
1220 1.579760e-07
1221 9.831023e-08
1222 6.041566e-08
1223 3.705615e-08
1224 0.000000e+00
1225 0.000000e+00
1226 0.000000e+00
1227 0.000000e+00
1228 0.000000e+00
1229 0.000000e+00
1230 6.227505e-07
1231 5.730458e-07
1232 4.618902e-07
1233 3.455919e-07
1234 2.647081e-07
1235 1.807342e-07
1236 1.123540e-07
1237 6.910758e-08
1238 4.237076e-08
1239 0.000000e+00
1240 0.000000e+00
1241 0.000000e+00
1242 0.000000e+00
1243 0.000000e+00
1244 0.000000e+00
1245 7.143721e-07
1246 6.583319e-07
1247 5.313694e-07
1248 3.976415e-07
1249 3.045286e-07
1250 2.084428e-07
1251 1.294554e-07
1252 7.969324e-08
1253 4.884189e-08
1254 0.000000e+00
1255 0.000000e+00
1256 0.000000e+00
1257 0.000000e+00
1258 0.000000e+00
1259 0.000000e+00
1260 1.602247e-07
1261 1.515588e-07
1262 1.252207e-07
1263 9.386931e-08
1264 7.167262e-08
1265 5.129344e-08
1266 3.118165e-08
1267 1.947241e-08
1268 1.187358e-08
1269 0.000000e+00
1270 0.000000e+00
1271 0.000000e+00
1272 0.000000e+00
1273 0.000000e+00
1274 0.000000e+00
1275 2.636019e-07
1276 2.517253e-07
1277 2.102637e-07
1278 1.583310e-07
1279 1.204129e-07
1280 8.749817e-08
1281 5.314442e-08
1282 3.346900e-08
1283 2.031805e-08
1284 0.000000e+00
1285 0.000000e+00
1286 0.000000e+00
1287 0.000000e+00
1288 0.000000e+00
1289 0.000000e+00
1290 3.532347e-07
1291 3.388287e-07
1292 2.845430e-07
1293 2.147863e-07
1294 1.630525e-07
1295 1.192576e-07
1296 7.251636e-08
1297 4.580657e-08
1298 2.775135e-08
1299 0.000000e+00
1300 0.000000e+00
1301 0.000000e+00
1302 0.000000e+00
1303 0.000000e+00
1304 0.000000e+00
1305 4.329424e-07
1306 4.163154e-07
1307 3.506088e-07
1308 2.650105e-07
1309 2.009821e-07
1310 1.475012e-07
1311 8.975413e-08
1312 5.678194e-08
1313 3.436469e-08
1314 0.000000e+00
1315 0.000000e+00
1316 0.000000e+00
1317 0.000000e+00
1318 0.000000e+00
1319 0.000000e+00
1320 5.102224e-07
1321 4.914066e-07
1322 4.146357e-07
1323 3.136968e-07
1324 2.377538e-07
1325 1.748807e-07
1326 1.064653e-07
1327 6.741923e-08
1328 4.077355e-08
1329 0.000000e+00
1330 0.000000e+00
1331 0.000000e+00
1332 0.000000e+00
1333 0.000000e+00
1334 0.000000e+00
1335 6.043239e-07
1336 5.828918e-07
1337 4.926064e-07
1338 3.729701e-07
1339 2.825221e-07
1340 2.082151e-07
1341 1.268005e-07
1342 8.036744e-08
1343 4.857601e-08
1344 0.000000e+00
1345 0.000000e+00
1346 0.000000e+00
1347 0.000000e+00
1348 0.000000e+00
1349 0.000000e+00
1350 1.648875e-07
1351 1.628535e-07
1352 1.414208e-07
1353 1.084040e-07
1354 8.134401e-08
1355 6.186230e-08
1356 3.786073e-08
1357 2.438754e-08
1358 1.459041e-08
1359 8.838924e-09
1360 0.000000e+00
1361 0.000000e+00
1362 0.000000e+00
1363 0.000000e+00
1364 0.000000e+00
1365 2.548027e-07
1366 2.532309e-07
1367 2.217189e-07
1368 1.709490e-07
1369 1.280319e-07
1370 9.774295e-08
1371 6.054045e-08
1372 3.888777e-08
1373 2.322618e-08
1374 1.405625e-08
1375 0.000000e+00
1376 0.000000e+00
1377 0.000000e+00
1378 0.000000e+00
1379 0.000000e+00
1380 3.357793e-07
1381 3.346959e-07
1382 2.942043e-07
1383 2.274859e-07
1384 1.702383e-07
1385 1.301646e-07
1386 8.110085e-08
1387 5.200783e-08
1388 3.104740e-08
1389 1.878076e-08
1390 0.000000e+00
1391 0.000000e+00
1392 0.000000e+00
1393 0.000000e+00
1394 0.000000e+00
1395 4.141223e-07
1396 4.134994e-07
1397 3.643087e-07
1398 2.821665e-07
1399 2.110581e-07
1400 1.615245e-07
1401 1.009822e-07
1402 6.469771e-08
1403 3.861070e-08
1404 2.334905e-08
1405 0.000000e+00
1406 0.000000e+00
1407 0.000000e+00
1408 0.000000e+00
1409 0.000000e+00
1410 5.095097e-07
1411 5.094605e-07
1412 4.496629e-07
1413 3.487301e-07
1414 2.607480e-07
1415 1.996997e-07
1416 1.251903e-07
1417 8.014499e-08
1418 4.782035e-08
1419 2.891185e-08
1420 0.000000e+00
1421 0.000000e+00
1422 0.000000e+00
1423 0.000000e+00
1424 0.000000e+00
1425 1.705619e-07
1426 1.743244e-07
1427 1.583332e-07
1428 1.254181e-07
1429 9.329527e-08
1430 7.208090e-08
1431 4.721867e-08
1432 2.978716e-08
1433 1.772835e-08
1434 1.069721e-08
1435 0.000000e+00
1436 0.000000e+00
1437 0.000000e+00
1438 0.000000e+00
1439 0.000000e+00
1440 2.521515e-07
1441 2.587400e-07
1442 2.363314e-07
1443 1.882033e-07
1444 1.400363e-07
1445 1.080916e-07
1446 7.167368e-08
1447 4.490710e-08
1448 2.681420e-08
1449 1.617121e-08
1450 0.000000e+00
1451 0.000000e+00
1452 0.000000e+00
1453 0.000000e+00
1454 0.000000e+00
1455 3.309769e-07
1456 3.403015e-07
1457 3.116979e-07
1458 2.488765e-07
1459 1.852110e-07
1460 1.428920e-07
1461 9.531263e-08
1462 5.952238e-08
1463 3.560074e-08
1464 2.146402e-08
1465 0.000000e+00
1466 0.000000e+00
1467 0.000000e+00
1468 0.000000e+00
1469 0.000000e+00
1470 4.268979e-07
1471 4.395490e-07
1472 4.034031e-07
1473 3.227057e-07
1474 2.401779e-07
1475 1.852379e-07
1476 1.240715e-07
1477 7.730558e-08
1478 4.628993e-08
1479 2.790330e-08
1480 0.000000e+00
1481 0.000000e+00
1482 0.000000e+00
1483 0.000000e+00
1484 0.000000e+00
1485 9.894406e-08
1486 1.034028e-07
1487 9.686147e-08
1488 7.893358e-08
1489 5.877995e-08
1490 4.518461e-08
1491 3.154409e-08
1492 1.918473e-08
1493 1.160133e-08
1494 6.985852e-09
1495 0.000000e+00
1496 0.000000e+00
1497 0.000000e+00
1498 0.000000e+00
1499 0.000000e+00
1500 1.788135e-07
1501 1.879452e-07
1502 1.775328e-07
1503 1.460223e-07
1504 1.090381e-07
1505 8.350525e-08
1506 5.930272e-08
1507 3.577569e-08
1508 2.187612e-08
1509 1.313054e-08
1510 0.000000e+00
1511 0.000000e+00
1512 0.000000e+00
1513 0.000000e+00
1514 0.000000e+00
1515 2.578246e-07
1516 2.716679e-07
1517 2.575524e-07
1518 2.127049e-07
1519 1.590485e-07
1520 1.216039e-07
1521 8.696557e-08
1522 5.232369e-08
1523 3.214759e-08
1524 1.926656e-08
1525 0.000000e+00
1526 0.000000e+00
1527 0.000000e+00
1528 0.000000e+00
1529 0.000000e+00
1530 3.537387e-07
1531 3.732921e-07
1532 3.546720e-07
1533 2.936356e-07
1534 2.197413e-07
1535 1.678432e-07
1536 1.205371e-07
1537 7.240598e-08
1538 4.460878e-08
1539 2.671169e-08
1540 0.000000e+00
1541 0.000000e+00
1542 0.000000e+00
1543 0.000000e+00
1544 0.000000e+00
1545 1.138261e-07
1546 1.220587e-07
1547 1.186633e-07
1548 1.007930e-07
1549 7.611860e-08
1550 5.754224e-08
1551 4.303234e-08
1552 2.550995e-08
1553 1.617735e-08
1554 9.595947e-09
1555 5.682261e-09
1556 0.000000e+00
1557 0.000000e+00
1558 0.000000e+00
1559 0.000000e+00
1560 1.925751e-07
1561 2.072376e-07
1562 2.025310e-07
1563 1.731727e-07
1564 1.312613e-07
1565 9.898082e-08
1566 7.450668e-08
1567 4.434827e-08
1568 2.826277e-08
1569 1.671489e-08
1570 9.867207e-09
1571 0.000000e+00
1572 0.000000e+00
1573 0.000000e+00
1574 0.000000e+00
1575 2.881006e-07
1576 3.105703e-07
1577 3.042903e-07
1578 2.610119e-07
1579 1.981982e-07
1580 1.492822e-07
1581 1.127083e-07
1582 6.722605e-08
1583 4.293393e-08
1584 2.535655e-08
1585 1.494835e-08
1586 0.000000e+00
1587 0.000000e+00
1588 0.000000e+00
1589 0.000000e+00
1590 1.332899e-07
1591 1.461274e-07
1592 1.467201e-07
1593 1.298240e-07
1594 1.004755e-07
1595 7.492061e-08
1596 5.787555e-08
1597 3.558790e-08
1598 2.297173e-08
1599 1.340609e-08
1600 7.837279e-09
1601 0.000000e+00
1602 0.000000e+00
1603 0.000000e+00
1604 0.000000e+00
1605 2.283611e-07
1606 2.509100e-07
1607 2.527414e-07
1608 2.246170e-07
1609 1.744339e-07
1610 1.299560e-07
1611 1.004958e-07
1612 6.231360e-08
1613 4.011214e-08
1614 2.338642e-08
1615 1.368096e-08
1616 0.000000e+00
1617 0.000000e+00
1618 0.000000e+00
1619 0.000000e+00
1620 5.256109e-05
1621 3.979472e-05
1622 3.018686e-05
1623 2.121931e-05
1624 1.333384e-05
1625 8.451076e-06
1626 5.286735e-06
1627 0.000000e+00
1628 0.000000e+00
1629 0.000000e+00
1630 0.000000e+00
1631 0.000000e+00
1632 0.000000e+00
1633 0.000000e+00
1634 0.000000e+00
1635 3.848701e-05
1636 3.106271e-05
1637 2.326487e-05
1638 1.783349e-05
1639 1.225240e-05
1640 7.648524e-06
1641 4.757892e-06
1642 2.959856e-06
1643 0.000000e+00
1644 0.000000e+00
1645 0.000000e+00
1646 0.000000e+00
1647 0.000000e+00
1648 0.000000e+00
1649 0.000000e+00
1650 2.964896e-05
1651 2.581532e-05
1652 1.985997e-05
1653 1.490744e-05
1654 1.134537e-05
1655 7.046327e-06
1656 4.551785e-06
1657 2.762850e-06
1658 1.710169e-06
1659 0.000000e+00
1660 0.000000e+00
1661 0.000000e+00
1662 0.000000e+00
1663 0.000000e+00
1664 0.000000e+00
1665 2.365830e-05
1666 2.187225e-05
1667 1.763073e-05
1668 1.313171e-05
1669 1.011887e-05
1670 6.918938e-06
1671 4.296856e-06
1672 2.619082e-06
1673 1.610028e-06
1674 0.000000e+00
1675 0.000000e+00
1676 0.000000e+00
1677 0.000000e+00
1678 0.000000e+00
1679 0.000000e+00
1680 1.934173e-05
1681 1.872070e-05
1682 1.584188e-05
1683 1.195613e-05
1684 9.051824e-06
1685 6.740249e-06
1686 4.034893e-06
1687 2.573716e-06
1688 1.557226e-06
1689 0.000000e+00
1690 0.000000e+00
1691 0.000000e+00
1692 0.000000e+00
1693 0.000000e+00
1694 0.000000e+00
1695 1.610255e-05
1696 1.615416e-05
1697 1.429629e-05
1698 1.107463e-05
1699 8.258192e-06
1700 6.378269e-06
1701 3.955767e-06
1702 2.566475e-06
1703 1.524206e-06
1704 9.177336e-07
1705 0.000000e+00
1706 0.000000e+00
1707 0.000000e+00
1708 0.000000e+00
1709 0.000000e+00
1710 1.356746e-05
1711 1.401165e-05
1712 1.290124e-05
1713 1.032735e-05
1714 7.666636e-06
1715 5.932957e-06
1716 3.981678e-06
1717 2.484565e-06
1718 1.475946e-06
1719 8.920720e-07
1720 0.000000e+00
1721 0.000000e+00
1722 0.000000e+00
1723 0.000000e+00
1724 0.000000e+00
1725 1.152708e-05
1726 1.219745e-05
1727 1.162844e-05
1728 9.647192e-06
1729 7.208655e-06
1730 5.504800e-06
1731 3.986278e-06
1732 2.370759e-06
1733 1.459375e-06
1734 8.751915e-07
1735 0.000000e+00
1736 0.000000e+00
1737 0.000000e+00
1738 0.000000e+00
1739 0.000000e+00
1740 9.835991e-06
1741 1.062963e-05
1742 1.044964e-05
1743 8.990670e-06
1744 6.826268e-06
1745 5.132155e-06
1746 3.905765e-06
1747 2.307989e-06
1748 1.487171e-06
1749 8.775081e-07
1750 5.147344e-07
1751 0.000000e+00
1752 0.000000e+00
1753 0.000000e+00
1754 0.000000e+00
1755 8.405951e-06
1756 9.257700e-06
1757 9.355849e-06
1758 8.345640e-06
1759 6.490006e-06
1760 4.825854e-06
1761 3.748521e-06
1762 2.323246e-06
1763 1.506163e-06
1764 8.756028e-07
1765 5.108025e-07
1766 0.000000e+00
1767 0.000000e+00
1768 0.000000e+00
1769 0.000000e+00
1770 1.317354e-06
1771 1.009097e-06
1772 7.567770e-07
1773 5.367918e-07
1774 3.437688e-07
1775 2.175552e-07
1776 1.362998e-07
1777 0.000000e+00
1778 0.000000e+00
1779 0.000000e+00
1780 0.000000e+00
1781 0.000000e+00
1782 0.000000e+00
1783 0.000000e+00
1784 0.000000e+00
1785 1.212384e-06
1786 9.863847e-07
1787 7.449283e-07
1788 5.644165e-07
1789 3.919004e-07
1790 2.455316e-07
1791 1.540527e-07
1792 9.552737e-08
1793 0.000000e+00
1794 0.000000e+00
1795 0.000000e+00
1796 0.000000e+00
1797 0.000000e+00
1798 0.000000e+00
1799 0.000000e+00
1800 1.090292e-06
1801 9.511969e-07
1802 7.370329e-07
1803 5.545006e-07
1804 4.165040e-07
1805 2.657774e-07
1806 1.687888e-07
1807 1.030590e-07
1808 6.393945e-08
1809 0.000000e+00
1810 0.000000e+00
1811 0.000000e+00
1812 0.000000e+00
1813 0.000000e+00
1814 0.000000e+00
1815 9.747223e-07
1816 9.009167e-07
1817 7.288763e-07
1818 5.459470e-07
1819 4.176676e-07
1820 2.871548e-07
1821 1.781267e-07
1822 1.098424e-07
1823 6.727755e-08
1824 0.000000e+00
1825 0.000000e+00
1826 0.000000e+00
1827 0.000000e+00
1828 0.000000e+00
1829 0.000000e+00
1830 8.717902e-07
1831 8.430621e-07
1832 7.142936e-07
1833 5.417780e-07
1834 4.100677e-07
1835 3.027264e-07
1836 1.848392e-07
1837 1.172440e-07
1838 7.078707e-08
1839 0.000000e+00
1840 0.000000e+00
1841 0.000000e+00
1842 0.000000e+00
1843 0.000000e+00
1844 0.000000e+00
1845 7.807255e-07
1846 7.825064e-07
1847 6.923654e-07
1848 5.382252e-07
1849 4.024472e-07
1850 3.080694e-07
1851 1.942308e-07
1852 1.241232e-07
1853 7.403980e-08
1854 4.475708e-08
1855 0.000000e+00
1856 0.000000e+00
1857 0.000000e+00
1858 0.000000e+00
1859 0.000000e+00
1860 6.997175e-07
1861 7.220067e-07
1862 6.641815e-07
1863 5.326970e-07
1864 3.968341e-07
1865 3.056319e-07
1866 2.059168e-07
1867 1.279424e-07
1868 7.679120e-08
1869 4.625900e-08
1870 0.000000e+00
1871 0.000000e+00
1872 0.000000e+00
1873 0.000000e+00
1874 0.000000e+00
1875 6.267023e-07
1876 6.626753e-07
1877 6.310062e-07
1878 5.238582e-07
1879 3.926942e-07
1880 2.995412e-07
1881 2.159775e-07
1882 1.296322e-07
1883 8.015133e-08
1884 4.794195e-08
1885 0.000000e+00
1886 0.000000e+00
1887 0.000000e+00
1888 0.000000e+00
1889 0.000000e+00
1890 5.601084e-07
1891 6.049338e-07
1892 5.939365e-07
1893 5.109177e-07
1894 3.888831e-07
1895 2.926747e-07
1896 2.213164e-07
1897 1.324301e-07
1898 8.463782e-08
1899 4.991850e-08
1900 2.943325e-08
1901 0.000000e+00
1902 0.000000e+00
1903 0.000000e+00
1904 0.000000e+00
1905 4.988858e-07
1906 5.491613e-07
1907 5.542999e-07
1908 4.940638e-07
1909 3.848214e-07
1910 2.867084e-07
1911 2.216177e-07
1912 1.383617e-07
1913 8.872018e-08
1914 5.172549e-08
1915 3.029178e-08
1916 0.000000e+00
1917 0.000000e+00
1918 0.000000e+00
1919 0.000000e+00
1920 5.796155e-09
1921 4.073104e-09
1922 2.746676e-09
1923 1.787018e-09
1924 1.161724e-09
1925 7.666000e-10
1926 5.173268e-10
1927 3.556464e-10
1928 2.453069e-10
1929 1.664385e-10
1930 1.090291e-10
1931 6.791713e-11
1932 3.978354e-11
1933 2.179962e-11
1934 1.121673e-11
1935 1.455319e-08
1936 1.064563e-08
1937 7.512582e-09
1938 5.060706e-09
1939 3.260432e-09
1940 2.102163e-09
1941 1.370773e-09
1942 9.168004e-10
1943 6.269106e-10
1944 4.318832e-10
1945 2.937986e-10
1946 1.934059e-10
1947 1.211671e-10
1948 7.128358e-11
1949 3.916354e-11
1950 2.270896e-08
1951 1.712043e-08
1952 1.234932e-08
1953 8.596567e-09
1954 5.667679e-09
1955 3.615888e-09
1956 2.328067e-09
1957 1.520041e-09
1958 1.018936e-09
1959 6.963189e-10
1960 4.769572e-10
1961 3.207328e-10
1962 2.076995e-10
1963 1.274063e-10
1964 7.323240e-11
1965 3.081762e-08
1966 2.392197e-08
1967 1.757298e-08
1968 1.245583e-08
1969 8.444297e-09
1970 5.411794e-09
1971 3.457332e-09
1972 2.221227e-09
1973 1.462703e-09
1974 9.864780e-10
1975 6.735672e-10
1976 4.566631e-10
1977 3.012328e-10
1978 1.898390e-10
1979 1.127463e-10
1980 3.914473e-08
1981 3.125371e-08
1982 2.341069e-08
1983 1.681276e-08
1984 1.163971e-08
1985 7.596503e-09
1986 4.811643e-09
1987 3.071826e-09
1988 1.989960e-09
1989 1.321898e-09
1990 8.951381e-10
1991 6.076147e-10
1992 4.050732e-10
1993 2.601084e-10
1994 1.584049e-10
1995 4.787380e-08
1996 3.926159e-08
1997 3.004208e-08
1998 2.185405e-08
1999 1.535532e-08
2000 1.024792e-08
2001 6.485385e-09
2002 4.125173e-09
2003 2.633013e-09
2004 1.723300e-09
2005 1.153847e-09
2006 7.803437e-10
2007 5.228376e-10
2008 3.401662e-10
2009 2.113135e-10
2010 5.727056e-08
2011 4.819180e-08
2012 3.773185e-08
2013 2.785527e-08
2014 1.979940e-08
2015 1.348729e-08
2016 8.628832e-09
2017 5.448820e-09
2018 3.445293e-09
2019 2.223013e-09
2020 1.468295e-09
2021 9.855315e-10
2022 6.606655e-10
2023 4.335314e-10
2024 2.735880e-10
2025 6.792540e-08
2026 5.863971e-08
2027 4.706859e-08
2028 3.539049e-08
2029 2.544539e-08
2030 1.763258e-08
2031 1.150816e-08
2032 7.218466e-09
2033 4.550297e-09
2034 2.891143e-09
2035 1.879127e-09
2036 1.246446e-09
2037 8.321397e-10
2038 5.485122e-10
2039 3.503669e-10
2040 8.106519e-08
2041 7.193495e-08
2042 5.941533e-08
2043 4.575285e-08
2044 3.338923e-08
2045 2.348795e-08
2046 1.571648e-08
2047 9.901500e-09
2048 6.214299e-09
2049 3.889126e-09
2050 2.483013e-09
2051 1.619589e-09
2052 1.070365e-09
2053 7.048604e-10
2054 4.539908e-10
2055 1.024540e-07
2056 9.434895e-08
2057 8.121276e-08
2058 6.507267e-08
2059 4.888022e-08
2060 3.508392e-08
2061 2.419802e-08
2062 1.571247e-08
2063 9.784484e-09
2064 6.073780e-09
2065 3.778984e-09
2066 2.393240e-09
2067 1.542926e-09
2068 1.002214e-09
2069 6.453890e-10
2070 2.106846e-07
2071 2.158061e-07
2072 2.100988e-07
2073 1.925906e-07
2074 1.648176e-07
2075 1.311165e-07
2076 9.772356e-08
2077 6.955547e-08
2078 4.747886e-08
2079 3.014380e-08
2080 1.822532e-08
2081 1.083120e-08
2082 6.352745e-09
2083 3.718993e-09
2084 2.192615e-09
