0 2.307581e-09
1 1.556767e-09
2 1.015797e-09
3 6.572315e-10
4 4.285810e-10
5 2.826579e-10
6 1.878601e-10
7 1.241609e-10
8 8.033393e-11
9 5.021399e-11
10 3.008328e-11
11 1.724046e-11
12 9.490936e-12
13 5.074240e-12
14 2.671525e-12
15 3.708653e-09
16 2.555824e-09
17 1.690487e-09
18 1.090408e-09
19 7.055735e-10
20 4.608772e-10
21 3.049021e-10
22 2.024277e-10
23 1.327956e-10
24 8.475872e-11
25 5.205290e-11
26 3.059269e-11
27 1.721746e-11
28 9.342619e-12
29 4.955501e-12
30 4.218007e-09
31 2.924301e-09
32 1.944927e-09
33 1.255558e-09
34 8.106587e-10
35 5.280941e-10
36 3.485902e-10
37 2.314014e-10
38 1.522459e-10
39 9.767545e-11
40 6.038753e-11
41 3.575042e-11
42 2.025982e-11
43 1.105012e-11
44 5.878310e-12
45 4.512003e-09
46 3.136760e-09
47 2.091735e-09
48 1.350818e-09
49 8.713129e-10
50 5.668787e-10
51 3.737922e-10
52 2.481634e-10
53 1.634683e-10
54 1.051273e-10
55 6.519822e-11
56 3.872630e-11
57 2.201469e-11
58 1.203540e-11
59 6.411538e-12
60 4.717081e-09
61 3.285384e-09
62 2.194351e-09
63 1.417416e-09
64 9.136534e-10
65 5.939625e-10
66 3.913806e-10
67 2.598429e-10
68 1.713029e-10
69 1.103366e-10
70 6.855932e-11
71 4.080708e-11
72 2.324060e-11
73 1.272395e-11
74 6.783189e-12
75 4.875800e-09
76 3.399913e-09
77 2.273519e-09
78 1.468782e-09
79 9.463840e-10
80 6.149029e-10
81 4.049861e-10
82 2.688810e-10
83 1.773554e-10
84 1.143545e-10
85 7.115483e-11
86 4.241309e-11
87 2.418772e-11
88 1.325571e-11
89 7.070374e-12
90 5.006834e-09
91 3.494711e-09
92 2.339238e-09
93 1.511336e-09
94 9.734422e-10
95 6.322272e-10
96 4.162471e-10
97 2.763580e-10
98 1.823739e-10
99 1.176875e-10
100 7.330068e-11
101 4.374034e-11
102 2.497077e-11
103 1.369524e-11
104 7.308278e-12
105 5.123744e-09
106 3.579364e-09
107 2.397453e-09
108 1.549188e-09
109 9.975217e-10
110 6.476221e-10
111 4.262493e-10
112 2.829878e-10
113 1.868270e-10
114 1.206470e-10
115 7.521216e-11
116 4.492451e-11
117 2.566761e-11
118 1.408618e-11
119 7.520208e-12
120 5.238880e-09
121 3.662143e-09
122 2.454198e-09
123 1.585967e-09
124 1.020943e-09
125 6.625990e-10
126 4.359777e-10
127 2.894580e-10
128 1.911679e-10
129 1.235524e-10
130 7.707073e-11
131 4.607176e-11
132 2.634564e-11
133 1.446751e-11
134 7.725732e-12
135 5.375475e-09
136 3.761520e-09
137 2.523276e-09
138 1.630785e-09
139 1.049476e-09
140 6.808189e-10
141 4.478195e-10
142 2.973223e-10
143 1.964446e-10
144 1.270336e-10
145 7.932794e-11
146 4.747173e-11
147 2.717154e-11
148 1.493139e-11
149 7.976247e-12
150 7.201615e-09
151 5.115746e-09
152 3.492069e-09
153 2.276661e-09
154 1.459287e-09
155 9.409714e-10
156 6.139683e-10
157 4.060320e-10
158 2.691491e-10
159 1.757953e-10
160 1.115018e-10
161 6.794535e-11
162 3.961767e-11
163 2.211415e-11
164 1.193796e-11
165 8.949749e-09
166 6.423372e-09
167 4.439767e-09
168 2.927604e-09
169 1.874009e-09
170 1.204468e-09
171 7.807023e-10
172 5.138263e-10
173 3.405173e-10
174 2.236146e-10
175 1.432223e-10
176 8.841384e-11
177 5.227444e-11
178 2.956442e-11
179 1.610835e-11
180 1.000098e-08
181 7.214096e-09
182 5.012971e-09
183 3.323242e-09
184 2.128030e-09
185 1.365469e-09
186 8.826003e-10
187 5.795570e-10
188 3.838659e-10
189 2.526595e-10
190 1.625129e-10
191 1.008605e-10
192 6.000751e-11
193 3.413969e-11
194 1.868272e-11
195 1.073794e-08
196 7.767222e-09
197 5.414912e-09
198 3.600473e-09
199 2.306243e-09
200 1.478329e-09
201 9.538730e-10
202 6.255873e-10
203 4.143287e-10
204 2.729592e-10
205 1.759949e-10
206 1.096111e-10
207 6.542887e-11
208 3.733780e-11
209 2.048605e-11
210 1.130531e-08
211 8.193627e-09
212 5.723842e-09
213 3.814382e-09
214 2.443372e-09
215 1.565162e-09
216 1.008975e-09
217 6.609887e-10
218 4.377356e-10
219 2.886573e-10
220 1.864154e-10
221 1.163224e-10
222 6.959330e-11
223 3.980134e-11
224 2.187349e-11
225 1.177545e-08
226 8.547467e-09
227 5.980764e-09
228 3.991912e-09
229 2.556658e-09
230 1.637060e-09
231 1.054545e-09
232 6.904396e-10
233 4.571083e-10
234 3.016123e-10
235 1.950392e-10
236 1.218999e-10
237 7.305570e-11
238 4.185179e-11
239 2.302685e-11
240 1.219588e-08
241 8.863509e-09
242 6.208943e-09
243 4.149375e-09
244 2.657539e-09
245 1.700752e-09
246 1.094863e-09
247 7.166366e-10
248 4.743646e-10
249 3.131787e-10
250 2.027085e-10
251 1.268522e-10
252 7.614615e-11
253 4.367186e-11
254 2.405280e-11
255 1.260418e-08
256 9.169785e-09
257 6.432444e-09
258 4.303475e-09
259 2.756482e-09
260 1.763012e-09
261 1.134555e-09
262 7.421341e-10
263 4.912174e-10
264 3.243926e-10
265 2.101827e-10
266 1.317160e-10
267 7.912755e-11
268 4.545057e-11
269 2.504073e-11
270 1.309455e-08
271 9.540374e-09
272 6.700678e-09
273 4.489201e-09
274 2.875564e-09
275 1.838930e-09
276 1.182260e-09
277 7.729324e-10
278 5.115003e-10
279 3.379749e-10
280 2.191778e-10
281 1.375096e-10
282 8.275259e-11
283 4.758570e-11
284 2.625518e-11
285 1.192646e-08
286 8.700147e-09
287 6.111717e-09
288 4.112961e-09
289 2.646681e-09
290 1.692319e-09
291 1.088006e-09
292 7.096715e-10
293 4.684475e-10
294 3.088383e-10
295 2.001248e-10
296 1.256642e-10
297 7.580034e-11
298 4.374472e-11
299 2.423706e-11
300 1.392599e-08
301 1.025567e-08
302 7.261060e-09
303 4.936328e-09
304 3.196872e-09
305 2.038102e-09
306 1.306618e-09
307 8.477186e-10
308 5.577146e-10
309 3.680257e-10
310 2.395612e-10
311 1.516363e-10
312 9.237436e-11
313 5.386188e-11
314 3.010935e-11
315 1.535222e-08
316 1.136755e-08
317 8.084247e-09
318 5.526410e-09
319 3.592615e-09
320 2.286941e-09
321 1.463761e-09
322 9.470530e-10
323 6.218862e-10
324 4.103917e-10
325 2.678459e-10
326 1.702830e-10
327 1.042698e-10
328 6.114410e-11
329 3.435001e-11
330 1.645608e-08
331 1.222866e-08
332 8.721285e-09
333 5.982894e-09
334 3.898170e-09
335 2.479591e-09
336 1.585055e-09
337 1.023739e-09
338 6.714753e-10
339 4.431501e-10
340 2.896844e-10
341 1.846814e-10
342 1.134538e-10
343 6.676647e-11
344 3.762812e-11
345 1.736525e-08
346 1.293857e-08
347 9.245998e-09
348 6.359435e-09
349 4.150443e-09
350 2.638537e-09
351 1.685597e-09
352 1.087060e-09
353 7.123743e-10
354 4.702322e-10
355 3.077887e-10
356 1.965692e-10
357 1.210595e-10
358 7.140960e-11
359 4.033106e-11
360 1.817764e-08
361 1.357046e-08
362 9.713838e-09
363 6.694709e-09
364 4.375812e-09
365 2.779850e-09
366 1.775150e-09
367 1.143525e-09
368 7.488078e-10
369 4.943527e-10
370 3.238664e-10
371 2.071671e-10
372 1.278434e-10
373 7.555058e-11
374 4.274355e-11
375 1.896564e-08
376 1.418651e-08
377 1.017027e-08
378 7.021267e-09
379 4.594270e-09
380 2.917705e-09
381 1.861937e-09
382 1.198392e-09
383 7.842677e-10
384 5.177793e-10
385 3.394844e-10
386 2.174508e-10
387 1.344024e-10
388 7.957074e-11
389 4.508604e-11
390 1.992142e-08
391 1.493147e-08
392 1.072115e-08
393 7.416567e-09
394 4.859783e-09
395 3.084340e-09
396 1.967404e-09
397 1.264718e-09
398 8.273360e-10
399 5.463257e-10
400 3.584460e-10
401 2.299688e-10
402 1.423776e-10
403 8.445936e-11
404 4.793205e-11
405 1.689339e-08
406 1.262614e-08
407 9.035699e-09
408 6.225027e-09
409 4.084375e-09
410 2.598511e-09
411 1.660889e-09
412 1.069210e-09
413 6.990363e-10
414 4.606129e-10
415 3.012228e-10
416 1.925073e-10
417 1.187913e-10
418 7.028216e-11
419 3.984409e-11
420 1.914395e-08
421 1.444710e-08
422 1.040881e-08
423 7.225580e-09
424 4.781492e-09
425 3.043569e-09
426 1.941043e-09
427 1.244053e-09
428 8.102865e-10
429 5.330346e-10
430 3.492373e-10
431 2.243506e-10
432 1.394740e-10
433 8.322649e-11
434 4.757643e-11
435 2.089851e-08
436 1.586937e-08
437 1.148265e-08
438 8.006627e-09
439 5.326308e-09
440 3.392026e-09
441 2.160207e-09
442 1.380846e-09
443 8.972073e-10
444 5.896192e-10
445 3.867579e-10
446 2.492278e-10
447 1.556135e-10
448 9.333796e-11
449 5.363355e-11
450 2.234553e-08
451 1.704363e-08
452 1.236948e-08
453 8.653285e-09
454 5.777378e-09
455 3.680377e-09
456 2.341381e-09
457 1.493954e-09
458 9.691212e-10
459 6.364138e-10
460 4.177511e-10
461 2.697670e-10
462 1.689808e-10
463 1.016941e-10
464 5.863970e-11
465 2.364136e-08
466 1.809162e-08
467 1.316003e-08
468 9.229153e-09
469 6.178865e-09
470 3.936716e-09
471 2.502953e-09
472 1.594832e-09
473 1.033110e-09
474 6.780609e-10
475 4.453736e-10
476 2.880911e-10
477 1.808667e-10
478 1.091615e-10
479 6.309831e-11
480 2.489185e-08
481 1.910672e-08
482 1.392564e-08
483 9.786846e-09
484 6.567152e-09
485 4.185902e-09
486 2.659509e-09
487 1.692561e-09
488 1.095137e-09
489 7.184899e-10
490 4.721681e-10
491 3.058681e-10
492 1.924244e-10
493 1.163658e-10
494 6.742049e-11
495 2.641229e-08
496 2.033895e-08
497 1.485737e-08
498 1.046514e-08
499 7.040737e-09
500 4.488658e-09
501 2.850031e-09
502 1.811471e-09
503 1.170700e-09
504 7.677040e-10
505 5.047775e-10
506 3.274736e-10
507 2.064406e-10
508 1.251595e-10
509 7.267752e-11
510 2.226166e-08
511 1.704384e-08
512 1.240204e-08
513 8.689447e-09
514 5.823361e-09
515 3.723979e-09
516 2.366767e-09
517 1.509417e-09
518 9.770353e-10
519 6.402887e-10
520 4.198399e-10
521 2.711954e-10
522 1.701523e-10
523 1.026902e-10
524 5.941894e-11
525 2.479239e-08
526 1.917158e-08
527 1.405027e-08
528 9.902158e-09
529 6.689309e-09
530 4.296790e-09
531 2.723982e-09
532 1.732885e-09
533 1.116992e-09
534 7.298001e-10
535 4.785484e-10
536 3.100834e-10
537 1.956250e-10
538 1.189170e-10
539 6.934745e-11
540 2.689324e-08
541 2.094039e-08
542 1.541726e-08
543 1.091063e-08
544 7.409256e-09
545 4.772986e-09
546 3.020985e-09
547 1.918679e-09
548 1.233338e-09
549 8.042161e-10
550 5.272666e-10
551 3.423388e-10
552 2.168002e-10
553 1.323890e-10
554 7.758319e-11
555 2.876791e-08
556 2.251182e-08
557 1.663547e-08
558 1.180737e-08
559 8.049987e-09
560 5.196624e-09
561 3.285368e-09
562 2.084152e-09
563 1.336787e-09
564 8.703900e-10
565 5.706721e-10
566 3.710945e-10
567 2.356371e-10
568 1.444147e-10
569 8.493592e-11
570 3.058295e-08
571 2.403783e-08
572 1.781611e-08
573 1.267802e-08
574 8.670525e-09
575 5.608085e-09
576 3.541740e-09
577 2.244528e-09
578 1.437123e-09
579 9.346098e-10
580 6.127357e-10
581 3.989504e-10
582 2.539360e-10
583 1.560441e-10
584 9.205759e-11
585 3.278150e-08
586 2.589390e-08
587 1.925108e-08
588 1.373391e-08
589 9.424881e-09
590 6.107324e-09
591 3.853930e-09
592 2.439558e-09
593 1.559081e-09
594 1.012659e-09
595 6.638709e-10
596 4.328207e-10
597 2.761325e-10
598 1.701799e-10
599 1.007146e-10
600 2.816542e-08
601 2.208922e-08
602 1.635715e-08
603 1.161892e-08
604 7.930955e-09
605 5.141208e-09
606 3.250677e-09
607 2.063500e-09
608 1.321610e-09
609 8.590459e-10
610 5.623723e-10
611 3.653728e-10
612 2.320139e-10
613 1.423328e-10
614 8.387545e-11
615 3.105492e-08
616 2.460445e-08
617 1.836071e-08
618 1.311507e-08
619 9.013524e-09
620 5.882564e-09
621 3.715470e-09
622 2.354956e-09
623 1.501741e-09
624 9.724891e-10
625 6.356415e-10
626 4.135605e-10
627 2.637397e-10
628 1.627654e-10
629 9.659325e-11
630 3.363010e-08
631 2.684501e-08
632 2.014495e-08
633 1.444739e-08
634 9.978531e-09
635 6.543138e-09
636 4.130012e-09
637 2.614757e-09
638 1.661938e-09
639 1.073522e-09
640 7.009731e-10
641 4.565458e-10
642 2.919991e-10
643 1.809994e-10
644 1.079478e-10
645 3.612236e-08
646 2.901421e-08
647 2.187342e-08
648 1.573959e-08
649 1.091209e-08
650 7.183505e-09
651 4.531398e-09
652 2.866434e-09
653 1.817329e-09
654 1.171352e-09
655 7.642341e-10
656 4.981101e-10
657 3.193645e-10
658 1.986059e-10
659 1.189367e-10
660 3.915477e-08
661 3.166027e-08
662 2.398002e-08
663 1.731088e-08
664 1.204938e-08
665 7.962670e-09
666 5.019472e-09
667 3.172714e-09
668 2.006392e-09
669 1.290615e-09
670 8.412896e-10
671 5.488317e-10
672 3.527352e-10
673 2.201421e-10
674 1.323054e-10
675 3.482105e-08
676 2.797562e-08
677 2.111479e-08
678 1.520120e-08
679 1.053595e-08
680 6.950499e-09
681 4.396045e-09
682 2.779979e-09
683 1.762650e-09
684 1.135112e-09
685 7.393814e-10
686 4.812252e-10
687 3.082222e-10
688 1.916340e-10
689 1.147873e-10
690 3.825751e-08
691 3.107149e-08
692 2.365899e-08
693 1.713679e-08
694 1.195024e-08
695 7.945282e-09
696 5.035777e-09
697 3.178042e-09
698 2.007301e-09
699 1.287315e-09
700 8.361439e-10
701 5.441575e-10
702 3.495089e-10
703 2.184554e-10
704 1.317264e-10
705 4.159216e-08
706 3.407017e-08
707 2.612367e-08
708 1.901092e-08
709 1.331922e-08
710 8.909174e-09
711 5.654853e-09
712 3.562998e-09
713 2.244192e-09
714 1.434654e-09
715 9.297036e-10
716 6.051166e-10
717 3.895205e-10
718 2.443883e-10
719 1.481156e-10
720 4.564573e-08
721 3.772357e-08
722 2.912286e-08
723 2.129184e-08
724 1.498515e-08
725 1.008120e-08
726 6.408128e-09
727 4.031464e-09
728 2.532345e-09
729 1.613846e-09
730 1.043767e-09
731 6.791821e-10
732 4.381672e-10
733 2.760024e-10
734 1.680492e-10
735 4.272546e-08
736 3.520576e-08
737 2.715450e-08
738 1.984901e-08
739 1.394867e-08
740 9.375408e-09
741 5.981240e-09
742 3.762050e-09
743 2.368184e-09
744 1.509012e-09
745 9.749459e-10
746 6.332718e-10
747 4.076643e-10
748 2.563201e-10
749 1.558622e-10
750 4.714269e-08
751 3.931778e-08
752 3.064827e-08
753 2.257233e-08
754 1.595940e-08
755 1.081742e-08
756 6.941261e-09
757 4.355788e-09
758 2.735785e-09
759 1.734135e-09
760 1.115424e-09
761 7.230986e-10
762 4.661800e-10
763 2.943457e-10
764 1.801326e-10
765 5.252692e-08
766 4.432242e-08
767 3.489904e-08
768 2.588747e-08
769 1.840709e-08
770 1.257115e-08
771 8.107829e-09
772 5.077714e-09
773 3.182307e-09
774 2.008000e-09
775 1.286291e-09
776 8.324962e-10
777 5.373537e-10
778 3.406737e-10
779 2.096802e-10
780 5.298101e-08
781 4.490913e-08
782 3.555585e-08
783 2.650370e-08
784 1.890108e-08
785 1.295072e-08
786 8.407368e-09
787 5.269473e-09
788 3.303144e-09
789 2.077684e-09
790 1.326454e-09
791 8.558331e-10
792 5.515073e-10
793 3.496677e-10
794 2.156548e-10
795 6.025689e-08
796 5.190715e-08
797 4.173430e-08
798 3.148474e-08
799 2.264299e-08
800 1.566715e-08
801 1.028448e-08
802 6.447526e-09
803 4.032847e-09
804 2.519392e-09
805 1.597243e-09
806 1.025434e-09
807 6.600815e-10
808 4.199048e-10
809 2.606863e-10
810 7.080907e-08
811 6.245989e-08
812 5.147128e-08
813 3.967997e-08
814 2.897840e-08
815 2.032710e-08
816 1.360824e-08
817 8.621058e-09
818 5.367225e-09
819 3.329252e-09
820 2.084543e-09
821 1.322382e-09
822 8.453488e-10
823 5.377103e-10
824 3.359909e-10
825 5.961653e-07
826 4.525514e-07
827 3.422349e-07
828 2.410213e-07
829 1.518237e-07
830 9.640248e-08
831 6.024944e-08
832 0.000000e+00
833 0.000000e+00
834 0.000000e+00
835 0.000000e+00
836 0.000000e+00
837 0.000000e+00
838 0.000000e+00
839 0.000000e+00
840 7.356972e-07
841 5.594457e-07
842 4.229896e-07
843 2.999010e-07
844 1.891371e-07
845 1.202046e-07
846 7.500865e-08
847 0.000000e+00
848 0.000000e+00
849 0.000000e+00
850 0.000000e+00
851 0.000000e+00
852 0.000000e+00
853 0.000000e+00
854 0.000000e+00
855 8.332383e-07
856 6.341570e-07
857 4.794347e-07
858 3.410645e-07
859 2.152236e-07
860 1.368437e-07
861 8.532743e-08
862 0.000000e+00
863 0.000000e+00
864 0.000000e+00
865 0.000000e+00
866 0.000000e+00
867 0.000000e+00
868 0.000000e+00
869 0.000000e+00
870 9.085881e-07
871 6.918765e-07
872 5.230404e-07
873 3.728600e-07
874 2.353755e-07
875 1.496970e-07
876 9.329818e-08
877 0.000000e+00
878 0.000000e+00
879 0.000000e+00
880 0.000000e+00
881 0.000000e+00
882 0.000000e+00
883 0.000000e+00
884 0.000000e+00
885 9.709056e-07
886 7.396257e-07
887 5.591147e-07
888 3.991627e-07
889 2.520459e-07
890 1.603304e-07
891 9.989282e-08
892 0.000000e+00
893 0.000000e+00
894 0.000000e+00
895 0.000000e+00
896 0.000000e+00
897 0.000000e+00
898 0.000000e+00
899 0.000000e+00
900 1.026479e-06
901 7.821980e-07
902 5.912765e-07
903 4.226132e-07
904 2.669082e-07
905 1.698103e-07
906 1.057727e-07
907 0.000000e+00
908 0.000000e+00
909 0.000000e+00
910 0.000000e+00
911 0.000000e+00
912 0.000000e+00
913 0.000000e+00
914 0.000000e+00
915 1.080380e-06
916 8.234870e-07
917 6.224707e-07
918 4.453603e-07
919 2.813218e-07
920 1.790043e-07
921 1.114750e-07
922 0.000000e+00
923 0.000000e+00
924 0.000000e+00
925 0.000000e+00
926 0.000000e+00
927 0.000000e+00
928 0.000000e+00
929 0.000000e+00
930 1.145999e-06
931 8.737530e-07
932 6.604415e-07
933 4.730541e-07
934 2.988706e-07
935 1.902011e-07
936 1.184169e-07
937 0.000000e+00
938 0.000000e+00
939 0.000000e+00
940 0.000000e+00
941 0.000000e+00
942 0.000000e+00
943 0.000000e+00
944 0.000000e+00
945 2.677874e-07
946 2.179689e-07
947 1.631227e-07
948 1.251449e-07
949 8.742343e-08
950 5.411387e-08
951 3.376933e-08
952 2.098236e-08
953 0.000000e+00
954 0.000000e+00
955 0.000000e+00
956 0.000000e+00
957 0.000000e+00
958 0.000000e+00
959 0.000000e+00
960 4.383611e-07
961 3.599058e-07
962 2.699766e-07
963 2.065507e-07
964 1.464210e-07
965 9.018815e-08
966 5.666543e-08
967 3.510278e-08
968 0.000000e+00
969 0.000000e+00
970 0.000000e+00
971 0.000000e+00
972 0.000000e+00
973 0.000000e+00
974 0.000000e+00
975 5.618307e-07
976 4.629255e-07
977 3.476292e-07
978 2.656542e-07
979 1.893819e-07
980 1.164865e-07
981 7.337925e-08
982 4.539743e-08
983 0.000000e+00
984 0.000000e+00
985 0.000000e+00
986 0.000000e+00
987 0.000000e+00
988 0.000000e+00
989 0.000000e+00
990 6.570335e-07
991 5.423465e-07
992 4.074957e-07
993 3.112260e-07
994 2.225021e-07
995 1.367622e-07
996 8.626358e-08
997 5.333375e-08
998 0.000000e+00
999 0.000000e+00
1000 0.000000e+00
1001 0.000000e+00
1002 0.000000e+00
1003 0.000000e+00
1004 0.000000e+00
1005 7.357664e-07
1006 6.080389e-07
1007 4.570097e-07
1008 3.489176e-07
1009 2.498910e-07
1010 1.535295e-07
1011 9.691880e-08
1012 5.989807e-08
1013 0.000000e+00
1014 0.000000e+00
1015 0.000000e+00
1016 0.000000e+00
1017 0.000000e+00
1018 0.000000e+00
1019 0.000000e+00
1020 8.059673e-07
1021 6.666126e-07
1022 5.011672e-07
1023 3.825241e-07
1024 2.743138e-07
1025 1.684815e-07
1026 1.064197e-07
1027 6.575007e-08
1028 0.000000e+00
1029 0.000000e+00
1030 0.000000e+00
1031 0.000000e+00
1032 0.000000e+00
1033 0.000000e+00
1034 0.000000e+00
1035 8.740552e-07
1036 7.234175e-07
1037 5.439854e-07
1038 4.151174e-07
1039 2.979983e-07
1040 1.829835e-07
1041 1.156334e-07
1042 7.142605e-08
1043 0.000000e+00
1044 0.000000e+00
1045 0.000000e+00
1046 0.000000e+00
1047 0.000000e+00
1048 0.000000e+00
1049 0.000000e+00
1050 9.569799e-07
1051 7.925873e-07
1052 5.961253e-07
1053 4.548044e-07
1054 3.268402e-07
1055 2.006406e-07
1056 1.268534e-07
1057 7.833761e-08
1058 0.000000e+00
1059 0.000000e+00
1060 0.000000e+00
1061 0.000000e+00
1062 0.000000e+00
1063 0.000000e+00
1064 0.000000e+00
1065 2.305199e-07
1066 2.040244e-07
1067 1.584337e-07
1068 1.183071e-07
1069 9.116376e-08
1070 5.735166e-08
1071 3.716073e-08
1072 2.241913e-08
1073 1.382711e-08
1074 0.000000e+00
1075 0.000000e+00
1076 0.000000e+00
1077 0.000000e+00
1078 0.000000e+00
1079 0.000000e+00
1080 3.631264e-07
1081 3.233641e-07
1082 2.523189e-07
1083 1.882307e-07
1084 1.452077e-07
1085 9.236450e-08
1086 5.955575e-08
1087 3.592096e-08
1088 2.215038e-08
1089 0.000000e+00
1090 0.000000e+00
1091 0.000000e+00
1092 0.000000e+00
1093 0.000000e+00
1094 0.000000e+00
1095 4.667186e-07
1096 4.166819e-07
1097 3.258067e-07
1098 2.429696e-07
1099 1.874973e-07
1100 1.198291e-07
1101 7.709742e-08
1102 4.650428e-08
1103 2.867327e-08
1104 0.000000e+00
1105 0.000000e+00
1106 0.000000e+00
1107 0.000000e+00
1108 0.000000e+00
1109 0.000000e+00
1110 5.522220e-07
1111 4.937006e-07
1112 3.864554e-07
1113 2.881445e-07
1114 2.224014e-07
1115 1.424926e-07
1116 9.157400e-08
1117 5.523809e-08
1118 3.405642e-08
1119 0.000000e+00
1120 0.000000e+00
1121 0.000000e+00
1122 0.000000e+00
1123 0.000000e+00
1124 0.000000e+00
1125 6.284704e-07
1126 5.623760e-07
1127 4.405342e-07
1128 3.284253e-07
1129 2.535237e-07
1130 1.626996e-07
1131 1.044820e-07
1132 6.302554e-08
1133 3.885628e-08
1134 0.000000e+00
1135 0.000000e+00
1136 0.000000e+00
1137 0.000000e+00
1138 0.000000e+00
1139 0.000000e+00
1140 7.024222e-07
1141 6.289831e-07
1142 4.929842e-07
1143 3.674930e-07
1144 2.837087e-07
1145 1.822972e-07
1146 1.170002e-07
1147 7.057847e-08
1148 4.351159e-08
1149 0.000000e+00
1150 0.000000e+00
1151 0.000000e+00
1152 0.000000e+00
1153 0.000000e+00
1154 0.000000e+00
1155 7.924561e-07
1156 7.100855e-07
1157 5.568487e-07
1158 4.150629e-07
1159 3.204627e-07
1160 2.061626e-07
1161 1.322429e-07
1162 7.977558e-08
1163 4.917980e-08
1164 0.000000e+00
1165 0.000000e+00
1166 0.000000e+00
1167 0.000000e+00
1168 0.000000e+00
1169 0.000000e+00
1170 2.147044e-07
1171 2.019371e-07
1172 1.654006e-07
1173 1.233482e-07
1174 9.466168e-08
1175 6.700242e-08
1176 4.074344e-08
1177 2.509959e-08
1178 1.540035e-08
1179 0.000000e+00
1180 0.000000e+00
1181 0.000000e+00
1182 0.000000e+00
1183 0.000000e+00
1184 0.000000e+00
1185 3.224631e-07
1186 3.044440e-07
1187 2.504238e-07
1188 1.869882e-07
1189 1.432467e-07
1190 1.021628e-07
1191 6.189819e-08
1192 3.831599e-08
1193 2.347102e-08
1194 0.000000e+00
1195 0.000000e+00
1196 0.000000e+00
1197 0.000000e+00
1198 0.000000e+00
1199 0.000000e+00
1200 4.113306e-07
1201 3.889995e-07
1202 3.205658e-07
1203 2.394933e-07
1204 1.833288e-07
1205 1.311770e-07
1206 7.935563e-08
1207 4.922626e-08
1208 3.013240e-08
1209 0.000000e+00
1210 0.000000e+00
1211 0.000000e+00
1212 0.000000e+00
1213 0.000000e+00
1214 0.000000e+00
1215 4.904682e-07
1216 4.642942e-07
1217 3.830210e-07
1218 2.862505e-07
1219 2.190210e-07
1220 1.570126e-07
1221 9.490235e-08
1222 5.894120e-08
1223 3.606359e-08
1224 0.000000e+00
1225 0.000000e+00
1226 0.000000e+00
1227 0.000000e+00
1228 0.000000e+00
1229 0.000000e+00
1230 5.672265e-07
1231 5.373121e-07
1232 4.436036e-07
1233 3.316003e-07
1234 2.536404e-07
1235 1.820690e-07
1236 1.099786e-07
1237 6.836320e-08
1238 4.181664e-08
1239 0.000000e+00
1240 0.000000e+00
1241 0.000000e+00
1242 0.000000e+00
1243 0.000000e+00
1244 0.000000e+00
1245 6.606926e-07
1246 6.262408e-07
1247 5.173682e-07
1248 3.868214e-07
1249 2.957941e-07
1250 2.125841e-07
1251 1.283402e-07
1252 7.983624e-08
1253 4.882177e-08
1254 0.000000e+00
1255 0.000000e+00
1256 0.000000e+00
1257 0.000000e+00
1258 0.000000e+00
1259 0.000000e+00
1260 2.094403e-07
1261 2.058486e-07
1262 1.773525e-07
1263 1.349409e-07
1264 1.014182e-07
1265 7.719959e-08
1266 4.621819e-08
1267 2.999677e-08
1268 1.800783e-08
1269 1.089512e-08
1270 0.000000e+00
1271 0.000000e+00
1272 0.000000e+00
1273 0.000000e+00
1274 0.000000e+00
1275 3.003760e-07
1276 2.959112e-07
1277 2.557119e-07
1278 1.949223e-07
1279 1.463484e-07
1280 1.116429e-07
1281 6.705163e-08
1282 4.355609e-08
1283 2.611220e-08
1284 1.578297e-08
1285 0.000000e+00
1286 0.000000e+00
1287 0.000000e+00
1288 0.000000e+00
1289 0.000000e+00
1290 3.809538e-07
1291 3.757075e-07
1292 3.251305e-07
1293 2.480558e-07
1294 1.861509e-07
1295 1.421526e-07
1296 8.548757e-08
1297 5.557271e-08
1298 3.328695e-08
1299 2.011189e-08
1300 0.000000e+00
1301 0.000000e+00
1302 0.000000e+00
1303 0.000000e+00
1304 0.000000e+00
1305 4.590837e-07
1306 4.530786e-07
1307 3.924382e-07
1308 2.995730e-07
1309 2.247427e-07
1310 1.717342e-07
1311 1.033703e-07
1312 6.721805e-08
1313 4.024596e-08
1314 2.430976e-08
1315 0.000000e+00
1316 0.000000e+00
1317 0.000000e+00
1318 0.000000e+00
1319 0.000000e+00
1320 5.542212e-07
1321 5.472923e-07
1322 4.743550e-07
1323 3.622716e-07
1324 2.717102e-07
1325 2.077551e-07
1326 1.251457e-07
1327 8.139838e-08
1328 4.871981e-08
1329 2.942269e-08
1330 0.000000e+00
1331 0.000000e+00
1332 0.000000e+00
1333 0.000000e+00
1334 0.000000e+00
1335 1.189685e-07
1336 1.204466e-07
1337 1.078586e-07
1338 8.422057e-08
1339 6.259914e-08
1340 4.860287e-08
1341 3.064162e-08
1342 1.985127e-08
1343 1.173269e-08
1344 7.064330e-09
1345 0.000000e+00
1346 0.000000e+00
1347 0.000000e+00
1348 0.000000e+00
1349 0.000000e+00
1350 2.102041e-07
1351 2.135790e-07
1352 1.922218e-07
1353 1.507293e-07
1354 1.119705e-07
1355 8.693640e-08
1356 5.541280e-08
1357 3.568659e-08
1358 2.108307e-08
1359 1.270989e-08
1360 0.000000e+00
1361 0.000000e+00
1362 0.000000e+00
1363 0.000000e+00
1364 0.000000e+00
1365 2.915874e-07
1366 2.966956e-07
1367 2.675435e-07
1368 2.101552e-07
1369 1.560837e-07
1370 1.211762e-07
1371 7.757230e-08
1372 4.983900e-08
1373 2.944270e-08
1374 1.775755e-08
1375 0.000000e+00
1376 0.000000e+00
1377 0.000000e+00
1378 0.000000e+00
1379 0.000000e+00
1380 3.702988e-07
1381 3.770720e-07
1382 3.403809e-07
1383 2.676012e-07
1384 1.987283e-07
1385 1.542789e-07
1386 9.899380e-08
1387 6.352133e-08
1388 3.752436e-08
1389 2.263632e-08
1390 0.000000e+00
1391 0.000000e+00
1392 0.000000e+00
1393 0.000000e+00
1394 0.000000e+00
1395 4.661286e-07
1396 4.749288e-07
1397 4.290648e-07
1398 3.375442e-07
1399 2.506496e-07
1400 1.945883e-07
1401 1.250747e-07
1402 8.017523e-08
1403 4.736637e-08
1404 2.857811e-08
1405 0.000000e+00
1406 0.000000e+00
1407 0.000000e+00
1408 0.000000e+00
1409 0.000000e+00
1410 1.343554e-07
1411 1.398755e-07
1412 1.302420e-07
1413 1.053278e-07
1414 7.820146e-08
1415 6.037334e-08
1416 4.153590e-08
1417 2.549584e-08
1418 1.520565e-08
1419 9.202050e-09
1420 0.000000e+00
1421 0.000000e+00
1422 0.000000e+00
1423 0.000000e+00
1424 0.000000e+00
1425 2.164765e-07
1426 2.258413e-07
1427 2.109207e-07
1428 1.711126e-07
1429 1.271183e-07
1430 9.801399e-08
1431 6.790691e-08
1432 4.148208e-08
1433 2.482424e-08
1434 1.501027e-08
1435 0.000000e+00
1436 0.000000e+00
1437 0.000000e+00
1438 0.000000e+00
1439 0.000000e+00
1440 2.953155e-07
1441 3.083638e-07
1442 2.883630e-07
1443 2.342519e-07
1444 1.740695e-07
1445 1.341393e-07
1446 9.321372e-08
1447 5.682368e-08
1448 3.405538e-08
1449 2.058498e-08
1450 0.000000e+00
1451 0.000000e+00
1452 0.000000e+00
1453 0.000000e+00
1454 0.000000e+00
1455 3.912671e-07
1456 4.088008e-07
1457 3.826124e-07
1458 3.111051e-07
1459 2.312134e-07
1460 1.781114e-07
1461 1.240089e-07
1462 7.549728e-08
1463 4.528960e-08
1464 2.736942e-08
1465 0.000000e+00
1466 0.000000e+00
1467 0.000000e+00
1468 0.000000e+00
1469 0.000000e+00
1470 7.111344e-08
1471 7.548522e-08
1472 7.227828e-08
1473 6.022319e-08
1474 4.503095e-08
1475 3.432445e-08
1476 2.509351e-08
1477 1.481220e-08
1478 9.164226e-09
1479 5.489754e-09
1480 0.000000e+00
1481 0.000000e+00
1482 0.000000e+00
1483 0.000000e+00
1484 0.000000e+00
1485 1.517938e-07
1486 1.616658e-07
1487 1.555616e-07
1488 1.303743e-07
1489 9.771892e-08
1490 7.428676e-08
1491 5.479277e-08
1492 3.225573e-08
1493 2.013466e-08
1494 1.202747e-08
1495 0.000000e+00
1496 0.000000e+00
1497 0.000000e+00
1498 0.000000e+00
1499 0.000000e+00
1500 2.306335e-07
1501 2.459211e-07
1502 2.370427e-07
1503 1.990731e-07
1504 1.493427e-07
1505 1.134265e-07
1506 8.390999e-08
1507 4.936282e-08
1508 3.090601e-08
1509 1.844400e-08
1510 0.000000e+00
1511 0.000000e+00
1512 0.000000e+00
1513 0.000000e+00
1514 0.000000e+00
1515 3.262965e-07
1516 3.481501e-07
1517 3.359001e-07
1518 2.824101e-07
1519 2.119641e-07
1520 1.609053e-07
1521 1.192274e-07
1522 7.011275e-08
1523 4.397055e-08
1524 2.622616e-08
1525 0.000000e+00
1526 0.000000e+00
1527 0.000000e+00
1528 0.000000e+00
1529 0.000000e+00
1530 9.487615e-08
1531 1.028155e-07
1532 1.014783e-07
1533 8.771930e-08
1534 6.674453e-08
1535 5.007922e-08
1536 3.833166e-08
1537 2.264639e-08
1538 1.468718e-08
1539 8.650902e-09
1540 5.052908e-09
1541 0.000000e+00
1542 0.000000e+00
1543 0.000000e+00
1544 0.000000e+00
1545 1.737898e-07
1546 1.886742e-07
1547 1.867130e-07
1548 1.619677e-07
1549 1.235074e-07
1550 9.255665e-08
1551 7.101692e-08
1552 4.212095e-08
1553 2.736878e-08
1554 1.609466e-08
1555 9.388062e-09
1556 0.000000e+00
1557 0.000000e+00
1558 0.000000e+00
1559 0.000000e+00
1560 2.688780e-07
1561 2.921243e-07
1562 2.894050e-07
1563 2.513993e-07
1564 1.918793e-07
1565 1.437230e-07
1566 1.103852e-07
1567 6.557550e-08
1568 4.263987e-08
1569 2.505910e-08
1570 1.460918e-08
1571 0.000000e+00
1572 0.000000e+00
1573 0.000000e+00
1574 0.000000e+00
1575 1.225210e-07
1576 1.351530e-07
1577 1.368990e-07
1578 1.224835e-07
1579 9.543348e-08
1580 7.089978e-08
1581 5.515128e-08
1582 3.432073e-08
1583 2.226029e-08
1584 1.292248e-08
1585 7.542938e-09
1586 0.000000e+00
1587 0.000000e+00
1588 0.000000e+00
1589 0.000000e+00
1590 2.169097e-07
1591 2.395088e-07
1592 2.429501e-07
1593 2.177902e-07
1594 1.699671e-07
1595 1.262321e-07
1596 9.820782e-08
1597 6.137984e-08
1598 3.973298e-08
1599 2.305215e-08
1600 1.346886e-08
1601 0.000000e+00
1602 0.000000e+00
1603 0.000000e+00
1604 0.000000e+00
1605 6.394120e-05
1606 4.836437e-05
1607 3.681899e-05
1608 2.645851e-05
1609 1.646067e-05
1610 1.050870e-05
1611 6.543004e-06
1612 0.000000e+00
1613 0.000000e+00
1614 0.000000e+00
1615 0.000000e+00
1616 0.000000e+00
1617 0.000000e+00
1618 0.000000e+00
1619 0.000000e+00
1620 5.104810e-05
1621 4.225854e-05
1622 3.165518e-05
1623 2.419731e-05
1624 1.749547e-05
1625 1.061482e-05
1626 6.695265e-06
1627 4.148521e-06
1628 0.000000e+00
1629 0.000000e+00
1630 0.000000e+00
1631 0.000000e+00
1632 0.000000e+00
1633 0.000000e+00
1634 0.000000e+00
1635 4.023481e-05
1636 3.610596e-05
1637 2.827794e-05
1638 2.102664e-05
1639 1.632648e-05
1640 1.042947e-05
1641 6.760565e-06
1642 4.053828e-06
1643 2.496221e-06
1644 0.000000e+00
1645 0.000000e+00
1646 0.000000e+00
1647 0.000000e+00
1648 0.000000e+00
1649 0.000000e+00
1650 3.254703e-05
1651 3.090268e-05
1652 2.553929e-05
1653 1.906016e-05
1654 1.458117e-05
1655 1.053021e-05
1656 6.308800e-06
1657 3.912506e-06
1658 2.397657e-06
1659 0.000000e+00
1660 0.000000e+00
1661 0.000000e+00
1662 0.000000e+00
1663 0.000000e+00
1664 0.000000e+00
1665 2.700306e-05
1666 2.670683e-05
1667 2.317473e-05
1668 1.768420e-05
1669 1.324786e-05
1670 1.017909e-05
1671 6.082032e-06
1672 3.987822e-06
1673 2.386228e-06
1674 1.433637e-06
1675 0.000000e+00
1676 0.000000e+00
1677 0.000000e+00
1678 0.000000e+00
1679 0.000000e+00
1680 2.277464e-05
1681 2.323649e-05
1682 2.102146e-05
1683 1.653843e-05
1684 1.226528e-05
1685 9.544167e-06
1686 6.127362e-06
1687 3.946218e-06
1688 2.322868e-06
1689 1.402435e-06
1690 0.000000e+00
1691 0.000000e+00
1692 0.000000e+00
1693 0.000000e+00
1694 0.000000e+00
1695 1.942457e-05
1696 2.032017e-05
1697 1.904653e-05
1698 1.549729e-05
1699 1.150725e-05
1700 8.867663e-06
1701 6.194355e-06
1702 3.759548e-06
1703 2.246862e-06
1704 1.360682e-06
1705 0.000000e+00
1706 0.000000e+00
1707 0.000000e+00
1708 0.000000e+00
1709 0.000000e+00
1710 1.672536e-05
1711 1.786541e-05
1712 1.726188e-05
1713 1.452981e-05
1714 1.090109e-05
1715 8.270152e-06
1716 6.153343e-06
1717 3.598064e-06
1718 2.260865e-06
1719 1.347905e-06
1720 0.000000e+00
1721 0.000000e+00
1722 0.000000e+00
1723 0.000000e+00
1724 0.000000e+00
1725 1.444082e-05
1726 1.570550e-05
1727 1.558153e-05
1728 1.355447e-05
1729 1.034712e-05
1730 7.743216e-06
1731 5.965413e-06
1732 3.532423e-06
1733 2.308781e-06
1734 1.356482e-06
1735 7.873501e-07
1736 0.000000e+00
1737 0.000000e+00
1738 0.000000e+00
1739 0.000000e+00
1740 1.244307e-05
1741 1.375310e-05
1742 1.397042e-05
1743 1.254432e-05
1744 9.797066e-06
1745 7.270237e-06
1746 5.664814e-06
1747 3.543310e-06
1748 2.299827e-06
1749 1.332286e-06
1750 7.783402e-07
1751 0.000000e+00
1752 0.000000e+00
1753 0.000000e+00
1754 0.000000e+00
1755 1.332348e-06
1756 1.016724e-06
1757 7.685295e-07
1758 5.518939e-07
1759 3.488460e-07
1760 2.220806e-07
1761 1.381900e-07
1762 0.000000e+00
1763 0.000000e+00
1764 0.000000e+00
1765 0.000000e+00
1766 0.000000e+00
1767 0.000000e+00
1768 0.000000e+00
1769 0.000000e+00
1770 1.192640e-06
1771 9.893882e-07
1772 7.445528e-07
1773 5.678206e-07
1774 4.089774e-07
1775 2.509242e-07
1776 1.588088e-07
1777 9.802286e-08
1778 0.000000e+00
1779 0.000000e+00
1780 0.000000e+00
1781 0.000000e+00
1782 0.000000e+00
1783 0.000000e+00
1784 0.000000e+00
1785 1.048400e-06
1786 9.408234e-07
1787 7.386433e-07
1788 5.504954e-07
1789 4.251146e-07
1790 2.741238e-07
1791 1.756506e-07
1792 1.059639e-07
1793 6.532111e-08
1794 0.000000e+00
1795 0.000000e+00
1796 0.000000e+00
1797 0.000000e+00
1798 0.000000e+00
1799 0.000000e+00
1800 9.263962e-07
1801 8.791972e-07
1802 7.272777e-07
1803 5.439889e-07
1804 4.158060e-07
1805 2.994523e-07
1806 1.806039e-07
1807 1.124989e-07
1808 6.876460e-08
1809 0.000000e+00
1810 0.000000e+00
1811 0.000000e+00
1812 0.000000e+00
1813 0.000000e+00
1814 0.000000e+00
1815 8.247380e-07
1816 8.153512e-07
1817 7.076518e-07
1818 5.408674e-07
1819 4.055118e-07
1820 3.102957e-07
1821 1.871507e-07
1822 1.217677e-07
1823 7.285020e-08
1824 4.397158e-08
1825 0.000000e+00
1826 0.000000e+00
1827 0.000000e+00
1828 0.000000e+00
1829 0.000000e+00
1830 7.388792e-07
1831 7.535791e-07
1832 6.816413e-07
1833 5.368072e-07
1834 3.985817e-07
1835 3.094179e-07
1836 1.993693e-07
1837 1.276302e-07
1838 7.539680e-08
1839 4.550166e-08
1840 0.000000e+00
1841 0.000000e+00
1842 0.000000e+00
1843 0.000000e+00
1844 0.000000e+00
1845 6.644123e-07
1846 6.948488e-07
1847 6.510629e-07
1848 5.299894e-07
1849 3.939846e-07
1850 3.033661e-07
1851 2.117337e-07
1852 1.286897e-07
1853 7.729304e-08
1854 4.669577e-08
1855 0.000000e+00
1856 0.000000e+00
1857 0.000000e+00
1858 0.000000e+00
1859 0.000000e+00
1860 5.986983e-07
1861 6.393657e-07
1862 6.175490e-07
1863 5.198649e-07
1864 3.903967e-07
1865 2.962001e-07
1866 2.198568e-07
1867 1.292404e-07
1868 8.119519e-08
1869 4.840090e-08
1870 0.000000e+00
1871 0.000000e+00
1872 0.000000e+00
1873 0.000000e+00
1874 0.000000e+00
1875 5.397405e-07
1876 5.869161e-07
1877 5.820763e-07
1878 5.063025e-07
1879 3.867601e-07
1880 2.895681e-07
1881 2.225877e-07
1882 1.324320e-07
1883 8.616581e-08
1884 5.060913e-08
1885 2.949165e-08
1886 0.000000e+00
1887 0.000000e+00
1888 0.000000e+00
1889 0.000000e+00
1890 4.855403e-07
1891 5.365877e-07
1892 5.448834e-07
1893 4.891332e-07
1894 3.821528e-07
1895 2.837649e-07
1896 2.207853e-07
1897 1.383974e-07
1898 8.946541e-08
1899 5.188579e-08
1900 3.033788e-08
1901 0.000000e+00
1902 0.000000e+00
1903 0.000000e+00
1904 0.000000e+00
1905 5.769062e-09
1906 4.046154e-09
1907 2.719878e-09
1908 1.758427e-09
1909 1.130633e-09
1910 7.327549e-10
1911 4.815680e-10
1912 3.197362e-10
1913 2.114684e-10
1914 1.370143e-10
1915 8.577373e-11
1916 5.145899e-11
1917 2.952293e-11
1918 1.625121e-11
1919 8.688897e-12
1920 1.450830e-08
1921 1.060113e-08
1922 7.470831e-09
1923 5.019167e-09
1924 3.216366e-09
1925 2.054262e-09
1926 1.318621e-09
1927 8.609568e-10
1928 5.698661e-10
1929 3.769748e-10
1930 2.450774e-10
1931 1.542720e-10
1932 9.314202e-11
1933 5.371540e-11
1934 2.970034e-11
1935 2.265459e-08
1936 1.706540e-08
1937 1.229751e-08
1938 8.546936e-09
1939 5.617318e-09
1940 3.561067e-09
1941 2.268593e-09
1942 1.454983e-09
1943 9.501636e-10
1944 6.274335e-10
1945 4.126186e-10
1946 2.656121e-10
1947 1.651621e-10
1948 9.838947e-11
1949 5.604441e-11
1950 3.075377e-08
1951 2.385642e-08
1952 1.751244e-08
1953 1.240040e-08
1954 8.389197e-09
1955 5.351031e-09
1956 3.392580e-09
1957 2.149997e-09
1958 1.385765e-09
1959 9.076567e-10
1960 5.975650e-10
1961 3.889899e-10
1962 2.464146e-10
1963 1.501936e-10
1964 8.765576e-11
1965 3.907689e-08
1966 3.118112e-08
1967 2.334414e-08
1968 1.674920e-08
1969 1.157861e-08
1970 7.532485e-09
1971 4.741953e-09
1972 2.995744e-09
1973 1.906979e-09
1974 1.235151e-09
1975 8.097379e-10
1976 5.294521e-10
1977 3.395003e-10
1978 2.105290e-10
1979 1.253945e-10
1980 4.779981e-08
1981 3.918668e-08
1982 2.997299e-08
1983 2.178516e-08
1984 1.528898e-08
1985 1.018155e-08
1986 6.410905e-09
1987 4.044926e-09
1988 2.544781e-09
1989 1.629944e-09
1990 1.060517e-09
1991 6.930624e-10
1992 4.476289e-10
1993 2.812875e-10
1994 1.704008e-10
1995 5.719566e-08
1996 4.811173e-08
1997 3.765903e-08
1998 2.778172e-08
1999 1.972962e-08
2000 1.341747e-08
2001 8.550716e-09
2002 5.364960e-09
2003 3.352613e-09
2004 2.124003e-09
2005 1.368138e-09
2006 8.901319e-10
2007 5.766507e-10
2008 3.659002e-10
2009 2.248149e-10
2010 6.784478e-08
2011 5.855446e-08
2012 4.699368e-08
2013 3.531702e-08
2014 2.537228e-08
2015 1.755895e-08
2016 1.142810e-08
2017 7.131180e-09
2018 4.454049e-09
2019 2.787203e-09
2020 1.772371e-09
2021 1.143564e-09
2022 7.399176e-10
2023 4.723356e-10
2024 2.937138e-10
2025 8.098235e-08
2026 7.184552e-08
2027 5.934086e-08
2028 4.567887e-08
2029 3.331163e-08
2030 2.341237e-08
2031 1.563598e-08
2032 9.811112e-09
2033 6.115332e-09
2034 3.780055e-09
2035 2.369972e-09
2036 1.509180e-09
2037 9.697568e-10
2038 6.200875e-10
2039 3.891810e-10
2040 1.023659e-07
2041 9.425865e-08
2042 8.113915e-08
2043 6.499962e-08
2044 4.880590e-08
2045 3.500335e-08
2046 2.411625e-08
2047 1.562050e-08
2048 9.682109e-09
2049 5.960127e-09
2050 3.658953e-09
2051 2.273938e-09
2052 1.432267e-09
2053 9.070429e-10
2054 5.703498e-10
2055 2.105884e-07
2056 2.157038e-07
2057 2.100436e-07
2058 1.925628e-07
2059 1.648006e-07
2060 1.310916e-07
2061 9.765032e-08
2062 6.947281e-08
2063 4.739062e-08
2064 3.003957e-08
2065 1.809194e-08
2066 1.069143e-08
2067 6.216052e-09
2068 3.595988e-09
2069 2.089961e-09
