0 1.854695e-09
1 1.243040e-09
2 8.141951e-10
3 5.360171e-10
4 3.588810e-10
5 2.450237e-10
6 1.691244e-10
7 1.160243e-10
8 7.762193e-11
9 4.980695e-11
10 3.028368e-11
11 1.734654e-11
12 9.376684e-12
13 4.836883e-12
14 2.424465e-12
15 2.961745e-09
16 2.022239e-09
17 1.331829e-09
18 8.684077e-10
19 5.738418e-10
20 3.865438e-10
21 2.652362e-10
22 1.829093e-10
23 1.243625e-10
24 8.181390e-11
25 5.129708e-11
26 3.036048e-11
27 1.691315e-11
28 8.922313e-12
29 4.528690e-12
30 3.378782e-09
31 2.320886e-09
32 1.534596e-09
33 9.988981e-10
34 6.577319e-10
35 4.410890e-10
36 3.017933e-10
37 2.081067e-10
38 1.419767e-10
39 9.399559e-11
40 5.943987e-11
41 3.552236e-11
42 1.997997e-11
43 1.062307e-11
44 5.418821e-12
45 3.622656e-09
46 2.495486e-09
47 1.653311e-09
48 1.075374e-09
49 7.068509e-10
50 4.730295e-10
51 3.231599e-10
52 2.228298e-10
53 1.522633e-10
54 1.011143e-10
55 6.419835e-11
56 3.854279e-11
57 2.177591e-11
58 1.162085e-11
59 5.941819e-12
60 3.792904e-09
61 2.617312e-09
62 1.736055e-09
63 1.128640e-09
64 7.411081e-10
65 4.953265e-10
66 3.380895e-10
67 2.331172e-10
68 1.594626e-10
69 1.060914e-10
70 6.751976e-11
71 4.064816e-11
72 2.302940e-11
73 1.231602e-11
74 6.306350e-12
75 3.925812e-09
76 2.712576e-09
77 1.800687e-09
78 1.170342e-09
79 7.678196e-10
80 5.126947e-10
81 3.497046e-10
82 2.411388e-10
83 1.650586e-10
84 1.099655e-10
85 7.011489e-11
86 4.229281e-11
87 2.400565e-11
88 1.285882e-11
89 6.590277e-12
90 4.037148e-09
91 2.792365e-09
92 1.854941e-09
93 1.205205e-09
94 7.902339e-10
95 5.272778e-10
96 3.594806e-10
97 2.478766e-10
98 1.697731e-10
99 1.132216e-10
100 7.229180e-11
101 4.367332e-11
102 2.482670e-11
103 1.331437e-11
104 6.829030e-12
105 4.136087e-09
106 2.863136e-09
107 1.903095e-09
108 1.236185e-09
109 8.101636e-10
110 5.402238e-10
111 3.681506e-10
112 2.538530e-10
113 1.739499e-10
114 1.161110e-10
115 7.422316e-11
116 4.489901e-11
117 2.555616e-11
118 1.371853e-11
119 7.040387e-12
120 4.233484e-09
121 2.932867e-09
122 1.950460e-09
123 1.266659e-09
124 8.297567e-10
125 5.529739e-10
126 3.766819e-10
127 2.597296e-10
128 1.780539e-10
129 1.189567e-10
130 7.612456e-11
131 4.610372e-11
132 2.627089e-11
133 1.411579e-11
134 7.248415e-12
135 4.357099e-09
136 3.021419e-09
137 2.010634e-09
138 1.305441e-09
139 8.546589e-10
140 5.691712e-10
141 3.875223e-10
142 2.672030e-10
143 1.832768e-10
144 1.225661e-10
145 7.853764e-11
146 4.763426e-11
147 2.718140e-11
148 1.462122e-11
149 7.513112e-12
150 5.651809e-09
151 3.972676e-09
152 2.679366e-09
153 1.741488e-09
154 1.132779e-09
155 7.470737e-10
156 5.040018e-10
157 3.460890e-10
158 2.382079e-10
159 1.610329e-10
160 1.049024e-10
161 6.492716e-11
162 3.786414e-11
163 2.076530e-11
164 1.082032e-11
165 7.028382e-09
166 4.991260e-09
167 3.407632e-09
168 2.228512e-09
169 1.442238e-09
170 9.449389e-10
171 6.321905e-10
172 4.316102e-10
173 2.971139e-10
174 2.021548e-10
175 1.332798e-10
176 8.380085e-11
177 4.977538e-11
178 2.776534e-11
179 1.466625e-11
180 7.873665e-09
181 5.618673e-09
182 3.858203e-09
183 2.532507e-09
184 1.635870e-09
185 1.068827e-09
186 7.116055e-10
187 4.845717e-10
188 3.334617e-10
189 2.274773e-10
190 1.507702e-10
191 9.546454e-11
192 5.715203e-11
193 3.215500e-11
194 1.709914e-11
195 8.467001e-09
196 6.059631e-09
197 4.174922e-09
198 2.746473e-09
199 1.771696e-09
200 1.155715e-09
201 7.676812e-10
202 5.218312e-10
203 3.589816e-10
204 2.452558e-10
205 1.630495e-10
206 1.036839e-10
207 6.235181e-11
208 3.524330e-11
209 1.881440e-11
210 8.932300e-09
211 6.404280e-09
212 4.422123e-09
213 2.913035e-09
214 1.878085e-09
215 1.223677e-09
216 8.113991e-10
217 5.508350e-10
218 3.789335e-10
219 2.591914e-10
220 1.726231e-10
221 1.100839e-10
222 6.641462e-11
223 3.765973e-11
224 2.015018e-11
225 9.320284e-09
226 6.691982e-09
227 4.628107e-09
228 3.052445e-09
229 1.966717e-09
230 1.280328e-09
231 8.479362e-10
232 5.751227e-10
233 3.955708e-10
234 2.707527e-10
235 1.806521e-10
236 1.154370e-10
237 6.979724e-11
238 3.966668e-11
239 2.127057e-11
240 9.664519e-09
241 6.947786e-09
242 4.811876e-09
243 3.176650e-09
244 2.045482e-09
245 1.330705e-09
246 8.804801e-10
247 5.968525e-10
248 4.103820e-10
249 2.810299e-10
250 1.877892e-10
251 1.201902e-10
252 7.281122e-11
253 4.145747e-11
254 2.225886e-11
255 1.000425e-08
256 7.200061e-09
257 4.992740e-09
258 3.298255e-09
259 2.123253e-09
260 1.380229e-09
261 9.122731e-10
262 6.180243e-10
263 4.250222e-10
264 2.912343e-10
265 1.947843e-10
266 1.248717e-10
267 7.578831e-11
268 4.322451e-11
269 2.323661e-11
270 1.043327e-08
271 7.519809e-09
272 5.221853e-09
273 3.452851e-09
274 2.221795e-09
275 1.443257e-09
276 9.529197e-10
277 6.448953e-10
278 4.434555e-10
279 3.041059e-10
280 2.036720e-10
281 1.308081e-10
282 7.954766e-11
283 4.546018e-11
284 2.447334e-11
285 9.346356e-09
286 6.732595e-09
287 4.675844e-09
288 3.105182e-09
289 2.001775e-09
290 1.301887e-09
291 8.594323e-10
292 5.806796e-10
293 3.981424e-10
294 2.723344e-10
295 1.820154e-10
296 1.168054e-10
297 7.110908e-11
298 4.071683e-11
299 2.200071e-11
300 1.094097e-08
301 7.945422e-09
302 5.563555e-09
303 3.730251e-09
304 2.407430e-09
305 1.559112e-09
306 1.022860e-09
307 6.865268e-10
308 4.691957e-10
309 3.213475e-10
310 2.160217e-10
311 1.399745e-10
312 8.623537e-11
313 5.007497e-11
314 2.740161e-11
315 1.208770e-08
316 8.820728e-09
317 6.204800e-09
318 4.182565e-09
319 2.702865e-09
320 1.745831e-09
321 1.141204e-09
322 7.634044e-10
323 5.206140e-10
324 3.566754e-10
325 2.405468e-10
326 1.567134e-10
327 9.720459e-11
328 5.686829e-11
329 3.133761e-11
330 1.298358e-08
331 9.505484e-09
332 6.706487e-09
333 4.536407e-09
334 2.934036e-09
335 1.892372e-09
336 1.234257e-09
337 8.236497e-10
338 5.609049e-10
339 3.843216e-10
340 2.597074e-10
341 1.697752e-10
342 1.057433e-10
343 6.218277e-11
344 3.441806e-11
345 1.373489e-08
346 1.007789e-08
347 7.127158e-09
348 4.832354e-09
349 3.127052e-09
350 2.014424e-09
351 1.311963e-09
352 8.738614e-10
353 5.945214e-10
354 4.074969e-10
355 2.757932e-10
356 1.807434e-10
357 1.129553e-10
358 6.663519e-11
359 3.699611e-11
360 1.440165e-08
361 1.058766e-08
362 7.499845e-09
363 5.095479e-09
364 3.299387e-09
365 2.123269e-09
366 1.381092e-09
367 9.186671e-10
368 6.244212e-10
369 4.280665e-10
370 2.900451e-10
371 1.904545e-10
372 1.193250e-10
373 7.059248e-11
374 3.928386e-11
375 1.505769e-08
376 1.108831e-08
377 7.866235e-09
378 5.354414e-09
379 3.467807e-09
380 2.229984e-09
381 1.449026e-09
382 9.625078e-10
383 6.538506e-10
384 4.482774e-10
385 3.041147e-10
386 2.000232e-10
387 1.256132e-10
388 7.448594e-11
389 4.153860e-11
390 1.589031e-08
391 1.172308e-08
392 8.331834e-09
393 5.682538e-09
394 3.682551e-09
395 2.365546e-09
396 1.535278e-09
397 1.018414e-09
398 6.910801e-10
399 4.740306e-10
400 3.218738e-10
401 2.121434e-10
402 1.335478e-10
403 7.940963e-11
404 4.440006e-11
405 1.330378e-08
406 9.780054e-09
407 6.918961e-09
408 4.703685e-09
409 3.055499e-09
410 1.967441e-09
411 1.281742e-09
412 8.520985e-10
413 5.784517e-10
414 3.957505e-10
415 2.675834e-10
416 1.753795e-10
417 1.097718e-10
418 6.492731e-11
419 3.619113e-11
420 1.511817e-08
421 1.120646e-08
422 7.978675e-09
423 5.467719e-09
424 3.572820e-09
425 2.293448e-09
426 1.488558e-09
427 9.836732e-10
428 6.644642e-10
429 4.539593e-10
430 3.077587e-10
431 2.030155e-10
432 1.282364e-10
433 7.668316e-11
434 4.321649e-11
435 1.655269e-08
436 1.233629e-08
437 8.819326e-09
438 6.073915e-09
439 3.984527e-09
440 2.553371e-09
441 1.653526e-09
442 1.088320e-09
443 7.330500e-10
444 5.002084e-10
445 3.396499e-10
446 2.248852e-10
447 1.428593e-10
448 8.602301e-11
449 4.882061e-11
450 1.775867e-08
451 1.328538e-08
452 9.525584e-09
453 6.583421e-09
454 4.329930e-09
455 2.771838e-09
456 1.791993e-09
457 1.176179e-09
458 7.903855e-10
459 5.390704e-10
460 3.664197e-10
461 2.432674e-10
462 1.551414e-10
463 9.386639e-11
464 5.352240e-11
465 1.882650e-08
466 1.412915e-08
467 1.015262e-08
468 7.034523e-09
469 4.637064e-09
470 2.965154e-09
471 1.915082e-09
472 1.254195e-09
473 8.415383e-10
474 5.735160e-10
475 3.901916e-10
476 2.595864e-10
477 1.660591e-10
478 1.008270e-10
479 5.769696e-11
480 1.987830e-08
481 1.495599e-08
482 1.076788e-08
483 7.478585e-09
484 4.938660e-09
485 3.155774e-09
486 2.035741e-09
487 1.330823e-09
488 8.915781e-10
489 6.074523e-10
490 4.135549e-10
491 2.757155e-10
492 1.768186e-10
493 1.076717e-10
494 6.180886e-11
495 2.120966e-08
496 1.600569e-08
497 1.155016e-08
498 8.043209e-09
499 5.321771e-09
500 3.397682e-09
501 2.189332e-09
502 1.428252e-09
503 9.552425e-10
504 6.504442e-10
505 4.431517e-10
506 2.960241e-10
507 1.904167e-10
508 1.163567e-10
509 6.699616e-11
510 1.763246e-08
511 1.323128e-08
512 9.501536e-09
513 6.576317e-09
514 4.343090e-09
515 2.782427e-09
516 1.798424e-09
517 1.178261e-09
518 7.901432e-10
519 5.378949e-10
520 3.652372e-10
521 2.425944e-10
522 1.549386e-10
523 9.397147e-11
524 5.377989e-11
525 1.971326e-08
526 1.492355e-08
527 1.078151e-08
528 7.510682e-09
529 4.997822e-09
530 3.202349e-09
531 2.063445e-09
532 1.344815e-09
533 8.972035e-10
534 6.087945e-10
535 4.136077e-10
536 2.757242e-10
537 1.773444e-10
538 1.085783e-10
539 6.277754e-11
540 2.147125e-08
541 1.635409e-08
542 1.186645e-08
543 8.301794e-09
544 5.551058e-09
545 3.558199e-09
546 2.287835e-09
547 1.485730e-09
548 9.877073e-10
549 6.688511e-10
550 4.546572e-10
551 3.038949e-10
552 1.963665e-10
553 1.209245e-10
554 7.039090e-11
555 2.303045e-08
556 1.762685e-08
557 1.282909e-08
558 9.003978e-09
559 6.044479e-09
560 3.874619e-09
561 2.487509e-09
562 1.611042e-09
563 1.068235e-09
564 7.221935e-10
565 4.909355e-10
566 3.288822e-10
567 2.132843e-10
568 1.319396e-10
569 7.717389e-11
570 2.457004e-08
571 1.887773e-08
572 1.377393e-08
573 9.695481e-09
574 6.527096e-09
575 4.185433e-09
576 2.683089e-09
577 1.734120e-09
578 1.147299e-09
579 7.746613e-10
580 5.266756e-10
581 3.535048e-10
582 2.298495e-10
583 1.427091e-10
584 8.382664e-11
585 2.651042e-08
586 2.045890e-08
587 1.497456e-08
588 1.057010e-08
589 7.141266e-09
590 4.579879e-09
591 2.931626e-09
592 1.890243e-09
593 1.247532e-09
594 8.412419e-10
595 5.719571e-10
596 3.845746e-10
597 2.509036e-10
598 1.564270e-10
599 9.223638e-11
600 2.249849e-08
601 1.724950e-08
602 1.257081e-08
603 8.826213e-09
604 5.935755e-09
605 3.817308e-09
606 2.448746e-09
607 1.586175e-09
608 1.050482e-09
609 7.089822e-10
610 4.811874e-10
611 3.220064e-10
612 2.087861e-10
613 1.292930e-10
614 7.575558e-11
615 2.493461e-08
616 1.929999e-08
617 1.415961e-08
618 9.995374e-09
619 6.771041e-09
620 4.371392e-09
621 2.795107e-09
622 1.804196e-09
623 1.188052e-09
624 7.985017e-10
625 5.414031e-10
626 3.631135e-10
627 2.366883e-10
628 1.476645e-10
629 8.733857e-11
630 2.710220e-08
631 2.112691e-08
632 1.557519e-08
633 1.103888e-08
634 7.518210e-09
635 4.865825e-09
636 3.104290e-09
637 1.998373e-09
638 1.310913e-09
639 8.783437e-10
640 5.948754e-10
641 3.997884e-10
642 2.615698e-10
643 1.641193e-10
644 9.768058e-11
645 2.923815e-08
646 2.292163e-08
647 1.696304e-08
648 1.206348e-08
649 8.249713e-09
650 5.351477e-09
651 3.407675e-09
652 2.189386e-09
653 1.431429e-09
654 9.567124e-10
655 6.475001e-10
656 4.357251e-10
657 2.859535e-10
658 1.801924e-10
659 1.078396e-10
660 3.193497e-08
661 2.519529e-08
662 1.872781e-08
663 1.336311e-08
664 9.178258e-09
665 5.967138e-09
666 3.793217e-09
667 2.431437e-09
668 1.584388e-09
669 1.056117e-09
670 7.141522e-10
671 4.812218e-10
672 3.169034e-10
673 2.006710e-10
674 1.206633e-10
675 2.813678e-08
676 2.206778e-08
677 1.635162e-08
678 1.162631e-08
679 7.951194e-09
680 5.174293e-09
681 3.296883e-09
682 2.120106e-09
683 1.385209e-09
684 9.247553e-10
685 6.249932e-10
686 4.197791e-10
687 2.752045e-10
688 1.733180e-10
689 1.037377e-10
690 3.107370e-08
691 2.462837e-08
692 1.838872e-08
693 1.314759e-08
694 9.053113e-09
695 5.928484e-09
696 3.770844e-09
697 2.418202e-09
698 1.570799e-09
699 1.043224e-09
700 7.029569e-10
701 4.726190e-10
702 3.110399e-10
703 1.972377e-10
704 1.190534e-10
705 3.396575e-08
706 2.714184e-08
707 2.039029e-08
708 1.464196e-08
709 1.013430e-08
710 6.669743e-09
711 4.235728e-09
712 2.711083e-09
713 1.752813e-09
714 1.159397e-09
715 7.796066e-10
716 5.244467e-10
717 3.461929e-10
718 2.206449e-10
719 1.340847e-10
720 3.762273e-08
721 3.032967e-08
722 2.292954e-08
723 1.653907e-08
724 1.150698e-08
725 7.610535e-09
726 4.827054e-09
727 3.082610e-09
728 1.983868e-09
729 1.306966e-09
730 8.770053e-10
731 5.900994e-10
732 3.908100e-10
733 2.504330e-10
734 1.530932e-10
735 3.493340e-08
736 2.808608e-08
737 2.121445e-08
738 1.528878e-08
739 1.061562e-08
740 7.025614e-09
741 4.470516e-09
742 2.856315e-09
743 1.841231e-09
744 1.213490e-09
745 8.133748e-10
746 5.463116e-10
747 3.608493e-10
748 2.305752e-10
749 1.407105e-10
750 3.882232e-08
751 3.158338e-08
752 2.409361e-08
753 1.747811e-08
754 1.221526e-08
755 8.152322e-09
756 5.195627e-09
757 3.308585e-09
758 2.120807e-09
759 1.388966e-09
760 9.268070e-10
761 6.217070e-10
762 4.116613e-10
763 2.646039e-10
764 1.628432e-10
765 4.374890e-08
766 3.602230e-08
767 2.773952e-08
768 2.025475e-08
769 1.424482e-08
770 9.581091e-09
771 6.114119e-09
772 3.881824e-09
773 2.475421e-09
774 1.611634e-09
775 1.070561e-09
776 7.171823e-10
777 4.760302e-10
778 3.077913e-10
779 1.908274e-10
780 4.403591e-08
781 3.643274e-08
782 2.820713e-08
783 2.068336e-08
784 1.458096e-08
785 9.849054e-09
786 6.322795e-09
787 4.006388e-09
788 2.553799e-09
789 1.656757e-09
790 1.095863e-09
791 7.320416e-10
792 4.852528e-10
793 3.138436e-10
794 1.951523e-10
795 5.083126e-08
796 4.278366e-08
797 3.363415e-08
798 2.493500e-08
799 1.772782e-08
800 1.210965e-08
801 7.837563e-09
802 4.944963e-09
803 3.137512e-09
804 2.016009e-09
805 1.322115e-09
806 8.787690e-10
807 5.827878e-10
808 3.789770e-10
809 2.378117e-10
810 6.116561e-08
811 5.287484e-08
812 4.269052e-08
813 3.234429e-08
814 2.334273e-08
815 1.620712e-08
816 1.070807e-08
817 6.765817e-09
818 4.266284e-09
819 2.700765e-09
820 1.742121e-09
821 1.142445e-09
822 7.530943e-10
823 4.909122e-10
824 3.114142e-10
825 0.000000e+00
826 0.000000e+00
827 0.000000e+00
828 0.000000e+00
829 0.000000e+00
830 0.000000e+00
831 0.000000e+00
832 0.000000e+00
833 0.000000e+00
834 0.000000e+00
835 0.000000e+00
836 0.000000e+00
837 0.000000e+00
838 0.000000e+00
839 0.000000e+00
840 0.000000e+00
841 0.000000e+00
842 0.000000e+00
843 0.000000e+00
844 0.000000e+00
845 0.000000e+00
846 0.000000e+00
847 0.000000e+00
848 0.000000e+00
849 0.000000e+00
850 0.000000e+00
851 0.000000e+00
852 0.000000e+00
853 0.000000e+00
854 0.000000e+00
855 0.000000e+00
856 0.000000e+00
857 0.000000e+00
858 0.000000e+00
859 0.000000e+00
860 0.000000e+00
861 0.000000e+00
862 0.000000e+00
863 0.000000e+00
864 0.000000e+00
865 0.000000e+00
866 0.000000e+00
867 0.000000e+00
868 0.000000e+00
869 0.000000e+00
870 0.000000e+00
871 0.000000e+00
872 0.000000e+00
873 0.000000e+00
874 0.000000e+00
875 0.000000e+00
876 0.000000e+00
877 0.000000e+00
878 0.000000e+00
879 0.000000e+00
880 0.000000e+00
881 0.000000e+00
882 0.000000e+00
883 0.000000e+00
884 0.000000e+00
885 0.000000e+00
886 0.000000e+00
887 0.000000e+00
888 0.000000e+00
889 0.000000e+00
890 0.000000e+00
891 0.000000e+00
892 0.000000e+00
893 0.000000e+00
894 0.000000e+00
895 0.000000e+00
896 0.000000e+00
897 0.000000e+00
898 0.000000e+00
899 0.000000e+00
900 0.000000e+00
901 0.000000e+00
902 0.000000e+00
903 0.000000e+00
904 0.000000e+00
905 0.000000e+00
906 0.000000e+00
907 0.000000e+00
908 0.000000e+00
909 0.000000e+00
910 0.000000e+00
911 0.000000e+00
912 0.000000e+00
913 0.000000e+00
914 0.000000e+00
915 0.000000e+00
916 0.000000e+00
917 0.000000e+00
918 0.000000e+00
919 0.000000e+00
920 0.000000e+00
921 0.000000e+00
922 0.000000e+00
923 0.000000e+00
924 0.000000e+00
925 0.000000e+00
926 0.000000e+00
927 0.000000e+00
928 0.000000e+00
929 0.000000e+00
930 0.000000e+00
931 0.000000e+00
932 0.000000e+00
933 0.000000e+00
934 0.000000e+00
935 0.000000e+00
936 0.000000e+00
937 0.000000e+00
938 0.000000e+00
939 0.000000e+00
940 0.000000e+00
941 0.000000e+00
942 0.000000e+00
943 0.000000e+00
944 0.000000e+00
945 0.000000e+00
946 0.000000e+00
947 0.000000e+00
948 0.000000e+00
949 0.000000e+00
950 0.000000e+00
951 0.000000e+00
952 0.000000e+00
953 0.000000e+00
954 0.000000e+00
955 0.000000e+00
956 0.000000e+00
957 0.000000e+00
958 0.000000e+00
959 0.000000e+00
960 3.018146e-07
961 2.326929e-07
962 1.755110e-07
963 1.290695e-07
964 8.263042e-08
965 5.255201e-08
966 3.260388e-08
967 2.067754e-08
968 0.000000e+00
969 0.000000e+00
970 0.000000e+00
971 0.000000e+00
972 0.000000e+00
973 0.000000e+00
974 0.000000e+00
975 4.634866e-07
976 3.612572e-07
977 2.722039e-07
978 2.021128e-07
979 1.317293e-07
980 8.338858e-08
981 5.181408e-08
982 3.268981e-08
983 0.000000e+00
984 0.000000e+00
985 0.000000e+00
986 0.000000e+00
987 0.000000e+00
988 0.000000e+00
989 0.000000e+00
990 5.880160e-07
991 4.611725e-07
992 3.475216e-07
993 2.589658e-07
994 1.704822e-07
995 1.076837e-07
996 6.701546e-08
997 4.216270e-08
998 0.000000e+00
999 0.000000e+00
1000 0.000000e+00
1001 0.000000e+00
1002 0.000000e+00
1003 0.000000e+00
1004 0.000000e+00
1005 6.859888e-07
1006 5.398991e-07
1007 4.069117e-07
1008 3.037900e-07
1009 2.010834e-07
1010 1.268907e-07
1011 7.903444e-08
1012 4.964900e-08
1013 0.000000e+00
1014 0.000000e+00
1015 0.000000e+00
1016 0.000000e+00
1017 0.000000e+00
1018 0.000000e+00
1019 0.000000e+00
1020 7.680767e-07
1021 6.058574e-07
1022 4.566777e-07
1023 3.413514e-07
1024 2.267227e-07
1025 1.429864e-07
1026 8.910542e-08
1027 5.592174e-08
1028 0.000000e+00
1029 0.000000e+00
1030 0.000000e+00
1031 0.000000e+00
1032 0.000000e+00
1033 0.000000e+00
1034 0.000000e+00
1035 8.411183e-07
1036 6.645500e-07
1037 5.009591e-07
1038 3.747674e-07
1039 2.495329e-07
1040 1.573043e-07
1041 9.806569e-08
1042 6.150303e-08
1043 0.000000e+00
1044 0.000000e+00
1045 0.000000e+00
1046 0.000000e+00
1047 0.000000e+00
1048 0.000000e+00
1049 0.000000e+00
1050 9.128876e-07
1051 7.222193e-07
1052 5.444656e-07
1053 4.075952e-07
1054 2.719436e-07
1055 1.713736e-07
1056 1.068681e-07
1057 6.698773e-08
1058 0.000000e+00
1059 0.000000e+00
1060 0.000000e+00
1061 0.000000e+00
1062 0.000000e+00
1063 0.000000e+00
1064 0.000000e+00
1065 1.004032e-06
1066 7.954508e-07
1067 5.997135e-07
1068 4.492904e-07
1069 3.004031e-07
1070 1.892400e-07
1071 1.180458e-07
1072 7.394991e-08
1073 0.000000e+00
1074 0.000000e+00
1075 0.000000e+00
1076 0.000000e+00
1077 0.000000e+00
1078 0.000000e+00
1079 0.000000e+00
1080 2.181241e-07
1081 1.812943e-07
1082 1.369811e-07
1083 1.041063e-07
1084 7.491610e-08
1085 4.629363e-08
1086 2.934848e-08
1087 1.807754e-08
1088 1.138534e-08
1089 0.000000e+00
1090 0.000000e+00
1091 0.000000e+00
1092 0.000000e+00
1093 0.000000e+00
1094 0.000000e+00
1095 3.481560e-07
1096 2.935323e-07
1097 2.232721e-07
1098 1.690811e-07
1099 1.235942e-07
1100 7.684053e-08
1101 4.887521e-08
1102 2.997776e-08
1103 1.878772e-08
1104 0.000000e+00
1105 0.000000e+00
1106 0.000000e+00
1107 0.000000e+00
1108 0.000000e+00
1109 0.000000e+00
1110 4.599495e-07
1111 3.908554e-07
1112 2.985713e-07
1113 2.257168e-07
1114 1.661389e-07
1115 1.039018e-07
1116 6.607899e-08
1117 4.047526e-08
1118 2.530620e-08
1119 0.000000e+00
1120 0.000000e+00
1121 0.000000e+00
1122 0.000000e+00
1123 0.000000e+00
1124 0.000000e+00
1125 5.544272e-07
1126 4.731867e-07
1127 3.623894e-07
1128 2.737144e-07
1129 2.021988e-07
1130 1.268938e-07
1131 8.068197e-08
1132 4.939199e-08
1133 3.084218e-08
1134 0.000000e+00
1135 0.000000e+00
1136 0.000000e+00
1137 0.000000e+00
1138 0.000000e+00
1139 0.000000e+00
1140 6.384134e-07
1141 5.463852e-07
1142 4.190852e-07
1143 3.163732e-07
1144 2.342389e-07
1145 1.473292e-07
1146 9.365910e-08
1147 5.731688e-08
1148 3.576119e-08
1149 0.000000e+00
1150 0.000000e+00
1151 0.000000e+00
1152 0.000000e+00
1153 0.000000e+00
1154 0.000000e+00
1155 7.209267e-07
1156 6.183117e-07
1157 4.747949e-07
1158 3.582761e-07
1159 2.657239e-07
1160 1.674023e-07
1161 1.064088e-07
1162 6.510117e-08
1163 4.059328e-08
1164 0.000000e+00
1165 0.000000e+00
1166 0.000000e+00
1167 0.000000e+00
1168 0.000000e+00
1169 0.000000e+00
1170 8.257099e-07
1171 7.096349e-07
1172 5.455702e-07
1173 4.115108e-07
1174 3.057043e-07
1175 1.928929e-07
1176 1.225991e-07
1177 7.498923e-08
1178 4.673005e-08
1179 0.000000e+00
1180 0.000000e+00
1181 0.000000e+00
1182 0.000000e+00
1183 0.000000e+00
1184 0.000000e+00
1185 1.678683e-07
1186 1.506397e-07
1187 1.186308e-07
1188 8.861284e-08
1189 6.797919e-08
1190 4.435651e-08
1191 2.811347e-08
1192 1.706460e-08
1193 1.052856e-08
1194 0.000000e+00
1195 0.000000e+00
1196 0.000000e+00
1197 0.000000e+00
1198 0.000000e+00
1199 0.000000e+00
1200 2.772296e-07
1201 2.519345e-07
1202 2.006748e-07
1203 1.499434e-07
1204 1.149855e-07
1205 7.679721e-08
1206 4.814771e-08
1207 2.940576e-08
1208 1.809445e-08
1209 0.000000e+00
1210 0.000000e+00
1211 0.000000e+00
1212 0.000000e+00
1213 0.000000e+00
1214 0.000000e+00
1215 3.774896e-07
1216 3.453871e-07
1217 2.769091e-07
1218 2.070729e-07
1219 1.586664e-07
1220 1.072935e-07
1221 6.693287e-08
1222 4.105058e-08
1223 2.521303e-08
1224 0.000000e+00
1225 0.000000e+00
1226 0.000000e+00
1227 0.000000e+00
1228 0.000000e+00
1229 0.000000e+00
1230 4.670984e-07
1231 4.289674e-07
1232 3.451585e-07
1233 2.582456e-07
1234 1.977815e-07
1235 1.346246e-07
1236 8.378297e-08
1237 5.149953e-08
1238 3.159787e-08
1239 0.000000e+00
1240 0.000000e+00
1241 0.000000e+00
1242 0.000000e+00
1243 0.000000e+00
1244 0.000000e+00
1245 5.550227e-07
1246 5.109730e-07
1247 4.121081e-07
1248 3.084435e-07
1249 2.361528e-07
1250 1.614317e-07
1251 1.003112e-07
1252 6.174709e-08
1253 3.785950e-08
1254 0.000000e+00
1255 0.000000e+00
1256 0.000000e+00
1257 0.000000e+00
1258 0.000000e+00
1259 0.000000e+00
1260 6.667018e-07
1261 6.151230e-07
1262 4.971502e-07
1263 3.721966e-07
1264 2.848910e-07
1265 1.954794e-07
1266 1.213038e-07
1267 7.476339e-08
1268 4.581233e-08
1269 0.000000e+00
1270 0.000000e+00
1271 0.000000e+00
1272 0.000000e+00
1273 0.000000e+00
1274 0.000000e+00
1275 1.354881e-07
1276 1.293636e-07
1277 1.079486e-07
1278 8.116281e-08
1279 6.175616e-08
1280 4.492014e-08
1281 2.716265e-08
1282 1.711297e-08
1283 1.040062e-08
1284 6.402566e-09
1285 0.000000e+00
1286 0.000000e+00
1287 0.000000e+00
1288 0.000000e+00
1289 0.000000e+00
1290 2.321147e-07
1291 2.239021e-07
1292 1.891458e-07
1293 1.430614e-07
1294 1.083757e-07
1295 7.998367e-08
1296 4.851652e-08
1297 3.080367e-08
1298 1.862562e-08
1299 1.140555e-08
1300 0.000000e+00
1301 0.000000e+00
1302 0.000000e+00
1303 0.000000e+00
1304 0.000000e+00
1305 3.246051e-07
1306 3.147794e-07
1307 2.676405e-07
1308 2.031394e-07
1309 1.535685e-07
1310 1.140602e-07
1311 6.945965e-08
1312 4.419880e-08
1313 2.666197e-08
1314 1.629133e-08
1315 0.000000e+00
1316 0.000000e+00
1317 0.000000e+00
1318 0.000000e+00
1319 0.000000e+00
1320 4.153600e-07
1321 4.039602e-07
1322 3.447058e-07
1323 2.621469e-07
1324 1.979498e-07
1325 1.475300e-07
1326 9.004463e-08
1327 5.735832e-08
1328 3.455894e-08
1329 2.109227e-08
1330 0.000000e+00
1331 0.000000e+00
1332 0.000000e+00
1333 0.000000e+00
1334 0.000000e+00
1335 5.305446e-07
1336 5.171428e-07
1337 4.425004e-07
1338 3.370249e-07
1339 2.542727e-07
1340 1.899957e-07
1341 1.161658e-07
1342 7.405555e-08
1343 4.457897e-08
1344 2.718394e-08
1345 0.000000e+00
1346 0.000000e+00
1347 0.000000e+00
1348 0.000000e+00
1349 0.000000e+00
1350 1.139580e-07
1351 1.142761e-07
1352 1.011656e-07
1353 7.850698e-08
1354 5.859673e-08
1355 4.508869e-08
1356 2.820152e-08
1357 1.815263e-08
1358 1.079545e-08
1359 6.520248e-09
1360 0.000000e+00
1361 0.000000e+00
1362 0.000000e+00
1363 0.000000e+00
1364 0.000000e+00
1365 2.035925e-07
1366 2.058476e-07
1367 1.843038e-07
1368 1.443718e-07
1369 1.076120e-07
1370 8.292385e-08
1371 5.301332e-08
1372 3.378091e-08
1373 2.010568e-08
1374 1.214084e-08
1375 0.000000e+00
1376 0.000000e+00
1377 0.000000e+00
1378 0.000000e+00
1379 0.000000e+00
1380 2.959241e-07
1381 3.004147e-07
1382 2.704842e-07
1383 2.129081e-07
1384 1.586483e-07
1385 1.222681e-07
1386 7.903623e-08
1387 5.009005e-08
1388 2.985836e-08
1389 1.802330e-08
1390 0.000000e+00
1391 0.000000e+00
1392 0.000000e+00
1393 0.000000e+00
1394 0.000000e+00
1395 4.128013e-07
1396 4.201067e-07
1397 3.795498e-07
1398 2.996394e-07
1399 2.232374e-07
1400 1.720621e-07
1401 1.119654e-07
1402 7.072963e-08
1403 4.220181e-08
1404 2.546838e-08
1405 0.000000e+00
1406 0.000000e+00
1407 0.000000e+00
1408 0.000000e+00
1409 0.000000e+00
1410 1.001515e-07
1411 1.045764e-07
1412 9.785024e-08
1413 7.966825e-08
1414 5.933491e-08
1415 4.561559e-08
1416 3.177590e-08
1417 1.935378e-08
1418 1.170383e-08
1419 7.048106e-09
1420 0.000000e+00
1421 0.000000e+00
1422 0.000000e+00
1423 0.000000e+00
1424 0.000000e+00
1425 1.907183e-07
1426 2.004559e-07
1427 1.893746e-07
1428 1.558293e-07
1429 1.164228e-07
1430 8.912901e-08
1431 6.330523e-08
1432 3.821757e-08
1433 2.339910e-08
1434 1.403981e-08
1435 0.000000e+00
1436 0.000000e+00
1437 0.000000e+00
1438 0.000000e+00
1439 0.000000e+00
1440 3.081564e-07
1441 3.249264e-07
1442 3.083799e-07
1443 2.550783e-07
1444 1.909039e-07
1445 1.458511e-07
1446 1.045085e-07
1447 6.289316e-08
1448 3.872955e-08
1449 2.319441e-08
1450 0.000000e+00
1451 0.000000e+00
1452 0.000000e+00
1453 0.000000e+00
1454 0.000000e+00
1455 9.640306e-08
1456 1.042503e-07
1457 1.026062e-07
1458 8.849457e-08
1459 6.737936e-08
1460 5.064310e-08
1461 3.846909e-08
1462 2.297818e-08
1463 1.475091e-08
1464 8.693092e-09
1465 5.110479e-09
1466 0.000000e+00
1467 0.000000e+00
1468 0.000000e+00
1469 0.000000e+00
1470 2.128360e-07
1471 2.313797e-07
1472 2.295126e-07
1473 1.999762e-07
1474 1.532919e-07
1475 1.148568e-07
1476 8.781169e-08
1477 5.312411e-08
1478 3.415347e-08
1479 2.004845e-08
1480 1.176513e-08
1481 0.000000e+00
1482 0.000000e+00
1483 0.000000e+00
1484 0.000000e+00
1485 1.197877e-07
1486 1.339854e-07
1487 1.384984e-07
1488 1.275636e-07
1489 1.021318e-07
1490 7.586570e-08
1491 5.868909e-08
1492 3.922527e-08
1493 2.432934e-08
1494 1.425384e-08
1495 8.384953e-09
1496 0.000000e+00
1497 0.000000e+00
1498 0.000000e+00
1499 0.000000e+00
1500 5.901387e-05
1501 4.362636e-05
1502 3.086694e-05
1503 2.004947e-05
1504 1.276877e-05
1505 0.000000e+00
1506 0.000000e+00
1507 0.000000e+00
1508 0.000000e+00
1509 0.000000e+00
1510 0.000000e+00
1511 0.000000e+00
1512 0.000000e+00
1513 0.000000e+00
1514 0.000000e+00
1515 4.173840e-05
1516 3.280274e-05
1517 2.461772e-05
1518 1.873858e-05
1519 1.227208e-05
1520 7.798337e-06
1521 4.813421e-06
1522 3.017046e-06
1523 0.000000e+00
1524 0.000000e+00
1525 0.000000e+00
1526 0.000000e+00
1527 0.000000e+00
1528 0.000000e+00
1529 0.000000e+00
1530 3.055430e-05
1531 2.629381e-05
1532 2.009945e-05
1533 1.514288e-05
1534 1.140833e-05
1535 7.032105e-06
1536 4.531274e-06
1537 2.761163e-06
1538 1.715447e-06
1539 0.000000e+00
1540 0.000000e+00
1541 0.000000e+00
1542 0.000000e+00
1543 0.000000e+00
1544 0.000000e+00
1545 2.319302e-05
1546 2.148694e-05
1547 1.735831e-05
1548 1.293440e-05
1549 9.959471e-06
1550 6.840842e-06
1551 4.237511e-06
1552 2.588267e-06
1553 1.590541e-06
1554 0.000000e+00
1555 0.000000e+00
1556 0.000000e+00
1557 0.000000e+00
1558 0.000000e+00
1559 0.000000e+00
1560 1.808552e-05
1561 1.770626e-05
1562 1.519202e-05
1563 1.154552e-05
1564 8.694292e-06
1565 6.573444e-06
1566 3.951134e-06
1567 2.547287e-06
1568 1.531861e-06
1569 9.301842e-07
1570 0.000000e+00
1571 0.000000e+00
1572 0.000000e+00
1573 0.000000e+00
1574 0.000000e+00
1575 1.422735e-05
1576 1.453786e-05
1577 1.319029e-05
1578 1.042231e-05
1579 7.741524e-06
1580 6.000814e-06
1581 3.901606e-06
1582 2.480688e-06
1583 1.468888e-06
1584 8.867500e-07
1585 0.000000e+00
1586 0.000000e+00
1587 0.000000e+00
1588 0.000000e+00
1589 0.000000e+00
1590 1.122321e-05
1591 1.187784e-05
1592 1.132699e-05
1593 9.401532e-06
1594 7.027735e-06
1595 5.365466e-06
1596 3.886599e-06
1597 2.312729e-06
1598 1.425102e-06
1599 8.544743e-07
1600 0.000000e+00
1601 0.000000e+00
1602 0.000000e+00
1603 0.000000e+00
1604 0.000000e+00
1605 8.667747e-06
1606 9.457533e-06
1607 9.429145e-06
1608 8.261614e-06
1609 6.344541e-06
1610 4.740663e-06
1611 3.654502e-06
1612 2.202557e-06
1613 1.431174e-06
1614 8.378884e-07
1615 4.886381e-07
1616 0.000000e+00
1617 0.000000e+00
1618 0.000000e+00
1619 0.000000e+00
1620 6.189813e-06
1621 6.954829e-06
1622 7.235253e-06
1623 6.721752e-06
1624 5.420341e-06
1625 4.022850e-06
1626 3.110498e-06
1627 2.117235e-06
1628 1.299190e-06
1629 7.606100e-07
1630 4.488319e-07
1631 0.000000e+00
1632 0.000000e+00
1633 0.000000e+00
1634 0.000000e+00
1635 4.701031e-06
1636 5.451754e-06
1637 5.930253e-06
1638 5.879743e-06
1639 5.113231e-06
1640 3.910854e-06
1641 2.933036e-06
1642 2.243839e-06
1643 1.338894e-06
1644 8.547665e-07
1645 4.927438e-07
1646 2.785593e-07
1647 0.000000e+00
1648 0.000000e+00
1649 0.000000e+00
1650 0.000000e+00
1651 0.000000e+00
1652 0.000000e+00
1653 0.000000e+00
1654 0.000000e+00
1655 0.000000e+00
1656 0.000000e+00
1657 0.000000e+00
1658 0.000000e+00
1659 0.000000e+00
1660 0.000000e+00
1661 0.000000e+00
1662 0.000000e+00
1663 0.000000e+00
1664 0.000000e+00
1665 1.255197e-06
1666 9.974620e-07
1667 7.521737e-07
1668 5.643946e-07
1669 3.789867e-07
1670 2.385726e-07
1671 1.489153e-07
1672 9.317782e-08
1673 0.000000e+00
1674 0.000000e+00
1675 0.000000e+00
1676 0.000000e+00
1677 0.000000e+00
1678 0.000000e+00
1679 0.000000e+00
1680 1.114577e-06
1681 9.615825e-07
1682 7.408682e-07
1683 5.584615e-07
1684 4.161052e-07
1685 2.632918e-07
1686 1.673031e-07
1687 1.022926e-07
1688 6.367872e-08
1689 0.000000e+00
1690 0.000000e+00
1691 0.000000e+00
1692 0.000000e+00
1693 0.000000e+00
1694 0.000000e+00
1695 9.746011e-07
1696 9.024676e-07
1697 7.318082e-07
1698 5.481660e-07
1699 4.194105e-07
1700 2.894659e-07
1701 1.792477e-07
1702 1.106921e-07
1703 6.776622e-08
1704 0.000000e+00
1705 0.000000e+00
1706 0.000000e+00
1707 0.000000e+00
1708 0.000000e+00
1709 0.000000e+00
1710 8.482221e-07
1711 8.294869e-07
1712 7.124303e-07
1713 5.437317e-07
1714 4.097653e-07
1715 3.072377e-07
1716 1.882730e-07
1717 1.201531e-07
1718 7.224089e-08
1719 4.400100e-08
1720 0.000000e+00
1721 0.000000e+00
1722 0.000000e+00
1723 0.000000e+00
1724 0.000000e+00
1725 7.351708e-07
1726 7.503913e-07
1727 6.805702e-07
1728 5.390572e-07
1729 4.015276e-07
1730 3.095159e-07
1731 2.028577e-07
1732 1.277069e-07
1733 7.627311e-08
1734 4.601919e-08
1735 0.000000e+00
1736 0.000000e+00
1737 0.000000e+00
1738 0.000000e+00
1739 0.000000e+00
1740 6.317451e-07
1741 6.679884e-07
1742 6.364164e-07
1743 5.286466e-07
1744 3.962087e-07
1745 3.022103e-07
1746 2.180644e-07
1747 1.309003e-07
1748 8.097613e-08
1749 4.842452e-08
1750 0.000000e+00
1751 0.000000e+00
1752 0.000000e+00
1753 0.000000e+00
1754 0.000000e+00
1755 5.354668e-07
1756 5.838256e-07
1757 5.814842e-07
1758 5.093279e-07
1759 3.918062e-07
1760 2.931314e-07
1761 2.247861e-07
1762 1.369192e-07
1763 8.804649e-08
1764 5.159059e-08
1765 3.025368e-08
1766 0.000000e+00
1767 0.000000e+00
1768 0.000000e+00
1769 0.000000e+00
1770 4.403990e-07
1771 4.945674e-07
1772 5.140720e-07
1773 4.772225e-07
1774 3.850879e-07
1775 2.862979e-07
1776 2.209488e-07
1777 1.504016e-07
1778 9.220851e-08
1779 5.438121e-08
1780 3.198566e-08
1781 0.000000e+00
1782 0.000000e+00
1783 0.000000e+00
1784 0.000000e+00
1785 4.192069e-07
1786 4.873893e-07
1787 5.319922e-07
1788 5.302693e-07
1789 4.650943e-07
1790 3.589041e-07
1791 2.691201e-07
1792 2.053211e-07
1793 1.259101e-07
1794 7.929586e-08
1795 4.584473e-08
1796 2.604400e-08
1797 0.000000e+00
1798 0.000000e+00
1799 0.000000e+00
1800 4.698692e-09
1801 3.265976e-09
1802 2.176772e-09
1803 1.412453e-09
1804 9.233626e-10
1805 6.138624e-10
1806 4.174482e-10
1807 2.878361e-10
1808 1.976997e-10
1809 1.325399e-10
1810 8.520600e-11
1811 5.186219e-11
1812 2.969583e-11
1813 1.601557e-11
1814 8.243540e-12
1815 1.162587e-08
1816 8.404251e-09
1817 5.857181e-09
1818 3.881555e-09
1819 2.494190e-09
1820 1.617384e-09
1821 1.065088e-09
1822 7.195788e-10
1823 4.946851e-10
1824 3.398703e-10
1825 2.283431e-10
1826 1.472646e-10
1827 8.999209e-11
1828 5.164235e-11
1829 2.789931e-11
1830 1.819087e-08
1831 1.347818e-08
1832 9.617397e-09
1833 6.589665e-09
1834 4.273588e-09
1835 2.740223e-09
1836 1.773337e-09
1837 1.172571e-09
1838 7.941494e-10
1839 5.448442e-10
1840 3.711010e-10
1841 2.456868e-10
1842 1.555821e-10
1843 9.301941e-11
1844 5.227735e-11
1845 2.489576e-08
1846 1.891123e-08
1847 1.370865e-08
1848 9.600356e-09
1849 6.378126e-09
1850 4.064393e-09
1851 2.613034e-09
1852 1.696785e-09
1853 1.130947e-09
1854 7.692025e-10
1855 5.250944e-10
1856 3.522974e-10
1857 2.280385e-10
1858 1.403199e-10
1859 8.138004e-11
1860 3.188878e-08
1861 2.483761e-08
1862 1.828953e-08
1863 1.298916e-08
1864 8.834518e-09
1865 5.667836e-09
1866 3.617885e-09
1867 2.321141e-09
1868 1.524304e-09
1869 1.024891e-09
1870 6.971608e-10
1871 4.706144e-10
1872 3.090430e-10
1873 1.942651e-10
1874 1.155488e-10
1875 3.940828e-08
1876 3.148393e-08
1877 2.359754e-08
1878 1.695385e-08
1879 1.174503e-08
1880 7.668586e-09
1881 4.855574e-09
1882 3.099780e-09
1883 2.006625e-09
1884 1.330773e-09
1885 8.984607e-10
1886 6.071555e-10
1887 4.024499e-10
1888 2.571726e-10
1889 1.562498e-10
1890 4.773911e-08
1891 3.913046e-08
1892 2.993502e-08
1893 2.177071e-08
1894 1.529456e-08
1895 1.020432e-08
1896 6.455157e-09
1897 4.107340e-09
1898 2.621137e-09
1899 1.714112e-09
1900 1.145374e-09
1901 7.715754e-10
1902 5.140022e-10
1903 3.325469e-10
1904 2.057669e-10
1905 5.735129e-08
1906 4.826624e-08
1907 3.780251e-08
1908 2.791124e-08
1909 1.984217e-08
1910 1.351980e-08
1911 8.649178e-09
1912 5.461677e-09
1913 3.453026e-09
1914 2.225683e-09
1915 1.466834e-09
1916 9.808405e-10
1917 6.539614e-10
1918 4.268136e-10
1919 2.682882e-10
1920 6.961166e-08
1921 6.031899e-08
1922 4.862237e-08
1923 3.667151e-08
1924 2.641500e-08
1925 1.834863e-08
1926 1.201644e-08
1927 7.536881e-09
1928 4.749141e-09
1929 3.008340e-09
1930 1.946668e-09
1931 1.284264e-09
1932 8.521482e-10
1933 5.587349e-10
1934 3.558785e-10
1935 9.149177e-08
1936 8.280718e-08
1937 6.994634e-08
1938 5.502937e-08
1939 4.077990e-08
1940 2.900493e-08
1941 1.974864e-08
1942 1.264022e-08
1943 7.894687e-09
1944 4.912964e-09
1945 3.087583e-09
1946 1.976151e-09
1947 1.283691e-09
1948 8.354587e-10
1949 5.359634e-10
1950 2.107083e-07
1951 2.158240e-07
1952 2.101578e-07
1953 1.926632e-07
1954 1.648892e-07
1955 1.311729e-07
1956 9.773080e-08
1957 6.955871e-08
1958 4.748942e-08
1959 3.015448e-08
1960 1.821856e-08
1961 1.081903e-08
1962 6.334995e-09
1963 3.699012e-09
1964 2.172965e-09
