0 3.254453e-09
1 2.320562e-09
2 1.605015e-09
3 1.091828e-09
4 7.416471e-10
5 5.061720e-10
6 3.462893e-10
7 2.346126e-10
8 1.566763e-10
9 1.024640e-10
10 6.497156e-11
11 3.977412e-11
12 2.349989e-11
13 1.345300e-11
14 7.508007e-12
15 4.761446e-09
16 3.378114e-09
17 2.310118e-09
18 1.537006e-09
19 1.016084e-09
20 6.780222e-10
21 4.587572e-10
22 3.128372e-10
23 2.128826e-10
24 1.426911e-10
25 9.280402e-11
26 5.798620e-11
27 3.460673e-11
28 1.973037e-11
29 1.079436e-11
30 5.588807e-09
31 3.985464e-09
32 2.732831e-09
33 1.820517e-09
34 1.197063e-09
35 7.881472e-10
36 5.279062e-10
37 3.582340e-10
38 2.443191e-10
39 1.650158e-10
40 1.086395e-10
41 6.886673e-11
42 4.170858e-11
43 2.407894e-11
44 1.327659e-11
45 6.284401e-09
46 4.530308e-09
47 3.129537e-09
48 2.098144e-09
49 1.387777e-09
50 9.089678e-10
51 6.039054e-10
52 4.065866e-10
53 2.762020e-10
54 1.866377e-10
55 1.235507e-10
56 7.910030e-11
57 4.856364e-11
58 2.847991e-11
59 1.595756e-11
60 6.967992e-09
61 5.098020e-09
62 3.565230e-09
63 2.413136e-09
64 1.612051e-09
65 1.060075e-09
66 6.987954e-10
67 4.671427e-10
68 3.147712e-10
69 2.117738e-10
70 1.403315e-10
71 9.045175e-11
72 5.618766e-11
73 3.348980e-11
74 1.913139e-11
75 7.612020e-09
76 5.654584e-09
77 4.007931e-09
78 2.740494e-09
79 1.847776e-09
80 1.225153e-09
81 8.034096e-10
82 5.337657e-10
83 3.563446e-10
84 2.383510e-10
85 1.577047e-10
86 1.020195e-10
87 6.396153e-11
88 3.865909e-11
89 2.247684e-11
90 8.243060e-09
91 6.220463e-09
92 4.475021e-09
93 3.094772e-09
94 2.105285e-09
95 1.409408e-09
96 9.244997e-10
97 6.094370e-10
98 4.034807e-10
99 2.679385e-10
100 1.766318e-10
101 1.144386e-10
102 7.224275e-11
103 4.418680e-11
104 2.609988e-11
105 8.899564e-09
106 6.826210e-09
107 4.992633e-09
108 3.499627e-09
109 2.403132e-09
110 1.624649e-09
111 1.071705e-09
112 7.007452e-10
113 4.609276e-10
114 3.032690e-10
115 1.987948e-10
116 1.286897e-10
117 8.161386e-11
118 5.040716e-11
119 3.020157e-11
120 9.632167e-09
121 7.521534e-09
122 5.606453e-09
123 3.995824e-09
124 2.775948e-09
125 1.895627e-09
126 1.262606e-09
127 8.218882e-10
128 5.367335e-10
129 3.494530e-10
130 2.272075e-10
131 1.465526e-10
132 9.312956e-11
133 5.796578e-11
134 3.517666e-11
135 1.008689e-08
136 8.034739e-09
137 6.126399e-09
138 4.462708e-09
139 3.150477e-09
140 2.178026e-09
141 1.470331e-09
142 9.610573e-10
143 6.213723e-10
144 4.004494e-10
145 2.572559e-10
146 1.644725e-10
147 1.042085e-10
148 6.510226e-11
149 3.991117e-11
150 7.806800e-09
151 5.595044e-09
152 3.861510e-09
153 2.551503e-09
154 1.656491e-09
155 1.085809e-09
156 7.241761e-10
157 4.927278e-10
158 3.386446e-10
159 2.313784e-10
160 1.541908e-10
161 9.874940e-11
162 6.018255e-11
163 3.477310e-11
164 1.909508e-11
165 9.528059e-09
166 6.883038e-09
167 4.791217e-09
168 3.190691e-09
169 2.064256e-09
170 1.342730e-09
171 8.869734e-10
172 5.992936e-10
173 4.112705e-10
174 2.822124e-10
175 1.898725e-10
176 1.232099e-10
177 7.620716e-11
178 4.466956e-11
179 2.482330e-11
180 1.070315e-08
181 7.781193e-09
182 5.447182e-09
183 3.648546e-09
184 2.364716e-09
185 1.533264e-09
186 1.007570e-09
187 6.773076e-10
188 4.635442e-10
189 3.182721e-10
190 2.149918e-10
191 1.404429e-10
192 8.760876e-11
193 5.183861e-11
194 2.907215e-11
195 1.166372e-08
196 8.533801e-09
197 6.008039e-09
198 4.045461e-09
199 2.630872e-09
200 1.706788e-09
201 1.117145e-09
202 7.481350e-10
203 5.102848e-10
204 3.498243e-10
205 2.366475e-10
206 1.552092e-10
207 9.741001e-11
208 5.807703e-11
209 3.284543e-11
210 1.246566e-08
211 9.175652e-09
212 6.496163e-09
213 4.395300e-09
214 2.868878e-09
215 1.865627e-09
216 1.218034e-09
217 8.130343e-10
218 5.523829e-10
219 3.778668e-10
220 2.556343e-10
221 1.680661e-10
222 1.059539e-10
223 6.356434e-11
224 3.621954e-11
225 1.318081e-08
226 9.761978e-09
227 6.952203e-09
228 4.728118e-09
229 3.098112e-09
230 2.021819e-09
231 1.319384e-09
232 8.774039e-10
233 5.937396e-10
234 4.050315e-10
235 2.737210e-10
236 1.801786e-10
237 1.139817e-10
238 6.875046e-11
239 3.945399e-11
240 1.386743e-08
241 1.033808e-08
242 7.412350e-09
243 5.071879e-09
244 3.338440e-09
245 2.188116e-09
246 1.430552e-09
247 9.474665e-10
248 6.388460e-10
249 4.340232e-10
250 2.926406e-10
251 1.926505e-10
252 1.221862e-10
253 7.406007e-11
254 4.280011e-11
255 1.458579e-08
256 1.095550e-08
257 7.919667e-09
258 5.461920e-09
259 3.617385e-09
260 2.383301e-09
261 1.564652e-09
262 1.033386e-09
263 6.935645e-10
264 4.685915e-10
265 3.147813e-10
266 2.069681e-10
267 1.314739e-10
268 8.004211e-11
269 4.658916e-11
270 1.474498e-08
271 1.117159e-08
272 8.159569e-09
273 5.690368e-09
274 3.806219e-09
275 2.527530e-09
276 1.672022e-09
277 1.105268e-09
278 7.369763e-10
279 4.943755e-10
280 3.297007e-10
281 2.157503e-10
282 1.368921e-10
283 8.356530e-11
284 4.896813e-11
285 1.223440e-08
286 8.950132e-09
287 6.307941e-09
288 4.265331e-09
289 2.763793e-09
290 1.784849e-09
291 1.166563e-09
292 7.798054e-10
293 5.320651e-10
294 3.655372e-10
295 2.480981e-10
296 1.633725e-10
297 1.029341e-10
298 6.154467e-11
299 3.484066e-11
300 1.417164e-08
301 1.046042e-08
302 7.424985e-09
303 5.066624e-09
304 3.300700e-09
305 2.123220e-09
306 1.381073e-09
307 9.166460e-10
308 6.222493e-10
309 4.269930e-10
310 2.907921e-10
311 1.928903e-10
312 1.227750e-10
313 7.427434e-11
314 4.255001e-11
315 1.567177e-08
316 1.163872e-08
317 8.301271e-09
318 5.697033e-09
319 3.726941e-09
320 2.393381e-09
321 1.552305e-09
322 1.025718e-09
323 6.937805e-10
324 4.754454e-10
325 3.243552e-10
326 2.160579e-10
327 1.383669e-10
328 8.431801e-11
329 4.865924e-11
330 1.685221e-08
331 1.257140e-08
332 8.998258e-09
333 6.199737e-09
334 4.067765e-09
335 2.611239e-09
336 1.690767e-09
337 1.113745e-09
338 7.512685e-10
339 5.142756e-10
340 3.510683e-10
341 2.344613e-10
342 1.507513e-10
343 9.230937e-11
344 5.355118e-11
345 1.784630e-08
346 1.336034e-08
347 9.592361e-09
348 6.630212e-09
349 4.360524e-09
350 2.799676e-09
351 1.810815e-09
352 1.190273e-09
353 8.010130e-10
354 5.476451e-10
355 3.739614e-10
356 2.501926e-10
357 1.613075e-10
358 9.912715e-11
359 5.774535e-11
360 1.874907e-08
361 1.408322e-08
362 1.014063e-08
363 7.031068e-09
364 4.634087e-09
365 2.977050e-09
366 1.925570e-09
367 1.262739e-09
368 8.481635e-10
369 5.791624e-10
370 3.953878e-10
371 2.648015e-10
372 1.711175e-10
373 1.054724e-10
374 6.164285e-11
375 1.964319e-08
376 1.480463e-08
377 1.069441e-08
378 7.438679e-09
379 4.915272e-09
380 3.160862e-09
381 2.045725e-09
382 1.339210e-09
383 8.978120e-10
384 6.119097e-10
385 4.174598e-10
386 2.797364e-10
387 1.810743e-10
388 1.118999e-10
389 6.561346e-11
390 1.965590e-08
391 1.486051e-08
392 1.076712e-08
393 7.516696e-09
394 4.984123e-09
395 3.212355e-09
396 2.083268e-09
397 1.363792e-09
398 9.120445e-10
399 6.200656e-10
400 4.220767e-10
401 2.824985e-10
402 1.828842e-10
403 1.131542e-10
404 6.653261e-11
405 1.695126e-08
406 1.268076e-08
407 9.086805e-09
408 6.274435e-09
409 4.133165e-09
410 2.649171e-09
411 1.714857e-09
412 1.127020e-09
413 7.587440e-10
414 5.186687e-10
415 3.540200e-10
416 2.366976e-10
417 1.525334e-10
418 9.369279e-11
419 5.455426e-11
420 1.920250e-08
421 1.450252e-08
422 1.046197e-08
423 7.276655e-09
424 4.831757e-09
425 3.095795e-09
426 1.997271e-09
427 1.304386e-09
428 8.731202e-10
429 5.949041e-10
430 4.062853e-10
431 2.728424e-10
432 1.771515e-10
433 1.098628e-10
434 6.464765e-11
435 2.095889e-08
436 1.592695e-08
437 1.153812e-08
438 8.060686e-09
439 5.379370e-09
440 3.446276e-09
441 2.218625e-09
442 1.443469e-09
443 9.627035e-10
444 6.545798e-10
445 4.471683e-10
446 3.011067e-10
447 1.964061e-10
448 1.225184e-10
449 7.255526e-11
450 2.241090e-08
451 1.710439e-08
452 1.242665e-08
453 8.708310e-09
454 5.831538e-09
455 3.736216e-09
456 2.401446e-09
457 1.558514e-09
458 1.036752e-09
459 7.039025e-10
460 4.809593e-10
461 3.244687e-10
462 2.123211e-10
463 1.329786e-10
464 7.909071e-11
465 2.370473e-08
466 1.815208e-08
467 1.321870e-08
468 9.285670e-09
469 6.234219e-09
470 3.994367e-09
471 2.564559e-09
472 1.660852e-09
473 1.102697e-09
474 7.477694e-10
475 5.110074e-10
476 3.452763e-10
477 2.264962e-10
478 1.422949e-10
479 8.490388e-11
480 2.495830e-08
481 1.916916e-08
482 1.398733e-08
483 9.845345e-09
484 6.624723e-09
485 4.244221e-09
486 2.722089e-09
487 1.760048e-09
488 1.166633e-09
489 7.903974e-10
490 5.401839e-10
491 3.654106e-10
492 2.402244e-10
493 1.513165e-10
494 9.054053e-11
495 2.501171e-08
496 1.924739e-08
497 1.405943e-08
498 9.908831e-09
499 6.680924e-09
500 4.281702e-09
501 2.744493e-09
502 1.772762e-09
503 1.173486e-09
504 7.941982e-10
505 5.426299e-10
506 3.672338e-10
507 2.416840e-10
508 1.524839e-10
509 9.142201e-11
510 2.231886e-08
511 1.709878e-08
512 1.245595e-08
513 8.741728e-09
514 5.875027e-09
515 3.777956e-09
516 2.425426e-09
517 1.572543e-09
518 1.043404e-09
519 7.065580e-10
520 4.819137e-10
521 3.249652e-10
522 2.128538e-10
523 1.336282e-10
524 7.976446e-11
525 2.485396e-08
526 1.923039e-08
527 1.410575e-08
528 9.957159e-09
529 6.744239e-09
530 4.353404e-09
531 2.784985e-09
532 1.798492e-09
533 1.186332e-09
534 7.996512e-10
535 5.446292e-10
536 3.680509e-10
537 2.423597e-10
538 1.533239e-10
539 9.235358e-11
540 2.695415e-08
541 2.099876e-08
542 1.547522e-08
543 1.096638e-08
544 7.465305e-09
545 4.831222e-09
546 3.083724e-09
547 1.986426e-09
548 1.305059e-09
549 8.769684e-10
550 5.967027e-10
551 4.038148e-10
552 2.668522e-10
553 1.696759e-10
554 1.028140e-10
555 2.882699e-08
556 2.257424e-08
557 1.669507e-08
558 1.186525e-08
559 8.107505e-09
560 5.256699e-09
561 3.349629e-09
562 2.153705e-09
563 1.410817e-09
564 9.457998e-10
565 6.430794e-10
566 4.356711e-10
567 2.886675e-10
568 1.842402e-10
569 1.121283e-10
570 3.064234e-08
571 2.410197e-08
572 1.787717e-08
573 1.273682e-08
574 8.729737e-09
575 5.669280e-09
576 3.607265e-09
577 2.315736e-09
578 1.513273e-09
579 1.012580e-09
580 6.880028e-10
581 4.665377e-10
582 3.098091e-10
583 1.983546e-10
584 1.211492e-10
585 3.094746e-08
586 2.441920e-08
587 1.815235e-08
588 1.295402e-08
589 8.902077e-09
590 5.790826e-09
591 3.681554e-09
592 2.360943e-09
593 1.539764e-09
594 1.028550e-09
595 6.981759e-10
596 4.735082e-10
597 3.148853e-10
598 2.020411e-10
599 1.237403e-10
600 2.822896e-08
601 2.215179e-08
602 1.641742e-08
603 1.167725e-08
604 7.988325e-09
605 5.200284e-09
606 3.314153e-09
607 2.131822e-09
608 1.394257e-09
609 9.330285e-10
610 6.331160e-10
611 4.283294e-10
612 2.836611e-10
613 1.811339e-10
614 1.104031e-10
615 3.111793e-08
616 2.466817e-08
617 1.842157e-08
618 1.317444e-08
619 9.072902e-09
620 5.943825e-09
621 3.781246e-09
622 2.425725e-09
623 1.577096e-09
624 1.049796e-09
625 7.102922e-10
626 4.806990e-10
627 3.194866e-10
628 2.052773e-10
629 1.261159e-10
630 3.369347e-08
631 2.691197e-08
632 2.020895e-08
633 1.450950e-08
634 1.003961e-08
635 6.606549e-09
636 4.197598e-09
637 2.687617e-09
638 1.739972e-09
639 1.153855e-09
640 7.790574e-10
641 5.273906e-10
642 3.514268e-10
643 2.267974e-10
644 1.401259e-10
645 3.619003e-08
646 2.908532e-08
647 2.194298e-08
648 1.580307e-08
649 1.097598e-08
650 7.248373e-09
651 4.600729e-09
652 2.941194e-09
653 1.897779e-09
654 1.254656e-09
655 8.456667e-10
656 5.725952e-10
657 3.823534e-10
658 2.476377e-10
659 1.536899e-10
660 3.688197e-08
661 2.978633e-08
662 2.255163e-08
663 1.628146e-08
664 1.134430e-08
665 7.517201e-09
666 4.768502e-09
667 3.045480e-09
668 1.959556e-09
669 1.292069e-09
670 8.692759e-10
671 5.883875e-10
672 3.933985e-10
673 2.554583e-10
674 1.591059e-10
675 3.488531e-08
676 2.804319e-08
677 2.118036e-08
678 1.526240e-08
679 1.059815e-08
680 7.014326e-09
681 4.464308e-09
682 2.853317e-09
683 1.841032e-09
684 1.216139e-09
685 8.184082e-10
686 5.531653e-10
687 3.688309e-10
688 2.386621e-10
689 1.481008e-10
690 3.832645e-08
691 3.114246e-08
692 2.372987e-08
693 1.720147e-08
694 1.201524e-08
695 8.011890e-09
696 5.105032e-09
697 3.253647e-09
698 2.088686e-09
699 1.371684e-09
700 9.190952e-10
701 6.203886e-10
702 4.144923e-10
703 2.695399e-10
704 1.684591e-10
705 4.166164e-08
706 3.414655e-08
707 2.619669e-08
708 1.908047e-08
709 1.338682e-08
710 8.977255e-09
711 5.725937e-09
712 3.640864e-09
713 2.328185e-09
714 1.522235e-09
715 1.016524e-09
716 6.854563e-10
717 4.586962e-10
718 2.994341e-10
719 1.881683e-10
720 4.292297e-08
721 3.542514e-08
722 2.733228e-08
723 1.997900e-08
724 1.407205e-08
725 9.485672e-09
726 6.057462e-09
727 3.845073e-09
728 2.451100e-09
729 1.596447e-09
730 1.062621e-09
731 7.155496e-10
732 4.792365e-10
733 3.137391e-10
734 1.980235e-10
735 4.279783e-08
736 3.528053e-08
737 2.722749e-08
738 1.991936e-08
739 1.401667e-08
740 9.444772e-09
741 6.052977e-09
742 3.840466e-09
743 2.452614e-09
744 1.597171e-09
745 1.062260e-09
746 7.143728e-10
747 4.777008e-10
748 3.122483e-10
749 1.968375e-10
750 4.722146e-08
751 3.939652e-08
752 3.072377e-08
753 2.264667e-08
754 1.603129e-08
755 1.088892e-08
756 7.014778e-09
757 4.436359e-09
758 2.823009e-09
759 1.825942e-09
760 1.206961e-09
761 8.089827e-10
762 5.411233e-10
763 3.550279e-10
764 2.252651e-10
765 4.930996e-08
766 4.154705e-08
767 3.269144e-08
768 2.424021e-08
769 1.724487e-08
770 1.179428e-08
771 7.634476e-09
772 4.815910e-09
773 3.055995e-09
774 1.965512e-09
775 1.292213e-09
776 8.632513e-10
777 5.772459e-10
778 3.797524e-10
779 2.421992e-10
780 5.306171e-08
781 4.499304e-08
782 3.563495e-08
783 2.658067e-08
784 1.897512e-08
785 1.302412e-08
786 8.484875e-09
787 5.352312e-09
788 3.393263e-09
789 2.173205e-09
790 1.422617e-09
791 9.469456e-10
792 6.320526e-10
793 4.158943e-10
794 2.658185e-10
795 5.647140e-08
796 4.857383e-08
797 3.901216e-08
798 2.941658e-08
799 2.115873e-08
800 1.465510e-08
801 9.644218e-09
802 6.082323e-09
803 3.843612e-09
804 2.441282e-09
805 1.584076e-09
806 1.046977e-09
807 6.966589e-10
808 4.590685e-10
809 2.950491e-10
810 6.186441e-08
811 5.435598e-08
812 4.465225e-08
813 3.434657e-08
814 2.505244e-08
815 1.757154e-08
816 1.177475e-08
817 7.489180e-09
818 4.703650e-09
819 2.959220e-09
820 1.891774e-09
821 1.232379e-09
822 8.122815e-10
823 5.339289e-10
824 3.447188e-10
825 6.015881e-07
826 4.567315e-07
827 3.455928e-07
828 2.439734e-07
829 1.536504e-07
830 9.759190e-08
831 6.095688e-08
832 0.000000e+00
833 0.000000e+00
834 0.000000e+00
835 0.000000e+00
836 0.000000e+00
837 0.000000e+00
838 0.000000e+00
839 0.000000e+00
840 7.327256e-07
841 5.572053e-07
842 4.215052e-07
843 2.994156e-07
844 1.887747e-07
845 1.200065e-07
846 7.485313e-08
847 0.000000e+00
848 0.000000e+00
849 0.000000e+00
850 0.000000e+00
851 0.000000e+00
852 0.000000e+00
853 0.000000e+00
854 0.000000e+00
855 8.303119e-07
856 6.319893e-07
857 4.780096e-07
858 3.406599e-07
859 2.149189e-07
860 1.366827e-07
861 8.519255e-08
862 0.000000e+00
863 0.000000e+00
864 0.000000e+00
865 0.000000e+00
866 0.000000e+00
867 0.000000e+00
868 0.000000e+00
869 0.000000e+00
870 9.058611e-07
871 6.898600e-07
872 5.217346e-07
873 3.725972e-07
874 2.351555e-07
875 1.495895e-07
876 9.319708e-08
877 0.000000e+00
878 0.000000e+00
879 0.000000e+00
880 0.000000e+00
881 0.000000e+00
882 0.000000e+00
883 0.000000e+00
884 0.000000e+00
885 9.683621e-07
886 7.377332e-07
887 5.579060e-07
888 3.990081e-07
889 2.518919e-07
890 1.602704e-07
891 9.981720e-08
892 0.000000e+00
893 0.000000e+00
894 0.000000e+00
895 0.000000e+00
896 0.000000e+00
897 0.000000e+00
898 0.000000e+00
899 0.000000e+00
900 1.024077e-06
901 7.804212e-07
902 5.901594e-07
903 4.225589e-07
904 2.668158e-07
905 1.697917e-07
906 1.057204e-07
907 0.000000e+00
908 0.000000e+00
909 0.000000e+00
910 0.000000e+00
911 0.000000e+00
912 0.000000e+00
913 0.000000e+00
914 0.000000e+00
915 1.078110e-06
916 8.218190e-07
917 6.214525e-07
918 4.453970e-07
919 2.812883e-07
920 1.790246e-07
921 1.114450e-07
922 0.000000e+00
923 0.000000e+00
924 0.000000e+00
925 0.000000e+00
926 0.000000e+00
927 0.000000e+00
928 0.000000e+00
929 0.000000e+00
930 1.073273e-06
931 8.183085e-07
932 6.187556e-07
933 4.437512e-07
934 2.803011e-07
935 1.784091e-07
936 1.110464e-07
937 0.000000e+00
938 0.000000e+00
939 0.000000e+00
940 0.000000e+00
941 0.000000e+00
942 0.000000e+00
943 0.000000e+00
944 0.000000e+00
945 2.778452e-07
946 2.263494e-07
947 1.694491e-07
948 1.299523e-07
949 9.098022e-08
950 5.626657e-08
951 3.514352e-08
952 2.182762e-08
953 0.000000e+00
954 0.000000e+00
955 0.000000e+00
956 0.000000e+00
957 0.000000e+00
958 0.000000e+00
959 0.000000e+00
960 4.376518e-07
961 3.594402e-07
962 2.696552e-07
963 2.062848e-07
964 1.462961e-07
965 9.010702e-08
966 5.660572e-08
967 3.506095e-08
968 0.000000e+00
969 0.000000e+00
970 0.000000e+00
971 0.000000e+00
972 0.000000e+00
973 0.000000e+00
974 0.000000e+00
975 5.609738e-07
976 4.623750e-07
977 3.472645e-07
978 2.653480e-07
979 1.892503e-07
980 1.164060e-07
981 7.331032e-08
982 4.534890e-08
983 0.000000e+00
984 0.000000e+00
985 0.000000e+00
986 0.000000e+00
987 0.000000e+00
988 0.000000e+00
989 0.000000e+00
990 6.562645e-07
991 5.419083e-07
992 4.072290e-07
993 3.109843e-07
994 2.224321e-07
995 1.366582e-07
996 8.621532e-08
997 5.329712e-08
998 0.000000e+00
999 0.000000e+00
1000 0.000000e+00
1001 0.000000e+00
1002 0.000000e+00
1003 0.000000e+00
1004 0.000000e+00
1005 7.350636e-07
1006 6.074049e-07
1007 4.568144e-07
1008 3.487218e-07
1009 2.498702e-07
1010 1.534482e-07
1011 9.688651e-08
1012 5.986953e-08
1013 0.000000e+00
1014 0.000000e+00
1015 0.000000e+00
1016 0.000000e+00
1017 0.000000e+00
1018 0.000000e+00
1019 0.000000e+00
1020 8.053380e-07
1021 6.660247e-07
1022 5.008016e-07
1023 3.822015e-07
1024 2.743397e-07
1025 1.684217e-07
1026 1.064031e-07
1027 6.573087e-08
1028 0.000000e+00
1029 0.000000e+00
1030 0.000000e+00
1031 0.000000e+00
1032 0.000000e+00
1033 0.000000e+00
1034 0.000000e+00
1035 8.734750e-07
1036 7.228623e-07
1037 5.436538e-07
1038 4.148147e-07
1039 2.980657e-07
1040 1.829400e-07
1041 1.156306e-07
1042 7.141406e-08
1043 0.000000e+00
1044 0.000000e+00
1045 0.000000e+00
1046 0.000000e+00
1047 0.000000e+00
1048 0.000000e+00
1049 0.000000e+00
1050 8.906114e-07
1051 7.374880e-07
1052 5.547617e-07
1053 4.232062e-07
1054 3.042206e-07
1055 1.867761e-07
1056 1.181055e-07
1057 7.292679e-08
1058 0.000000e+00
1059 0.000000e+00
1060 0.000000e+00
1061 0.000000e+00
1062 0.000000e+00
1063 0.000000e+00
1064 0.000000e+00
1065 2.293054e-07
1066 2.030565e-07
1067 1.577350e-07
1068 1.177710e-07
1069 9.076918e-08
1070 5.714671e-08
1071 3.701978e-08
1072 2.233093e-08
1073 1.377247e-08
1074 0.000000e+00
1075 0.000000e+00
1076 0.000000e+00
1077 0.000000e+00
1078 0.000000e+00
1079 0.000000e+00
1080 3.616769e-07
1081 3.222392e-07
1082 2.515361e-07
1083 1.876280e-07
1084 1.447608e-07
1085 9.215804e-08
1086 5.940658e-08
1087 3.582989e-08
1088 2.209209e-08
1089 0.000000e+00
1090 0.000000e+00
1091 0.000000e+00
1092 0.000000e+00
1093 0.000000e+00
1094 0.000000e+00
1095 4.652713e-07
1096 4.156054e-07
1097 3.250934e-07
1098 2.424138e-07
1099 1.870924e-07
1100 1.196736e-07
1101 7.697412e-08
1102 4.642885e-08
1103 2.862474e-08
1104 0.000000e+00
1105 0.000000e+00
1106 0.000000e+00
1107 0.000000e+00
1108 0.000000e+00
1109 0.000000e+00
1110 5.507907e-07
1111 4.926752e-07
1112 3.858073e-07
1113 2.876339e-07
1114 2.220331e-07
1115 1.423812e-07
1116 9.147367e-08
1117 5.517724e-08
1118 3.401632e-08
1119 0.000000e+00
1120 0.000000e+00
1121 0.000000e+00
1122 0.000000e+00
1123 0.000000e+00
1124 0.000000e+00
1125 6.270426e-07
1126 5.613927e-07
1127 4.399411e-07
1128 3.279531e-07
1129 2.531871e-07
1130 1.626274e-07
1131 1.044017e-07
1132 6.297740e-08
1133 3.882352e-08
1134 0.000000e+00
1135 0.000000e+00
1136 0.000000e+00
1137 0.000000e+00
1138 0.000000e+00
1139 0.000000e+00
1140 7.009947e-07
1141 6.280379e-07
1142 4.924426e-07
1143 3.670565e-07
1144 2.834016e-07
1145 1.822632e-07
1146 1.169399e-07
1147 7.054237e-08
1148 4.348577e-08
1149 0.000000e+00
1150 0.000000e+00
1151 0.000000e+00
1152 0.000000e+00
1153 0.000000e+00
1154 0.000000e+00
1155 7.347904e-07
1156 6.587389e-07
1157 5.167823e-07
1158 3.851669e-07
1159 2.974078e-07
1160 1.914943e-07
1161 1.227960e-07
1162 7.407685e-08
1163 4.566346e-08
1164 0.000000e+00
1165 0.000000e+00
1166 0.000000e+00
1167 0.000000e+00
1168 0.000000e+00
1169 0.000000e+00
1170 2.145352e-07
1171 2.017885e-07
1172 1.652980e-07
1173 1.232729e-07
1174 9.460145e-08
1175 6.697220e-08
1176 4.072068e-08
1177 2.508527e-08
1178 1.539188e-08
1179 0.000000e+00
1180 0.000000e+00
1181 0.000000e+00
1182 0.000000e+00
1183 0.000000e+00
1184 0.000000e+00
1185 3.222831e-07
1186 3.043049e-07
1187 2.503316e-07
1188 1.869223e-07
1189 1.431909e-07
1190 1.021477e-07
1191 6.187840e-08
1192 3.830728e-08
1193 2.346555e-08
1194 0.000000e+00
1195 0.000000e+00
1196 0.000000e+00
1197 0.000000e+00
1198 0.000000e+00
1199 0.000000e+00
1200 4.111745e-07
1201 3.888916e-07
1202 3.205113e-07
1203 2.394617e-07
1204 1.832964e-07
1205 1.311854e-07
1206 7.934945e-08
1207 4.922669e-08
1208 3.013234e-08
1209 0.000000e+00
1210 0.000000e+00
1211 0.000000e+00
1212 0.000000e+00
1213 0.000000e+00
1214 0.000000e+00
1215 4.903433e-07
1216 4.642230e-07
1217 3.830084e-07
1218 2.862484e-07
1219 2.190116e-07
1220 1.570424e-07
1221 9.490682e-08
1222 5.895007e-08
1223 3.606868e-08
1224 0.000000e+00
1225 0.000000e+00
1226 0.000000e+00
1227 0.000000e+00
1228 0.000000e+00
1229 0.000000e+00
1230 5.671254e-07
1231 5.372832e-07
1232 4.436255e-07
1233 3.316245e-07
1234 2.536499e-07
1235 1.821222e-07
1236 1.099970e-07
1237 6.837982e-08
1238 4.182680e-08
1239 0.000000e+00
1240 0.000000e+00
1241 0.000000e+00
1242 0.000000e+00
1243 0.000000e+00
1244 0.000000e+00
1245 6.130706e-07
1246 5.811778e-07
1247 4.801730e-07
1248 3.590225e-07
1249 2.745291e-07
1250 1.973395e-07
1251 1.191242e-07
1252 7.410865e-08
1253 4.531942e-08
1254 0.000000e+00
1255 0.000000e+00
1256 0.000000e+00
1257 0.000000e+00
1258 0.000000e+00
1259 0.000000e+00
1260 2.094302e-07
1261 2.058441e-07
1262 1.773457e-07
1263 1.349370e-07
1264 1.014151e-07
1265 7.719938e-08
1266 4.622084e-08
1267 3.000086e-08
1268 1.800781e-08
1269 1.089507e-08
1270 0.000000e+00
1271 0.000000e+00
1272 0.000000e+00
1273 0.000000e+00
1274 0.000000e+00
1275 3.003981e-07
1276 2.959378e-07
1277 2.557400e-07
1278 1.949485e-07
1279 1.463677e-07
1280 1.116611e-07
1281 6.705995e-08
1282 4.357008e-08
1283 2.611651e-08
1284 1.578500e-08
1285 0.000000e+00
1286 0.000000e+00
1287 0.000000e+00
1288 0.000000e+00
1289 0.000000e+00
1290 3.810226e-07
1291 3.757840e-07
1292 3.251990e-07
1293 2.481103e-07
1294 1.861915e-07
1295 1.421916e-07
1296 8.552478e-08
1297 5.559179e-08
1298 3.329926e-08
1299 2.011778e-08
1300 0.000000e+00
1301 0.000000e+00
1302 0.000000e+00
1303 0.000000e+00
1304 0.000000e+00
1305 4.591657e-07
1306 4.531842e-07
1307 3.925344e-07
1308 2.996585e-07
1309 2.248064e-07
1310 1.717927e-07
1311 1.034232e-07
1312 6.724625e-08
1313 4.026283e-08
1314 2.431819e-08
1315 0.000000e+00
1316 0.000000e+00
1317 0.000000e+00
1318 0.000000e+00
1319 0.000000e+00
1320 5.139382e-07
1321 5.075334e-07
1322 4.399328e-07
1323 3.359940e-07
1324 2.520031e-07
1325 1.926772e-07
1326 1.160817e-07
1327 7.549528e-08
1328 4.518767e-08
1329 2.728573e-08
1330 0.000000e+00
1331 0.000000e+00
1332 0.000000e+00
1333 0.000000e+00
1334 0.000000e+00
1335 1.189753e-07
1336 1.204556e-07
1337 1.078733e-07
1338 8.423125e-08
1339 6.260687e-08
1340 4.860881e-08
1341 3.064543e-08
1342 1.985274e-08
1343 1.173407e-08
1344 7.065214e-09
1345 0.000000e+00
1346 0.000000e+00
1347 0.000000e+00
1348 0.000000e+00
1349 0.000000e+00
1350 2.102718e-07
1351 2.136571e-07
1352 1.922891e-07
1353 1.507868e-07
1354 1.120122e-07
1355 8.696523e-08
1356 5.543420e-08
1357 3.570017e-08
1358 2.109302e-08
1359 1.271505e-08
1360 0.000000e+00
1361 0.000000e+00
1362 0.000000e+00
1363 0.000000e+00
1364 0.000000e+00
1365 2.917429e-07
1366 2.968613e-07
1367 2.677019e-07
1368 2.102811e-07
1369 1.561783e-07
1370 1.212471e-07
1371 7.762359e-08
1372 4.986944e-08
1373 2.946223e-08
1374 1.776898e-08
1375 0.000000e+00
1376 0.000000e+00
1377 0.000000e+00
1378 0.000000e+00
1379 0.000000e+00
1380 3.705212e-07
1381 3.773102e-07
1382 3.406106e-07
1383 2.677949e-07
1384 1.988742e-07
1385 1.543885e-07
1386 9.907052e-08
1387 6.356627e-08
1388 3.755478e-08
1389 2.265394e-08
1390 0.000000e+00
1391 0.000000e+00
1392 0.000000e+00
1393 0.000000e+00
1394 0.000000e+00
1395 4.319638e-07
1396 4.401281e-07
1397 3.976250e-07
1398 3.128308e-07
1399 2.323021e-07
1400 1.803346e-07
1401 1.159150e-07
1402 7.430680e-08
1403 4.389984e-08
1404 2.648587e-08
1405 0.000000e+00
1406 0.000000e+00
1407 0.000000e+00
1408 0.000000e+00
1409 0.000000e+00
1410 1.343539e-07
1411 1.398768e-07
1412 1.302422e-07
1413 1.053290e-07
1414 7.820278e-08
1415 6.037415e-08
1416 4.154068e-08
1417 2.549634e-08
1418 1.520621e-08
1419 9.203091e-09
1420 0.000000e+00
1421 0.000000e+00
1422 0.000000e+00
1423 0.000000e+00
1424 0.000000e+00
1425 2.165647e-07
1426 2.259319e-07
1427 2.110113e-07
1428 1.711945e-07
1429 1.271816e-07
1430 9.805948e-08
1431 6.794359e-08
1432 4.150271e-08
1433 2.483875e-08
1434 1.501960e-08
1435 0.000000e+00
1436 0.000000e+00
1437 0.000000e+00
1438 0.000000e+00
1439 0.000000e+00
1440 2.954823e-07
1441 3.085533e-07
1442 2.885521e-07
1443 2.344228e-07
1444 1.741997e-07
1445 1.342371e-07
1446 9.328832e-08
1447 5.686884e-08
1448 3.408551e-08
1449 2.060350e-08
1450 0.000000e+00
1451 0.000000e+00
1452 0.000000e+00
1453 0.000000e+00
1454 0.000000e+00
1455 3.621235e-07
1456 3.783647e-07
1457 3.541385e-07
1458 2.879607e-07
1459 2.140196e-07
1460 1.648630e-07
1461 1.147935e-07
1462 6.988656e-08
1463 4.192796e-08
1464 2.533806e-08
1465 0.000000e+00
1466 0.000000e+00
1467 0.000000e+00
1468 0.000000e+00
1469 0.000000e+00
1470 7.110244e-08
1471 7.547353e-08
1472 7.226708e-08
1473 6.021389e-08
1474 4.502392e-08
1475 3.431903e-08
1476 2.508951e-08
1477 1.480988e-08
1478 9.162806e-09
1479 5.488912e-09
1480 0.000000e+00
1481 0.000000e+00
1482 0.000000e+00
1483 0.000000e+00
1484 0.000000e+00
1485 1.518606e-07
1486 1.617401e-07
1487 1.556233e-07
1488 1.304323e-07
1489 9.776448e-08
1490 7.432036e-08
1491 5.481892e-08
1492 3.227203e-08
1493 2.014546e-08
1494 1.203366e-08
1495 0.000000e+00
1496 0.000000e+00
1497 0.000000e+00
1498 0.000000e+00
1499 0.000000e+00
1500 2.308081e-07
1501 2.461153e-07
1502 2.372429e-07
1503 1.992560e-07
1504 1.494852e-07
1505 1.135318e-07
1506 8.399260e-08
1507 4.941509e-08
1508 3.094056e-08
1509 1.846356e-08
1510 0.000000e+00
1511 0.000000e+00
1512 0.000000e+00
1513 0.000000e+00
1514 0.000000e+00
1515 3.015855e-07
1516 3.217924e-07
1517 3.104829e-07
1518 2.610606e-07
1519 1.959458e-07
1520 1.487435e-07
1521 1.102190e-07
1522 6.482210e-08
1523 4.065293e-08
1524 2.424651e-08
1525 0.000000e+00
1526 0.000000e+00
1527 0.000000e+00
1528 0.000000e+00
1529 0.000000e+00
1530 9.491296e-08
1531 1.028558e-07
1532 1.015159e-07
1533 8.775313e-08
1534 6.677090e-08
1535 5.009897e-08
1536 3.834662e-08
1537 2.265796e-08
1538 1.469443e-08
1539 8.655089e-09
1540 5.055416e-09
1541 0.000000e+00
1542 0.000000e+00
1543 0.000000e+00
1544 0.000000e+00
1545 1.739836e-07
1546 1.888881e-07
1547 1.869298e-07
1548 1.621564e-07
1549 1.236589e-07
1550 9.266928e-08
1551 7.110360e-08
1552 4.217833e-08
1553 2.740387e-08
1554 1.611508e-08
1555 9.400313e-09
1556 0.000000e+00
1557 0.000000e+00
1558 0.000000e+00
1559 0.000000e+00
1560 2.481227e-07
1561 2.695804e-07
1562 2.670796e-07
1563 2.320170e-07
1564 1.770977e-07
1565 1.326506e-07
1566 1.018798e-07
1567 6.053473e-08
1568 3.935756e-08
1569 2.312962e-08
1570 1.348519e-08
1571 0.000000e+00
1572 0.000000e+00
1573 0.000000e+00
1574 0.000000e+00
1575 1.095371e-07
1576 1.208337e-07
1577 1.224010e-07
1578 1.095143e-07
1579 8.533361e-08
1580 6.339672e-08
1581 4.931419e-08
1582 3.069290e-08
1583 1.990521e-08
1584 1.155557e-08
1585 6.745142e-09
1586 0.000000e+00
1587 0.000000e+00
1588 0.000000e+00
1589 0.000000e+00
1590 1.783413e-07
1591 1.969274e-07
1592 1.997687e-07
1593 1.790925e-07
1594 1.397707e-07
1595 1.038064e-07
1596 8.075916e-08
1597 5.048458e-08
1598 3.267503e-08
1599 1.895833e-08
1600 1.107707e-08
1601 0.000000e+00
1602 0.000000e+00
1603 0.000000e+00
1604 0.000000e+00
1605 6.420223e-05
1606 4.856708e-05
1607 3.697171e-05
1608 2.663205e-05
1609 1.655598e-05
1610 1.057539e-05
1611 6.582115e-06
1612 0.000000e+00
1613 0.000000e+00
1614 0.000000e+00
1615 0.000000e+00
1616 0.000000e+00
1617 0.000000e+00
1618 0.000000e+00
1619 0.000000e+00
1620 5.075974e-05
1621 4.203305e-05
1622 3.149057e-05
1623 2.406813e-05
1624 1.740981e-05
1625 1.056217e-05
1626 6.664160e-06
1627 4.128603e-06
1628 0.000000e+00
1629 0.000000e+00
1630 0.000000e+00
1631 0.000000e+00
1632 0.000000e+00
1633 0.000000e+00
1634 0.000000e+00
1635 4.020393e-05
1636 3.610060e-05
1637 2.828708e-05
1638 2.103134e-05
1639 1.633111e-05
1640 1.044468e-05
1641 6.766861e-06
1642 4.057636e-06
1643 2.498440e-06
1644 0.000000e+00
1645 0.000000e+00
1646 0.000000e+00
1647 0.000000e+00
1648 0.000000e+00
1649 0.000000e+00
1650 3.259180e-05
1651 3.094593e-05
1652 2.557525e-05
1653 1.908705e-05
1654 1.460158e-05
1655 1.054564e-05
1656 6.317757e-06
1657 3.918128e-06
1658 2.401101e-06
1659 0.000000e+00
1660 0.000000e+00
1661 0.000000e+00
1662 0.000000e+00
1663 0.000000e+00
1664 0.000000e+00
1665 2.700086e-05
1666 2.670424e-05
1667 2.317302e-05
1668 1.768264e-05
1669 1.324666e-05
1670 1.017818e-05
1671 6.081653e-06
1672 3.987626e-06
1673 2.386116e-06
1674 1.433496e-06
1675 0.000000e+00
1676 0.000000e+00
1677 0.000000e+00
1678 0.000000e+00
1679 0.000000e+00
1680 2.277596e-05
1681 2.323784e-05
1682 2.102260e-05
1683 1.653928e-05
1684 1.226591e-05
1685 9.544626e-06
1686 6.127453e-06
1687 3.946454e-06
1688 2.322936e-06
1689 1.402513e-06
1690 0.000000e+00
1691 0.000000e+00
1692 0.000000e+00
1693 0.000000e+00
1694 0.000000e+00
1695 1.942244e-05
1696 2.031804e-05
1697 1.904469e-05
1698 1.549561e-05
1699 1.150603e-05
1700 8.866776e-06
1701 6.193725e-06
1702 3.759127e-06
1703 2.246639e-06
1704 1.360542e-06
1705 0.000000e+00
1706 0.000000e+00
1707 0.000000e+00
1708 0.000000e+00
1709 0.000000e+00
1710 1.672924e-05
1711 1.786960e-05
1712 1.726615e-05
1713 1.453332e-05
1714 1.090375e-05
1715 8.272152e-06
1716 6.154768e-06
1717 3.598834e-06
1718 2.261359e-06
1719 1.348193e-06
1720 0.000000e+00
1721 0.000000e+00
1722 0.000000e+00
1723 0.000000e+00
1724 0.000000e+00
1725 1.444074e-05
1726 1.570544e-05
1727 1.558133e-05
1728 1.355436e-05
1729 1.034700e-05
1730 7.743146e-06
1731 5.965321e-06
1732 3.532354e-06
1733 2.308719e-06
1734 1.356449e-06
1735 7.873355e-07
1736 0.000000e+00
1737 0.000000e+00
1738 0.000000e+00
1739 0.000000e+00
1740 9.931507e-06
1741 1.097566e-05
1742 1.114917e-05
1743 1.001117e-05
1744 7.818701e-06
1745 5.802118e-06
1746 4.520885e-06
1747 2.827870e-06
1748 1.835435e-06
1749 1.063261e-06
1750 6.211770e-07
1751 0.000000e+00
1752 0.000000e+00
1753 0.000000e+00
1754 0.000000e+00
1755 1.330753e-06
1756 1.015621e-06
1757 7.679401e-07
1758 5.523846e-07
1759 3.490904e-07
1760 2.222886e-07
1761 1.382694e-07
1762 0.000000e+00
1763 0.000000e+00
1764 0.000000e+00
1765 0.000000e+00
1766 0.000000e+00
1767 0.000000e+00
1768 0.000000e+00
1769 0.000000e+00
1770 1.191652e-06
1771 9.889418e-07
1772 7.443416e-07
1773 5.675842e-07
1774 4.089929e-07
1775 2.509562e-07
1776 1.588608e-07
1777 9.804057e-08
1778 0.000000e+00
1779 0.000000e+00
1780 0.000000e+00
1781 0.000000e+00
1782 0.000000e+00
1783 0.000000e+00
1784 0.000000e+00
1785 1.047057e-06
1786 9.401089e-07
1787 7.383652e-07
1788 5.502516e-07
1789 4.249666e-07
1790 2.742673e-07
1791 1.756915e-07
1792 1.059801e-07
1793 6.533032e-08
1794 0.000000e+00
1795 0.000000e+00
1796 0.000000e+00
1797 0.000000e+00
1798 0.000000e+00
1799 0.000000e+00
1800 9.264767e-07
1801 8.793929e-07
1802 7.275279e-07
1803 5.441926e-07
1804 4.159268e-07
1805 2.996002e-07
1806 1.806906e-07
1807 1.125565e-07
1808 6.879897e-08
1809 0.000000e+00
1810 0.000000e+00
1811 0.000000e+00
1812 0.000000e+00
1813 0.000000e+00
1814 0.000000e+00
1815 8.250803e-07
1816 8.157129e-07
1817 7.080421e-07
1818 5.411644e-07
1819 4.057318e-07
1820 3.104902e-07
1821 1.872885e-07
1822 1.218528e-07
1823 7.289843e-08
1824 4.400059e-08
1825 0.000000e+00
1826 0.000000e+00
1827 0.000000e+00
1828 0.000000e+00
1829 0.000000e+00
1830 7.394963e-07
1831 7.542584e-07
1832 6.822345e-07
1833 5.373588e-07
1834 3.990000e-07
1835 3.097318e-07
1836 1.995867e-07
1837 1.277562e-07
1838 7.548362e-08
1839 4.554951e-08
1840 0.000000e+00
1841 0.000000e+00
1842 0.000000e+00
1843 0.000000e+00
1844 0.000000e+00
1845 6.650438e-07
1846 6.955363e-07
1847 6.517926e-07
1848 5.306307e-07
1849 3.944760e-07
1850 3.037323e-07
1851 2.120215e-07
1852 1.288603e-07
1853 7.740457e-08
1854 4.676083e-08
1855 0.000000e+00
1856 0.000000e+00
1857 0.000000e+00
1858 0.000000e+00
1859 0.000000e+00
1860 5.994666e-07
1861 6.402310e-07
1862 6.184504e-07
1863 5.206836e-07
1864 3.910362e-07
1865 2.966753e-07
1866 2.202264e-07
1867 1.294734e-07
1868 8.134374e-08
1869 4.848658e-08
1870 0.000000e+00
1871 0.000000e+00
1872 0.000000e+00
1873 0.000000e+00
1874 0.000000e+00
1875 5.406537e-07
1876 5.879338e-07
1877 5.831298e-07
1878 5.072727e-07
1879 3.875305e-07
1880 2.901442e-07
1881 2.230334e-07
1882 1.327311e-07
1883 8.635018e-08
1884 5.071603e-08
1885 2.955528e-08
1886 0.000000e+00
1887 0.000000e+00
1888 0.000000e+00
1889 0.000000e+00
1890 6.861261e-07
1891 6.706253e-07
1892 6.258773e-07
1893 5.330321e-07
1894 4.049165e-07
1895 2.938599e-07
1896 2.233404e-07
1897 1.407362e-07
1898 9.140838e-08
1899 5.424067e-08
1900 3.253593e-08
1901 0.000000e+00
1902 0.000000e+00
1903 0.000000e+00
1904 0.000000e+00
1905 1.376045e-08
1906 1.158472e-08
1907 9.361632e-09
1908 7.194220e-09
1909 5.283253e-09
1910 3.750868e-09
1911 2.596984e-09
1912 1.723938e-09
1913 1.096045e-09
1914 6.939462e-10
1915 4.344699e-10
1916 2.724429e-10
1917 1.711456e-10
1918 1.074471e-10
1919 6.704960e-11
1920 1.840017e-08
1921 1.437153e-08
1922 1.086893e-08
1923 7.862019e-09
1924 5.429009e-09
1925 3.688913e-09
1926 2.485828e-09
1927 1.658373e-09
1928 1.088999e-09
1929 7.173919e-10
1930 4.687521e-10
1931 3.026602e-10
1932 1.912474e-10
1933 1.174982e-10
1934 7.001653e-11
1935 2.398986e-08
1936 1.836901e-08
1937 1.348441e-08
1938 9.548315e-09
1939 6.408006e-09
1940 4.157851e-09
1941 2.709943e-09
1942 1.774761e-09
1943 1.178278e-09
1944 7.952833e-10
1945 5.382076e-10
1946 3.596244e-10
1947 2.333586e-10
1948 1.452573e-10
1949 8.618299e-11
1950 3.083685e-08
1951 2.393456e-08
1952 1.758689e-08
1953 1.246850e-08
1954 8.455292e-09
1955 5.417099e-09
1956 3.461882e-09
1957 2.225414e-09
1958 1.466296e-09
1959 9.898444e-10
1960 6.768924e-10
1961 4.599521e-10
1962 3.046032e-10
1963 1.936256e-10
1964 1.169780e-10
1965 3.915778e-08
1966 3.125736e-08
1967 2.341943e-08
1968 1.681892e-08
1969 1.164613e-08
1970 7.600331e-09
1971 4.814565e-09
1972 3.074773e-09
1973 1.993131e-09
1974 1.325172e-09
1975 8.985064e-10
1976 6.111457e-10
1977 4.088607e-10
1978 2.644901e-10
1979 1.634378e-10
1980 4.789101e-08
1981 3.927643e-08
1982 3.005205e-08
1983 2.186226e-08
1984 1.536078e-08
1985 1.025378e-08
1986 6.488290e-09
1987 4.128576e-09
1988 2.636254e-09
1989 1.726788e-09
1990 1.157632e-09
1991 7.843794e-10
1992 5.272486e-10
1993 3.452791e-10
1994 2.172438e-10
1995 5.729334e-08
1996 4.820333e-08
1997 3.774449e-08
1998 2.786518e-08
1999 1.980649e-08
2000 1.349528e-08
2001 8.632908e-09
2002 5.452769e-09
2003 3.448903e-09
2004 2.226931e-09
2005 1.472547e-09
2006 9.900393e-10
2007 6.656354e-10
2008 4.393895e-10
2009 2.804426e-10
2010 6.795023e-08
2011 5.866294e-08
2012 4.708669e-08
2013 3.540442e-08
2014 2.545374e-08
2015 1.764246e-08
2016 1.151408e-08
2017 7.222951e-09
2018 4.554701e-09
2019 2.895627e-09
2020 1.883587e-09
2021 1.251437e-09
2022 8.377691e-10
2023 5.551433e-10
2024 3.582497e-10
2025 8.108974e-08
2026 7.194375e-08
2027 5.943306e-08
2028 4.577007e-08
2029 3.339772e-08
2030 2.349758e-08
2031 1.572519e-08
2032 9.905390e-09
2033 6.219379e-09
2034 3.893254e-09
2035 2.487760e-09
2036 1.625078e-09
2037 1.076694e-09
2038 7.124199e-10
2039 4.630606e-10
2040 9.525238e-08
2041 8.749845e-08
2042 7.515652e-08
2043 6.009850e-08
2044 4.507011e-08
2045 3.231484e-08
2046 2.226821e-08
2047 1.444025e-08
2048 8.996004e-09
2049 5.588284e-09
2050 3.482948e-09
2051 2.210639e-09
2052 1.429653e-09
2053 9.329159e-10
2054 6.054212e-10
2055 2.107089e-07
2056 2.158247e-07
2057 2.101588e-07
2058 1.926644e-07
2059 1.648907e-07
2060 1.311748e-07
2061 9.773303e-08
2062 6.956183e-08
2063 4.749487e-08
2064 3.016311e-08
2065 1.823173e-08
2066 1.083848e-08
2067 6.362290e-09
2068 3.732305e-09
2069 2.209040e-09
