0 2.324618e-09
1 1.574537e-09
2 1.034491e-09
3 6.777656e-10
4 4.508367e-10
5 3.059810e-10
6 2.110125e-10
7 1.456817e-10
8 9.883854e-11
9 6.479340e-11
10 4.054632e-11
11 2.405331e-11
12 1.352079e-11
13 7.236783e-12
14 3.719061e-12
15 3.731328e-09
16 2.578164e-09
17 1.713438e-09
18 1.115103e-09
19 7.324049e-10
20 4.896112e-10
21 3.343615e-10
22 2.309765e-10
23 1.586151e-10
24 1.062272e-10
25 6.836248e-11
26 4.180903e-11
27 2.420713e-11
28 1.329420e-11
29 6.972553e-12
30 4.242042e-09
31 2.947789e-09
32 1.969408e-09
33 1.281424e-09
34 8.386820e-10
35 5.582270e-10
36 3.798647e-10
37 2.621071e-10
38 1.803325e-10
39 1.213955e-10
40 7.866077e-11
41 4.852455e-11
42 2.834129e-11
43 1.568885e-11
44 8.282982e-12
45 4.536730e-09
46 3.161282e-09
47 2.117029e-09
48 1.377589e-09
49 9.001972e-10
50 5.980400e-10
51 4.061632e-10
52 2.800541e-10
53 1.928700e-10
54 1.301489e-10
55 8.463280e-11
56 5.241517e-11
57 3.073813e-11
58 1.707508e-11
59 9.041844e-12
60 4.742717e-09
61 3.310553e-09
62 2.219923e-09
63 1.444487e-09
64 9.430725e-10
65 6.257359e-10
66 4.245168e-10
67 2.926008e-10
68 2.016270e-10
69 1.362567e-10
70 8.878081e-11
71 5.511556e-11
72 3.239798e-11
73 1.804095e-11
74 9.569489e-12
75 4.902490e-09
76 3.425597e-09
77 2.299771e-09
78 1.496361e-09
79 9.762010e-10
80 6.471333e-10
81 4.386972e-10
82 3.023025e-10
83 2.083837e-10
84 1.409615e-10
85 9.198762e-11
86 5.721177e-11
87 3.368934e-11
88 1.878795e-11
89 9.976603e-12
90 5.033643e-09
91 3.520936e-09
92 2.365710e-09
93 1.539211e-09
94 1.003609e-09
95 6.648898e-10
96 4.504411e-10
97 3.103059e-10
98 2.139731e-10
99 1.448649e-10
100 9.464617e-11
101 5.893525e-11
102 3.475170e-11
103 1.940259e-11
104 1.031415e-11
105 5.150824e-09
106 3.606201e-09
107 2.424545e-09
108 1.577547e-09
109 1.028084e-09
110 6.806310e-10
111 4.608678e-10
112 3.174631e-10
113 2.189843e-10
114 1.483544e-10
115 9.701926e-11
116 6.048198e-11
117 3.570743e-11
118 1.995808e-11
119 1.061810e-11
120 5.264032e-09
121 3.688072e-09
122 2.481729e-09
123 1.614383e-09
124 1.051793e-09
125 6.959846e-10
126 4.710382e-10
127 3.242579e-10
128 2.237250e-10
129 1.516806e-10
130 9.927369e-11
131 6.194871e-11
132 3.660641e-11
133 2.048371e-11
134 1.090513e-11
135 5.402973e-09
136 3.788574e-09
137 2.550363e-09
138 1.659338e-09
139 1.080412e-09
140 7.145139e-10
141 4.832653e-10
142 3.328022e-10
143 2.296823e-10
144 1.558384e-10
145 1.021072e-10
146 6.380076e-11
147 3.774710e-11
148 2.113670e-11
149 1.126240e-11
150 7.233819e-09
151 5.147311e-09
152 3.523076e-09
153 2.308846e-09
154 1.493630e-09
155 9.782842e-10
156 6.537403e-10
157 4.468026e-10
158 3.083573e-10
159 2.109764e-10
160 1.404266e-10
161 8.954189e-11
162 5.418301e-11
163 3.101429e-11
164 1.684208e-11
165 8.986268e-09
166 6.458707e-09
167 4.474533e-09
168 2.962588e-09
169 1.911136e-09
170 1.244553e-09
171 8.241947e-10
172 5.588375e-10
173 3.846761e-10
174 2.641515e-10
175 1.774408e-10
176 1.147090e-10
177 7.055068e-11
178 4.106549e-11
179 2.264456e-11
180 1.003989e-08
181 7.251551e-09
182 5.049698e-09
183 3.360442e-09
184 2.166679e-09
185 1.407290e-09
186 9.277729e-10
187 6.270100e-10
188 4.309065e-10
189 2.962615e-10
190 1.998362e-10
191 1.299641e-10
192 8.050678e-11
193 4.721031e-11
194 2.621211e-11
195 1.077823e-08
196 7.806564e-09
197 5.452914e-09
198 3.638731e-09
199 2.345779e-09
200 1.521249e-09
201 1.000571e-09
202 6.746825e-10
203 4.632567e-10
204 3.187654e-10
205 2.154992e-10
206 1.406320e-10
207 8.747141e-11
208 5.151053e-11
209 2.870953e-11
210 1.134773e-08
211 8.234784e-09
212 5.763996e-09
213 3.853857e-09
214 2.484212e-09
215 1.609025e-09
216 1.056608e-09
217 7.115530e-10
218 4.882177e-10
219 3.361568e-10
220 2.275937e-10
221 1.488675e-10
222 9.284252e-11
223 5.482644e-11
224 3.063497e-11
225 1.181685e-08
226 8.587592e-09
227 6.019922e-09
228 4.030821e-09
229 2.597544e-09
230 1.681381e-09
231 1.102907e-09
232 7.417380e-10
233 5.087691e-10
234 3.504395e-10
235 2.375768e-10
236 1.556604e-10
237 9.727584e-11
238 5.756259e-11
239 3.222393e-11
240 1.223967e-08
241 8.903962e-09
242 6.250080e-09
243 4.189720e-09
244 2.699846e-09
245 1.746258e-09
246 1.144391e-09
247 7.689995e-10
248 5.272536e-10
249 3.632626e-10
250 2.465045e-10
251 1.617512e-10
252 1.012555e-10
253 6.002137e-11
254 3.365218e-11
255 1.264434e-08
256 9.210126e-09
257 6.471779e-09
258 4.344494e-09
259 2.799062e-09
260 1.809457e-09
261 1.184514e-09
262 7.954080e-10
263 5.451039e-10
264 3.756304e-10
265 2.551106e-10
266 1.676147e-10
267 1.050851e-10
268 6.238173e-11
269 3.502137e-11
270 1.314199e-08
271 9.583877e-09
272 6.743346e-09
273 4.530679e-09
274 2.918732e-09
275 1.885428e-09
276 1.233429e-09
277 8.274128e-10
278 5.668149e-10
279 3.908135e-10
280 2.657054e-10
281 1.748287e-10
282 1.097893e-10
283 6.528741e-11
284 3.670749e-11
285 1.196904e-08
286 8.741140e-09
287 6.151832e-09
288 4.152456e-09
289 2.687715e-09
290 1.736283e-09
291 1.135724e-09
292 7.600620e-10
293 5.190044e-10
294 3.566884e-10
295 2.420202e-10
296 1.591839e-10
297 1.001286e-10
298 5.974343e-11
299 3.374661e-11
300 1.397194e-08
301 1.029988e-08
302 7.304078e-09
303 4.978772e-09
304 3.239830e-09
305 2.084392e-09
306 1.356493e-09
307 9.013751e-10
308 6.121617e-10
309 4.202454e-10
310 2.861690e-10
311 1.896949e-10
312 1.206000e-10
313 7.284859e-11
314 4.166434e-11
315 1.540053e-08
316 1.141413e-08
317 8.129234e-09
318 5.570758e-09
319 3.637278e-09
320 2.334963e-09
321 1.515702e-09
322 1.002924e-09
323 6.791823e-10
324 4.658016e-10
325 3.177637e-10
326 2.115181e-10
327 1.352603e-10
328 8.225350e-11
329 4.736226e-11
330 1.650422e-08
331 1.227568e-08
332 8.767029e-09
333 6.028110e-09
334 3.944090e-09
335 2.528555e-09
336 1.638508e-09
337 1.081366e-09
338 7.308169e-10
339 5.010135e-10
340 3.422069e-10
341 2.283980e-10
342 1.465992e-10
343 8.952710e-11
344 5.176882e-11
345 1.741577e-08
346 1.298866e-08
347 9.294492e-09
348 6.406718e-09
349 4.198366e-09
350 2.688774e-09
351 1.740329e-09
352 1.146194e-09
353 7.735271e-10
354 5.300711e-10
355 3.623667e-10
356 2.423257e-10
357 1.559545e-10
358 9.552970e-11
359 5.540563e-11
360 1.823076e-08
361 1.362188e-08
362 9.763269e-09
363 6.742965e-09
364 4.424375e-09
365 2.831092e-09
366 1.830743e-09
367 1.203922e-09
368 8.115255e-10
369 5.559164e-10
370 3.803035e-10
371 2.547343e-10
372 1.642897e-10
373 1.008755e-10
374 5.864294e-11
375 1.902049e-08
376 1.423941e-08
377 1.021992e-08
378 7.070854e-09
379 4.643944e-09
380 2.970025e-09
381 1.918928e-09
382 1.259892e-09
383 8.484969e-10
384 5.811468e-10
385 3.977948e-10
386 2.667956e-10
387 1.723895e-10
388 1.060719e-10
389 6.179220e-11
390 1.997821e-08
391 1.498498e-08
392 1.077290e-08
393 7.467847e-09
394 4.910788e-09
395 3.137874e-09
396 2.025495e-09
397 1.327864e-09
398 8.933759e-10
399 6.117499e-10
400 4.190411e-10
401 2.814782e-10
402 1.822579e-10
403 1.124026e-10
404 6.561335e-11
405 1.694385e-08
406 1.267481e-08
407 9.082733e-09
408 6.271227e-09
409 4.130790e-09
410 2.647644e-09
411 1.714279e-09
412 1.126599e-09
413 7.582379e-10
414 5.183729e-10
415 3.538246e-10
416 2.365666e-10
417 1.524426e-10
418 9.363184e-11
419 5.451776e-11
420 1.919757e-08
421 1.449890e-08
422 1.045865e-08
423 7.274188e-09
424 4.830895e-09
425 3.094984e-09
426 1.996693e-09
427 1.304178e-09
428 8.728967e-10
429 5.947020e-10
430 4.061387e-10
431 2.727440e-10
432 1.770828e-10
433 1.098162e-10
434 6.461883e-11
435 2.095477e-08
436 1.592229e-08
437 1.153493e-08
438 8.058143e-09
439 5.377492e-09
440 3.445434e-09
441 2.217677e-09
442 1.443118e-09
443 9.623203e-10
444 6.543210e-10
445 4.470133e-10
446 3.009977e-10
447 1.963296e-10
448 1.224657e-10
449 7.252143e-11
450 2.240356e-08
451 1.709954e-08
452 1.242365e-08
453 8.705673e-09
454 5.830273e-09
455 3.734696e-09
456 2.400647e-09
457 1.558015e-09
458 1.036510e-09
459 7.036046e-10
460 4.807637e-10
461 3.243342e-10
462 2.122261e-10
463 1.329171e-10
464 7.905183e-11
465 2.369612e-08
466 1.815030e-08
467 1.321629e-08
468 9.283588e-09
469 6.232453e-09
470 3.992829e-09
471 2.563265e-09
472 1.660373e-09
473 1.102350e-09
474 7.475472e-10
475 5.108256e-10
476 3.451504e-10
477 2.264075e-10
478 1.422356e-10
479 8.487304e-11
480 2.495310e-08
481 1.916491e-08
482 1.398299e-08
483 9.843526e-09
484 6.623051e-09
485 4.243443e-09
486 2.721326e-09
487 1.759450e-09
488 1.166224e-09
489 7.901380e-10
490 5.399844e-10
491 3.652949e-10
492 2.401308e-10
493 1.512528e-10
494 9.050506e-11
495 2.647689e-08
496 2.039972e-08
497 1.491610e-08
498 1.052227e-08
499 7.096344e-09
500 4.547049e-09
501 2.913243e-09
502 1.880076e-09
503 1.243934e-09
504 8.418391e-10
505 5.754847e-10
506 3.898309e-10
507 2.568482e-10
508 1.622407e-10
509 9.736125e-11
510 2.231916e-08
511 1.709963e-08
512 1.245559e-08
513 8.741633e-09
514 5.875756e-09
515 3.778464e-09
516 2.425295e-09
517 1.572593e-09
518 1.043544e-09
519 7.065448e-10
520 4.819116e-10
521 3.249662e-10
522 2.128563e-10
523 1.336304e-10
524 7.976045e-11
525 2.485601e-08
526 1.923253e-08
527 1.410687e-08
528 9.956611e-09
529 6.743388e-09
530 4.353318e-09
531 2.784636e-09
532 1.798479e-09
533 1.186343e-09
534 7.996556e-10
535 5.446647e-10
536 3.680697e-10
537 2.423757e-10
538 1.533351e-10
539 9.236069e-11
540 2.695616e-08
541 2.100062e-08
542 1.547608e-08
543 1.096716e-08
544 7.465962e-09
545 4.831042e-09
546 3.083371e-09
547 1.986250e-09
548 1.305304e-09
549 8.770077e-10
550 5.967144e-10
551 4.038229e-10
552 2.668609e-10
553 1.696846e-10
554 1.028175e-10
555 2.883418e-08
556 2.257617e-08
557 1.669758e-08
558 1.186709e-08
559 8.108827e-09
560 5.256731e-09
561 3.349570e-09
562 2.153560e-09
563 1.410852e-09
564 9.458965e-10
565 6.431280e-10
566 4.357080e-10
567 2.886990e-10
568 1.842649e-10
569 1.121407e-10
570 3.064814e-08
571 2.410642e-08
572 1.787897e-08
573 1.273946e-08
574 8.730194e-09
575 5.669765e-09
576 3.607340e-09
577 2.315859e-09
578 1.513339e-09
579 1.012664e-09
580 6.880566e-10
581 4.665951e-10
582 3.098548e-10
583 1.983870e-10
584 1.211707e-10
585 3.285306e-08
586 2.596067e-08
587 1.931655e-08
588 1.379684e-08
589 9.487486e-09
590 6.170881e-09
591 3.921131e-09
592 2.512857e-09
593 1.637864e-09
594 1.093742e-09
595 7.427201e-10
596 5.041209e-10
597 3.355556e-10
598 2.155437e-10
599 1.321442e-10
600 2.823294e-08
601 2.215152e-08
602 1.641861e-08
603 1.167671e-08
604 7.988142e-09
605 5.200142e-09
606 3.313775e-09
607 2.131849e-09
608 1.394300e-09
609 9.329907e-10
610 6.331542e-10
611 4.283539e-10
612 2.836798e-10
613 1.811471e-10
614 1.104116e-10
615 3.112192e-08
616 2.466969e-08
617 1.842304e-08
618 1.317615e-08
619 9.073486e-09
620 5.943685e-09
621 3.780662e-09
622 2.425499e-09
623 1.577184e-09
624 1.049766e-09
625 7.102839e-10
626 4.807063e-10
627 3.194902e-10
628 2.052798e-10
629 1.261205e-10
630 3.370052e-08
631 2.691504e-08
632 2.021055e-08
633 1.451078e-08
634 1.004068e-08
635 6.606471e-09
636 4.197395e-09
637 2.687514e-09
638 1.740012e-09
639 1.153863e-09
640 7.791111e-10
641 5.274216e-10
642 3.514476e-10
643 2.268152e-10
644 1.401374e-10
645 3.619350e-08
646 2.908734e-08
647 2.194153e-08
648 1.580439e-08
649 1.097546e-08
650 7.247689e-09
651 4.600424e-09
652 2.940863e-09
653 1.897709e-09
654 1.254788e-09
655 8.455936e-10
656 5.725939e-10
657 3.823530e-10
658 2.476385e-10
659 1.536897e-10
660 3.923245e-08
661 3.173346e-08
662 2.404817e-08
663 1.737698e-08
664 1.211552e-08
665 8.029491e-09
666 5.091166e-09
667 3.249664e-09
668 2.089682e-09
669 1.377330e-09
670 9.267429e-10
671 6.276272e-10
672 4.200056e-10
673 2.730109e-10
674 1.702046e-10
675 3.488957e-08
676 2.804492e-08
677 2.118174e-08
678 1.526516e-08
679 1.059877e-08
680 7.014186e-09
681 4.463624e-09
682 2.853079e-09
683 1.841149e-09
684 1.216188e-09
685 8.184081e-10
686 5.531713e-10
687 3.688334e-10
688 2.386672e-10
689 1.481051e-10
690 3.833055e-08
691 3.114496e-08
692 2.372800e-08
693 1.720359e-08
694 1.201571e-08
695 8.011154e-09
696 5.105452e-09
697 3.253164e-09
698 2.088480e-09
699 1.371697e-09
700 9.190998e-10
701 6.204001e-10
702 4.145002e-10
703 2.695492e-10
704 1.684648e-10
705 4.166748e-08
706 3.414325e-08
707 2.619485e-08
708 1.907916e-08
709 1.338610e-08
710 8.976349e-09
711 5.726231e-09
712 3.640323e-09
713 2.327971e-09
714 1.522224e-09
715 1.016416e-09
716 6.854379e-10
717 4.586854e-10
718 2.994278e-10
719 1.881631e-10
720 4.572749e-08
721 3.779974e-08
722 2.919657e-08
723 2.136446e-08
724 1.505596e-08
725 1.015209e-08
726 6.481447e-09
727 4.111877e-09
728 2.619597e-09
729 1.705424e-09
730 1.135083e-09
731 7.646393e-10
732 5.124958e-10
733 3.358195e-10
734 2.121571e-10
735 4.279975e-08
736 3.528288e-08
737 2.722750e-08
738 1.991895e-08
739 1.401713e-08
740 9.443930e-09
741 6.053187e-09
742 3.839895e-09
743 2.452389e-09
744 1.597209e-09
745 1.062240e-09
746 7.143808e-10
747 4.777046e-10
748 3.122550e-10
749 1.968414e-10
750 4.722754e-08
751 3.939463e-08
752 3.072361e-08
753 2.264662e-08
754 1.603059e-08
755 1.088829e-08
756 7.015457e-09
757 4.436077e-09
758 2.822843e-09
759 1.825919e-09
760 1.206939e-09
761 8.089856e-10
762 5.411248e-10
763 3.550295e-10
764 2.252654e-10
765 5.261060e-08
766 4.440227e-08
767 3.497970e-08
768 2.596297e-08
769 1.848059e-08
770 1.264459e-08
771 8.185573e-09
772 5.160904e-09
773 3.273155e-09
774 2.103994e-09
775 1.382873e-09
776 9.240105e-10
777 6.182326e-10
778 4.070445e-10
779 2.598319e-10
780 5.306942e-08
781 4.499029e-08
782 3.563573e-08
783 2.658202e-08
784 1.897566e-08
785 1.302427e-08
786 8.484644e-09
787 5.352477e-09
788 3.393481e-09
789 2.173238e-09
790 1.422719e-09
791 9.469979e-10
792 6.320819e-10
793 4.159138e-10
794 2.658308e-10
795 6.034519e-08
796 5.199514e-08
797 4.181865e-08
798 3.156518e-08
799 2.272040e-08
800 1.574375e-08
801 1.036360e-08
802 6.533767e-09
803 4.126832e-09
804 2.619597e-09
805 1.699110e-09
806 1.123033e-09
807 7.475012e-10
808 4.928953e-10
809 3.170418e-10
810 7.090071e-08
811 6.255256e-08
812 5.156325e-08
813 3.976632e-08
814 2.906029e-08
815 2.040809e-08
816 1.369088e-08
817 8.710342e-09
818 5.465006e-09
819 3.434456e-09
820 2.192686e-09
821 1.427330e-09
822 9.407161e-10
823 6.188027e-10
824 4.000190e-10
825 6.038998e-07
826 4.585564e-07
827 3.424396e-07
828 2.374306e-07
829 1.505531e-07
830 9.530248e-08
831 5.998959e-08
832 0.000000e+00
833 0.000000e+00
834 0.000000e+00
835 0.000000e+00
836 0.000000e+00
837 0.000000e+00
838 0.000000e+00
839 0.000000e+00
840 7.388214e-07
841 5.625611e-07
842 4.207071e-07
843 2.940379e-07
844 1.870156e-07
845 1.183852e-07
846 7.439500e-08
847 0.000000e+00
848 0.000000e+00
849 0.000000e+00
850 0.000000e+00
851 0.000000e+00
852 0.000000e+00
853 0.000000e+00
854 0.000000e+00
855 8.334775e-07
856 6.355590e-07
857 4.756564e-07
858 3.337719e-07
859 2.126330e-07
860 1.346028e-07
861 8.451705e-08
862 0.000000e+00
863 0.000000e+00
864 0.000000e+00
865 0.000000e+00
866 0.000000e+00
867 0.000000e+00
868 0.000000e+00
869 0.000000e+00
870 9.065921e-07
871 6.919462e-07
872 5.181013e-07
873 3.644616e-07
874 2.324177e-07
875 1.471263e-07
876 9.233585e-08
877 0.000000e+00
878 0.000000e+00
879 0.000000e+00
880 0.000000e+00
881 0.000000e+00
882 0.000000e+00
883 0.000000e+00
884 0.000000e+00
885 9.670676e-07
886 7.385837e-07
887 5.532067e-07
888 3.898461e-07
889 2.487816e-07
890 1.574880e-07
891 9.880254e-08
892 0.000000e+00
893 0.000000e+00
894 0.000000e+00
895 0.000000e+00
896 0.000000e+00
897 0.000000e+00
898 0.000000e+00
899 0.000000e+00
900 1.020986e-06
901 7.801739e-07
902 5.845086e-07
903 4.124775e-07
904 2.633723e-07
905 1.667249e-07
906 1.045695e-07
907 0.000000e+00
908 0.000000e+00
909 0.000000e+00
910 0.000000e+00
911 0.000000e+00
912 0.000000e+00
913 0.000000e+00
914 0.000000e+00
915 1.073284e-06
916 8.205109e-07
917 6.148702e-07
918 4.344358e-07
919 2.775244e-07
920 1.756834e-07
921 1.101619e-07
922 0.000000e+00
923 0.000000e+00
924 0.000000e+00
925 0.000000e+00
926 0.000000e+00
927 0.000000e+00
928 0.000000e+00
929 0.000000e+00
930 1.136943e-06
931 8.696244e-07
932 6.518293e-07
933 4.611655e-07
934 2.947516e-07
935 1.865893e-07
936 1.169708e-07
937 0.000000e+00
938 0.000000e+00
939 0.000000e+00
940 0.000000e+00
941 0.000000e+00
942 0.000000e+00
943 0.000000e+00
944 0.000000e+00
945 3.317038e-07
946 2.623029e-07
947 1.972122e-07
948 1.490743e-07
949 9.914409e-08
950 6.251049e-08
951 3.882656e-08
952 2.431654e-08
953 0.000000e+00
954 0.000000e+00
955 0.000000e+00
956 0.000000e+00
957 0.000000e+00
958 0.000000e+00
959 0.000000e+00
960 4.927567e-07
961 3.940883e-07
962 2.966479e-07
963 2.245906e-07
964 1.521690e-07
965 9.552264e-08
966 5.960845e-08
967 3.717785e-08
968 0.000000e+00
969 0.000000e+00
970 0.000000e+00
971 0.000000e+00
972 0.000000e+00
973 0.000000e+00
974 0.000000e+00
975 6.104418e-07
976 4.908529e-07
977 3.698522e-07
978 2.801258e-07
979 1.913704e-07
980 1.200074e-07
981 7.503177e-08
982 4.671067e-08
983 0.000000e+00
984 0.000000e+00
985 0.000000e+00
986 0.000000e+00
987 0.000000e+00
988 0.000000e+00
989 0.000000e+00
990 7.013545e-07
991 5.656647e-07
992 4.264478e-07
993 3.230650e-07
994 2.216777e-07
995 1.389486e-07
996 8.695862e-08
997 5.408200e-08
998 0.000000e+00
999 0.000000e+00
1000 0.000000e+00
1001 0.000000e+00
1002 0.000000e+00
1003 0.000000e+00
1004 0.000000e+00
1005 7.765677e-07
1006 6.275157e-07
1007 4.732454e-07
1008 3.585679e-07
1009 2.467375e-07
1010 1.546071e-07
1011 9.681962e-08
1012 6.017708e-08
1013 0.000000e+00
1014 0.000000e+00
1015 0.000000e+00
1016 0.000000e+00
1017 0.000000e+00
1018 0.000000e+00
1019 0.000000e+00
1020 8.436202e-07
1021 6.826629e-07
1022 5.149670e-07
1023 3.902229e-07
1024 2.690806e-07
1025 1.685713e-07
1026 1.056115e-07
1027 6.561168e-08
1028 0.000000e+00
1029 0.000000e+00
1030 0.000000e+00
1031 0.000000e+00
1032 0.000000e+00
1033 0.000000e+00
1034 0.000000e+00
1035 9.086503e-07
1036 7.361464e-07
1037 5.554365e-07
1038 4.209247e-07
1039 2.907531e-07
1040 1.821139e-07
1041 1.141388e-07
1042 7.088260e-08
1043 0.000000e+00
1044 0.000000e+00
1045 0.000000e+00
1046 0.000000e+00
1047 0.000000e+00
1048 0.000000e+00
1049 0.000000e+00
1050 9.878218e-07
1051 8.012817e-07
1052 6.047118e-07
1053 4.583099e-07
1054 3.171399e-07
1055 1.986039e-07
1056 1.245229e-07
1057 7.729999e-08
1058 0.000000e+00
1059 0.000000e+00
1060 0.000000e+00
1061 0.000000e+00
1062 0.000000e+00
1063 0.000000e+00
1064 0.000000e+00
1065 2.993482e-07
1066 2.546569e-07
1067 1.942773e-07
1068 1.468438e-07
1069 1.085647e-07
1070 6.750083e-08
1071 4.308035e-08
1072 2.635339e-08
1073 1.646144e-08
1074 0.000000e+00
1075 0.000000e+00
1076 0.000000e+00
1077 0.000000e+00
1078 0.000000e+00
1079 0.000000e+00
1080 4.267493e-07
1081 3.665825e-07
1082 2.813208e-07
1083 2.121757e-07
1084 1.580258e-07
1085 9.915245e-08
1086 6.320450e-08
1087 3.861232e-08
1088 2.405525e-08
1089 0.000000e+00
1090 0.000000e+00
1091 0.000000e+00
1092 0.000000e+00
1093 0.000000e+00
1094 0.000000e+00
1095 5.270365e-07
1096 4.549167e-07
1097 3.501670e-07
1098 2.638630e-07
1099 1.971397e-07
1100 1.243009e-07
1101 7.916060e-08
1102 4.834540e-08
1103 3.008144e-08
1104 0.000000e+00
1105 0.000000e+00
1106 0.000000e+00
1107 0.000000e+00
1108 0.000000e+00
1109 0.000000e+00
1110 6.099034e-07
1111 5.278855e-07
1112 4.070294e-07
1113 3.065558e-07
1114 2.294470e-07
1115 1.450763e-07
1116 9.234192e-08
1117 5.638857e-08
1118 3.506044e-08
1119 0.000000e+00
1120 0.000000e+00
1121 0.000000e+00
1122 0.000000e+00
1123 0.000000e+00
1124 0.000000e+00
1125 6.837693e-07
1126 5.929322e-07
1127 4.577267e-07
1128 3.446159e-07
1129 2.582513e-07
1130 1.635968e-07
1131 1.040936e-07
1132 6.355809e-08
1133 3.949903e-08
1134 0.000000e+00
1135 0.000000e+00
1136 0.000000e+00
1137 0.000000e+00
1138 0.000000e+00
1139 0.000000e+00
1140 7.554308e-07
1141 6.560099e-07
1142 5.068998e-07
1143 3.815339e-07
1144 2.861877e-07
1145 1.815590e-07
1146 1.154909e-07
1147 7.051205e-08
1148 4.380405e-08
1149 0.000000e+00
1150 0.000000e+00
1151 0.000000e+00
1152 0.000000e+00
1153 0.000000e+00
1154 0.000000e+00
1155 8.426792e-07
1156 7.328342e-07
1157 5.667725e-07
1158 4.264875e-07
1159 3.202060e-07
1160 2.034316e-07
1161 1.293675e-07
1162 7.897867e-08
1163 4.904596e-08
1164 0.000000e+00
1165 0.000000e+00
1166 0.000000e+00
1167 0.000000e+00
1168 0.000000e+00
1169 0.000000e+00
1170 2.778034e-07
1171 2.521122e-07
1172 2.005351e-07
1173 1.498075e-07
1174 1.149302e-07
1175 7.652195e-08
1176 4.805036e-08
1177 2.931651e-08
1178 1.804549e-08
1179 0.000000e+00
1180 0.000000e+00
1181 0.000000e+00
1182 0.000000e+00
1183 0.000000e+00
1184 0.000000e+00
1185 3.827479e-07
1186 3.497234e-07
1187 2.799758e-07
1188 2.092987e-07
1189 1.604527e-07
1190 1.081750e-07
1191 6.757725e-08
1192 4.139561e-08
1193 2.543577e-08
1194 0.000000e+00
1195 0.000000e+00
1196 0.000000e+00
1197 0.000000e+00
1198 0.000000e+00
1199 0.000000e+00
1200 4.698866e-07
1201 4.308301e-07
1202 3.460323e-07
1203 2.587964e-07
1204 1.983129e-07
1205 1.345311e-07
1206 8.384611e-08
1207 5.146581e-08
1208 3.159256e-08
1209 0.000000e+00
1210 0.000000e+00
1211 0.000000e+00
1212 0.000000e+00
1213 0.000000e+00
1214 0.000000e+00
1215 5.474984e-07
1216 5.030420e-07
1217 4.048617e-07
1218 3.028747e-07
1219 2.320305e-07
1220 1.580013e-07
1221 9.832914e-08
1222 6.043061e-08
1223 3.707465e-08
1224 0.000000e+00
1225 0.000000e+00
1226 0.000000e+00
1227 0.000000e+00
1228 0.000000e+00
1229 0.000000e+00
1230 6.227798e-07
1231 5.730825e-07
1232 4.619289e-07
1233 3.456287e-07
1234 2.647432e-07
1235 1.807630e-07
1236 1.123755e-07
1237 6.912455e-08
1238 4.239173e-08
1239 0.000000e+00
1240 0.000000e+00
1241 0.000000e+00
1242 0.000000e+00
1243 0.000000e+00
1244 0.000000e+00
1245 7.144056e-07
1246 6.583738e-07
1247 5.314136e-07
1248 3.976837e-07
1249 3.045688e-07
1250 2.084759e-07
1251 1.294801e-07
1252 7.971269e-08
1253 4.886586e-08
1254 0.000000e+00
1255 0.000000e+00
1256 0.000000e+00
1257 0.000000e+00
1258 0.000000e+00
1259 0.000000e+00
1260 1.602315e-07
1261 1.515677e-07
1262 1.252304e-07
1263 9.387858e-08
1264 7.168147e-08
1265 5.130112e-08
1266 3.118727e-08
1267 1.947664e-08
1268 1.187865e-08
1269 0.000000e+00
1270 0.000000e+00
1271 0.000000e+00
1272 0.000000e+00
1273 0.000000e+00
1274 0.000000e+00
1275 2.636126e-07
1276 2.517395e-07
1277 2.102794e-07
1278 1.583461e-07
1279 1.204274e-07
1280 8.751091e-08
1281 5.315374e-08
1282 3.347603e-08
1283 2.032613e-08
1284 0.000000e+00
1285 0.000000e+00
1286 0.000000e+00
1287 0.000000e+00
1288 0.000000e+00
1289 0.000000e+00
1290 3.532489e-07
1291 3.388475e-07
1292 2.845639e-07
1293 2.148066e-07
1294 1.630717e-07
1295 1.192747e-07
1296 7.252890e-08
1297 4.581604e-08
1298 2.776200e-08
1299 0.000000e+00
1300 0.000000e+00
1301 0.000000e+00
1302 0.000000e+00
1303 0.000000e+00
1304 0.000000e+00
1305 4.329596e-07
1306 4.163383e-07
1307 3.506343e-07
1308 2.650352e-07
1309 2.010057e-07
1310 1.475222e-07
1311 8.976952e-08
1312 5.679358e-08
1313 3.437763e-08
1314 0.000000e+00
1315 0.000000e+00
1316 0.000000e+00
1317 0.000000e+00
1318 0.000000e+00
1319 0.000000e+00
1320 5.102425e-07
1321 4.914334e-07
1322 4.146656e-07
1323 3.137259e-07
1324 2.377815e-07
1325 1.749055e-07
1326 1.064835e-07
1327 6.743298e-08
1328 4.078871e-08
1329 0.000000e+00
1330 0.000000e+00
1331 0.000000e+00
1332 0.000000e+00
1333 0.000000e+00
1334 0.000000e+00
1335 6.043475e-07
1336 5.829234e-07
1337 4.926419e-07
1338 3.730046e-07
1339 2.825549e-07
1340 2.082445e-07
1341 1.268221e-07
1342 8.038376e-08
1343 4.859388e-08
1344 0.000000e+00
1345 0.000000e+00
1346 0.000000e+00
1347 0.000000e+00
1348 0.000000e+00
1349 0.000000e+00
1350 1.648933e-07
1351 1.628615e-07
1352 1.414301e-07
1353 1.084132e-07
1354 8.135276e-08
1355 6.187046e-08
1356 3.786674e-08
1357 2.439214e-08
1358 1.459484e-08
1359 8.844525e-09
1360 0.000000e+00
1361 0.000000e+00
1362 0.000000e+00
1363 0.000000e+00
1364 0.000000e+00
1365 2.548113e-07
1366 2.532430e-07
1367 2.217332e-07
1368 1.709632e-07
1369 1.280454e-07
1370 9.775557e-08
1371 6.054985e-08
1372 3.889496e-08
1373 2.323285e-08
1374 1.406485e-08
1375 0.000000e+00
1376 0.000000e+00
1377 0.000000e+00
1378 0.000000e+00
1379 0.000000e+00
1380 3.357905e-07
1381 3.347117e-07
1382 2.942230e-07
1383 2.275046e-07
1384 1.702560e-07
1385 1.301812e-07
1386 8.111331e-08
1387 5.201735e-08
1388 3.105608e-08
1389 1.879206e-08
1390 0.000000e+00
1391 0.000000e+00
1392 0.000000e+00
1393 0.000000e+00
1394 0.000000e+00
1395 4.141360e-07
1396 4.135187e-07
1397 3.643316e-07
1398 2.821895e-07
1399 2.110799e-07
1400 1.615450e-07
1401 1.009976e-07
1402 6.470949e-08
1403 3.862133e-08
1404 2.336296e-08
1405 0.000000e+00
1406 0.000000e+00
1407 0.000000e+00
1408 0.000000e+00
1409 0.000000e+00
1410 5.095264e-07
1411 5.094842e-07
1412 4.496910e-07
1413 3.487584e-07
1414 2.607748e-07
1415 1.997249e-07
1416 1.252093e-07
1417 8.015951e-08
1418 4.783335e-08
1419 2.892893e-08
1420 0.000000e+00
1421 0.000000e+00
1422 0.000000e+00
1423 0.000000e+00
1424 0.000000e+00
1425 1.705668e-07
1426 1.743316e-07
1427 1.583422e-07
1428 1.254274e-07
1429 9.330409e-08
1430 7.208935e-08
1431 4.722534e-08
1432 2.979220e-08
1433 1.773229e-08
1434 1.070278e-08
1435 0.000000e+00
1436 0.000000e+00
1437 0.000000e+00
1438 0.000000e+00
1439 0.000000e+00
1440 2.521587e-07
1441 2.587506e-07
1442 2.363446e-07
1443 1.882171e-07
1444 1.400494e-07
1445 1.081041e-07
1446 7.168365e-08
1447 4.491459e-08
1448 2.681998e-08
1449 1.617938e-08
1450 0.000000e+00
1451 0.000000e+00
1452 0.000000e+00
1453 0.000000e+00
1454 0.000000e+00
1455 3.309861e-07
1456 3.403152e-07
1457 3.117152e-07
1458 2.488945e-07
1459 1.852281e-07
1460 1.429084e-07
1461 9.532579e-08
1462 5.953224e-08
1463 3.560830e-08
1464 2.147469e-08
1465 0.000000e+00
1466 0.000000e+00
1467 0.000000e+00
1468 0.000000e+00
1469 0.000000e+00
1470 4.269097e-07
1471 4.395666e-07
1472 4.034252e-07
1473 3.227289e-07
1474 2.401999e-07
1475 1.852590e-07
1476 1.240885e-07
1477 7.731832e-08
1478 4.629966e-08
1479 2.791702e-08
1480 0.000000e+00
1481 0.000000e+00
1482 0.000000e+00
1483 0.000000e+00
1484 0.000000e+00
1485 9.894655e-08
1486 1.034066e-07
1487 9.686642e-08
1488 7.893890e-08
1489 5.878502e-08
1490 4.518947e-08
1491 3.154820e-08
1492 1.918774e-08
1493 1.160352e-08
1494 6.988932e-09
1495 0.000000e+00
1496 0.000000e+00
1497 0.000000e+00
1498 0.000000e+00
1499 0.000000e+00
1500 1.788179e-07
1501 1.879520e-07
1502 1.775416e-07
1503 1.460318e-07
1504 1.090472e-07
1505 8.351400e-08
1506 5.931026e-08
1507 3.578116e-08
1508 2.188012e-08
1509 1.313599e-08
1510 0.000000e+00
1511 0.000000e+00
1512 0.000000e+00
1513 0.000000e+00
1514 0.000000e+00
1515 2.578308e-07
1516 2.716775e-07
1517 2.575649e-07
1518 2.127186e-07
1519 1.590616e-07
1520 1.216165e-07
1521 8.697651e-08
1522 5.233160e-08
1523 3.215340e-08
1524 1.927434e-08
1525 0.000000e+00
1526 0.000000e+00
1527 0.000000e+00
1528 0.000000e+00
1529 0.000000e+00
1530 3.537470e-07
1531 3.733052e-07
1532 3.546892e-07
1533 2.936544e-07
1534 2.197593e-07
1535 1.678605e-07
1536 1.205521e-07
1537 7.241686e-08
1538 4.461677e-08
1539 2.672231e-08
1540 0.000000e+00
1541 0.000000e+00
1542 0.000000e+00
1543 0.000000e+00
1544 0.000000e+00
1545 1.138285e-07
1546 1.220625e-07
1547 1.186686e-07
1548 1.007989e-07
1549 7.612437e-08
1550 5.754773e-08
1551 4.303735e-08
1552 2.551352e-08
1553 1.618003e-08
1554 9.599123e-09
1555 5.686136e-09
1556 0.000000e+00
1557 0.000000e+00
1558 0.000000e+00
1559 0.000000e+00
1560 1.925790e-07
1561 2.072439e-07
1562 2.025397e-07
1563 1.731827e-07
1564 1.312710e-07
1565 9.899005e-08
1566 7.451518e-08
1567 4.435436e-08
1568 2.826736e-08
1569 1.672013e-08
1570 9.873753e-09
1571 0.000000e+00
1572 0.000000e+00
1573 0.000000e+00
1574 0.000000e+00
1575 2.881063e-07
1576 3.105796e-07
1577 3.043032e-07
1578 2.610267e-07
1579 1.982127e-07
1580 1.492960e-07
1581 1.127210e-07
1582 6.723518e-08
1583 4.294084e-08
1584 2.536428e-08
1585 1.495814e-08
1586 0.000000e+00
1587 0.000000e+00
1588 0.000000e+00
1589 0.000000e+00
1590 1.332921e-07
1591 1.461312e-07
1592 1.467255e-07
1593 1.298305e-07
1594 1.004820e-07
1595 7.492678e-08
1596 5.788142e-08
1597 3.559224e-08
1598 2.297508e-08
1599 1.340914e-08
1600 7.841737e-09
1601 0.000000e+00
1602 0.000000e+00
1603 0.000000e+00
1604 0.000000e+00
1605 2.283649e-07
1606 2.509163e-07
1607 2.527506e-07
1608 2.246280e-07
1609 1.744450e-07
1610 1.299665e-07
1611 1.005058e-07
1612 6.232106e-08
1613 4.011787e-08
1614 2.339151e-08
1615 1.368855e-08
1616 0.000000e+00
1617 0.000000e+00
1618 0.000000e+00
1619 0.000000e+00
1620 5.256611e-05
1621 3.979956e-05
1622 3.019142e-05
1623 2.122317e-05
1624 1.333676e-05
1625 8.453481e-06
1626 5.289406e-06
1627 0.000000e+00
1628 0.000000e+00
1629 0.000000e+00
1630 0.000000e+00
1631 0.000000e+00
1632 0.000000e+00
1633 0.000000e+00
1634 0.000000e+00
1635 3.848971e-05
1636 3.106556e-05
1637 2.326758e-05
1638 1.783607e-05
1639 1.225455e-05
1640 7.650132e-06
1641 4.759161e-06
1642 2.961375e-06
1643 0.000000e+00
1644 0.000000e+00
1645 0.000000e+00
1646 0.000000e+00
1647 0.000000e+00
1648 0.000000e+00
1649 0.000000e+00
1650 2.965062e-05
1651 2.581727e-05
1652 1.986190e-05
1653 1.490927e-05
1654 1.134708e-05
1655 7.047606e-06
1656 4.552769e-06
1657 2.763757e-06
1658 1.711274e-06
1659 0.000000e+00
1660 0.000000e+00
1661 0.000000e+00
1662 0.000000e+00
1663 0.000000e+00
1664 0.000000e+00
1665 2.365940e-05
1666 2.187363e-05
1667 1.763219e-05
1668 1.313310e-05
1669 1.012020e-05
1670 6.920041e-06
1671 4.297679e-06
1672 2.619699e-06
1673 1.610823e-06
1674 0.000000e+00
1675 0.000000e+00
1676 0.000000e+00
1677 0.000000e+00
1678 0.000000e+00
1679 0.000000e+00
1680 1.934247e-05
1681 1.872170e-05
1682 1.584301e-05
1683 1.195723e-05
1684 9.052871e-06
1685 6.741201e-06
1686 4.035578e-06
1687 2.574234e-06
1688 1.557796e-06
1689 0.000000e+00
1690 0.000000e+00
1691 0.000000e+00
1692 0.000000e+00
1693 0.000000e+00
1694 0.000000e+00
1695 1.610306e-05
1696 1.615490e-05
1697 1.429717e-05
1698 1.107552e-05
1699 8.259033e-06
1700 6.379070e-06
1701 3.956366e-06
1702 2.566939e-06
1703 1.524607e-06
1704 9.182746e-07
1705 0.000000e+00
1706 0.000000e+00
1707 0.000000e+00
1708 0.000000e+00
1709 0.000000e+00
1710 1.356783e-05
1711 1.401220e-05
1712 1.290195e-05
1713 1.032809e-05
1714 7.667333e-06
1715 5.933628e-06
1716 3.982223e-06
1717 2.484973e-06
1718 1.476243e-06
1719 8.925088e-07
1720 0.000000e+00
1721 0.000000e+00
1722 0.000000e+00
1723 0.000000e+00
1724 0.000000e+00
1725 1.152735e-05
1726 1.219787e-05
1727 1.162900e-05
1728 9.647805e-06
1729 7.209244e-06
1730 5.505362e-06
1731 3.986775e-06
1732 2.371114e-06
1733 1.459634e-06
1734 8.755369e-07
1735 0.000000e+00
1736 0.000000e+00
1737 0.000000e+00
1738 0.000000e+00
1739 0.000000e+00
1740 9.836183e-06
1741 1.062995e-05
1742 1.045007e-05
1743 8.991175e-06
1744 6.826765e-06
1745 5.132625e-06
1746 3.906204e-06
1747 2.308302e-06
1748 1.487410e-06
1749 8.777712e-07
1750 5.150697e-07
1751 0.000000e+00
1752 0.000000e+00
1753 0.000000e+00
1754 0.000000e+00
1755 8.406086e-06
1756 9.257930e-06
1757 9.356182e-06
1758 8.346043e-06
1759 6.490415e-06
1760 4.826239e-06
1761 3.748890e-06
1762 2.323522e-06
1763 1.506377e-06
1764 8.757839e-07
1765 5.110828e-07
1766 0.000000e+00
1767 0.000000e+00
1768 0.000000e+00
1769 0.000000e+00
1770 1.317479e-06
1771 1.009218e-06
1772 7.568894e-07
1773 5.368879e-07
1774 3.438439e-07
1775 2.176191e-07
1776 1.363674e-07
1777 0.000000e+00
1778 0.000000e+00
1779 0.000000e+00
1780 0.000000e+00
1781 0.000000e+00
1782 0.000000e+00
1783 0.000000e+00
1784 0.000000e+00
1785 1.212469e-06
1786 9.864746e-07
1787 7.450147e-07
1788 5.644977e-07
1789 3.919683e-07
1790 2.455828e-07
1791 1.540950e-07
1792 9.557512e-08
1793 0.000000e+00
1794 0.000000e+00
1795 0.000000e+00
1796 0.000000e+00
1797 0.000000e+00
1798 0.000000e+00
1799 0.000000e+00
1800 1.090353e-06
1801 9.512682e-07
1802 7.371042e-07
1803 5.545683e-07
1804 4.165662e-07
1805 2.658251e-07
1806 1.688252e-07
1807 1.030930e-07
1808 6.398007e-08
1809 0.000000e+00
1810 0.000000e+00
1811 0.000000e+00
1812 0.000000e+00
1813 0.000000e+00
1814 0.000000e+00
1815 9.747676e-07
1816 9.009736e-07
1817 7.289366e-07
1818 5.460045e-07
1819 4.177224e-07
1820 2.872002e-07
1821 1.781605e-07
1822 1.098688e-07
1823 6.731010e-08
1824 0.000000e+00
1825 0.000000e+00
1826 0.000000e+00
1827 0.000000e+00
1828 0.000000e+00
1829 0.000000e+00
1830 8.718239e-07
1831 8.431074e-07
1832 7.143446e-07
1833 5.418277e-07
1834 4.101150e-07
1835 3.027689e-07
1836 1.848704e-07
1837 1.172676e-07
1838 7.081269e-08
1839 0.000000e+00
1840 0.000000e+00
1841 0.000000e+00
1842 0.000000e+00
1843 0.000000e+00
1844 0.000000e+00
1845 7.807508e-07
1846 7.825424e-07
1847 6.924084e-07
1848 5.382685e-07
1849 4.024882e-07
1850 3.081080e-07
1851 1.942601e-07
1852 1.241455e-07
1853 7.405964e-08
1854 4.478322e-08
1855 0.000000e+00
1856 0.000000e+00
1857 0.000000e+00
1858 0.000000e+00
1859 0.000000e+00
1860 6.997368e-07
1861 7.220354e-07
1862 6.642176e-07
1863 5.327350e-07
1864 3.968702e-07
1865 3.056665e-07
1866 2.059449e-07
1867 1.279634e-07
1868 7.680720e-08
1869 4.628141e-08
1870 0.000000e+00
1871 0.000000e+00
1872 0.000000e+00
1873 0.000000e+00
1874 0.000000e+00
1875 6.267169e-07
1876 6.626982e-07
1877 6.310364e-07
1878 5.238914e-07
1879 3.927262e-07
1880 2.995717e-07
1881 2.160043e-07
1882 1.296516e-07
1883 8.016560e-08
1884 4.796064e-08
1885 0.000000e+00
1886 0.000000e+00
1887 0.000000e+00
1888 0.000000e+00
1889 0.000000e+00
1890 5.601194e-07
1891 6.049517e-07
1892 5.939613e-07
1893 5.109463e-07
1894 3.889113e-07
1895 2.927014e-07
1896 2.213411e-07
1897 1.324479e-07
1898 8.465132e-08
1899 4.993337e-08
1900 2.945227e-08
1901 0.000000e+00
1902 0.000000e+00
1903 0.000000e+00
1904 0.000000e+00
1905 4.988938e-07
1906 5.491750e-07
1907 5.543197e-07
1908 4.940876e-07
1909 3.848455e-07
1910 2.867312e-07
1911 2.216394e-07
1912 1.383780e-07
1913 8.873269e-08
1914 5.173653e-08
1915 3.030831e-08
1916 0.000000e+00
1917 0.000000e+00
1918 0.000000e+00
1919 0.000000e+00
1920 5.797448e-09
1921 4.074338e-09
1922 2.747865e-09
1923 1.788169e-09
1924 1.162886e-09
1925 7.678030e-10
1926 5.185613e-10
1927 3.568731e-10
1928 2.464841e-10
1929 1.675267e-10
1930 1.100581e-10
1931 6.897278e-11
1932 4.093772e-11
1933 2.299039e-11
1934 1.227441e-11
1935 1.455532e-08
1936 1.064783e-08
1937 7.514628e-09
1938 5.062616e-09
1939 3.262265e-09
1940 2.104035e-09
1941 1.373000e-09
1942 9.188459e-10
1943 6.289878e-10
1944 4.338912e-10
1945 2.956473e-10
1946 1.952173e-10
1947 1.231113e-10
1948 7.352055e-11
1949 4.149217e-11
1950 2.271199e-08
1951 1.712333e-08
1952 1.235202e-08
1953 8.599070e-09
1954 5.670021e-09
1955 3.618081e-09
1956 2.330606e-09
1957 1.522534e-09
1958 1.021514e-09
1959 6.988778e-10
1960 4.794514e-10
1961 3.231863e-10
1962 2.102799e-10
1963 1.303917e-10
1964 7.651211e-11
1965 3.082123e-08
1966 2.392549e-08
1967 1.757628e-08
1968 1.245887e-08
1969 8.447117e-09
1970 5.414349e-09
1971 3.460198e-09
1972 2.224235e-09
1973 1.465679e-09
1974 9.894936e-10
1975 6.765742e-10
1976 4.596866e-10
1977 3.044366e-10
1978 1.935334e-10
1979 1.168996e-10
1980 3.914886e-08
1981 3.125780e-08
1982 2.341456e-08
1983 1.681635e-08
1984 1.164302e-08
1985 7.599622e-09
1986 4.814887e-09
1987 3.075080e-09
1988 1.993264e-09
1989 1.325293e-09
1990 8.985854e-10
1991 6.111297e-10
1992 4.088435e-10
1993 2.644971e-10
1994 1.634206e-10
1995 4.787838e-08
1996 3.926621e-08
1997 3.004652e-08
1998 2.185817e-08
1999 1.535912e-08
2000 1.025146e-08
2001 6.488771e-09
2002 4.128751e-09
2003 2.636591e-09
2004 1.727103e-09
2005 1.157765e-09
2006 7.843860e-10
2007 5.272311e-10
2008 3.452911e-10
2009 2.172196e-10
2010 5.727555e-08
2011 4.819694e-08
2012 3.773685e-08
2013 2.785995e-08
2014 1.980372e-08
2015 1.349124e-08
2016 8.632641e-09
2017 5.452392e-09
2018 3.449261e-09
2019 2.227290e-09
2020 1.472799e-09
2021 9.900467e-10
2022 6.656032e-10
2023 4.393912e-10
2024 2.804037e-10
2025 6.793082e-08
2026 5.864538e-08
2027 4.707419e-08
2028 3.539578e-08
2029 2.545027e-08
2030 1.763710e-08
2031 1.151238e-08
2032 7.222631e-09
2033 4.554605e-09
2034 2.895778e-09
2035 1.883689e-09
2036 1.251510e-09
2037 8.377552e-10
2038 5.551492e-10
2039 3.582077e-10
2040 8.107105e-08
2041 7.194121e-08
2042 5.942160e-08
2043 4.575886e-08
2044 3.339482e-08
2045 2.349308e-08
2046 1.572125e-08
2047 9.906391e-09
2048 6.219081e-09
2049 3.894144e-09
2050 2.488313e-09
2051 1.625267e-09
2052 1.076708e-09
2053 7.124253e-10
2054 4.630190e-10
2055 1.024605e-07
2056 9.435595e-08
2057 8.121997e-08
2058 6.507963e-08
2059 4.888676e-08
2060 3.508997e-08
2061 2.420362e-08
2062 1.571782e-08
2063 9.789830e-09
2064 6.079396e-09
2065 3.785057e-09
2066 2.399596e-09
2067 1.550291e-09
2068 1.011127e-09
2069 6.561572e-10
2070 2.106927e-07
2071 2.158151e-07
2072 2.101084e-07
2073 1.926000e-07
2074 1.648261e-07
2075 1.311240e-07
2076 9.773035e-08
2077 6.956106e-08
2078 4.748470e-08
2079 3.015107e-08
2080 1.823278e-08
2081 1.084088e-08
2082 6.363457e-09
2083 3.732346e-09
2084 2.209106e-09
