0 2.324409e-09
1 1.573983e-09
2 1.034138e-09
3 6.772219e-10
4 4.501470e-10
5 3.050848e-10
6 2.098920e-10
7 1.443926e-10
8 9.745368e-11
9 6.339789e-11
10 3.921608e-11
11 2.288471e-11
12 1.258696e-11
13 6.578230e-12
14 3.321798e-12
15 3.730647e-09
16 2.577594e-09
17 1.712984e-09
18 1.114438e-09
19 7.315718e-10
20 4.885432e-10
21 3.330714e-10
22 2.294420e-10
23 1.568735e-10
24 1.043957e-10
25 6.652187e-11
26 4.011816e-11
27 2.278430e-11
28 1.221702e-11
29 6.269289e-12
30 4.241753e-09
31 2.947527e-09
32 1.968791e-09
33 1.280810e-09
34 8.380014e-10
35 5.572965e-10
36 3.785726e-10
37 2.604785e-10
38 1.785089e-10
39 1.194217e-10
40 7.667708e-11
41 4.667314e-11
42 2.675732e-11
43 1.446672e-11
44 7.466393e-12
45 4.536562e-09
46 3.160879e-09
47 2.116287e-09
48 1.376811e-09
49 8.994046e-10
50 5.969690e-10
51 4.048148e-10
52 2.784074e-10
53 1.909782e-10
54 1.280948e-10
55 8.253993e-11
56 5.044991e-11
57 2.905013e-11
58 1.576565e-11
59 8.157711e-12
60 4.742292e-09
61 3.310137e-09
62 2.219512e-09
63 1.443928e-09
64 9.423005e-10
65 6.246901e-10
66 4.231454e-10
67 2.909303e-10
68 1.996971e-10
69 1.341470e-10
70 8.663655e-11
71 5.309145e-11
72 3.065093e-11
73 1.667295e-11
74 8.640426e-12
75 4.901492e-09
76 3.425124e-09
77 2.299052e-09
78 1.495672e-09
79 9.754041e-10
80 6.460974e-10
81 4.373251e-10
82 3.006042e-10
83 2.064330e-10
84 1.388309e-10
85 8.979647e-11
86 5.513078e-11
87 3.188880e-11
88 1.737310e-11
89 9.013494e-12
90 5.032974e-09
91 3.520311e-09
92 2.365064e-09
93 1.538551e-09
94 1.002834e-09
95 6.638033e-10
96 4.490485e-10
97 3.086109e-10
98 2.120131e-10
99 1.427023e-10
100 9.241747e-11
101 5.681736e-11
102 3.291187e-11
103 1.795233e-11
104 9.321552e-12
105 5.150191e-09
106 3.605290e-09
107 2.423692e-09
108 1.576695e-09
109 1.027178e-09
110 6.795814e-10
111 4.594744e-10
112 3.157362e-10
113 2.169642e-10
114 1.461494e-10
115 9.474626e-11
116 5.832237e-11
117 3.382352e-11
118 1.846968e-11
119 9.596519e-12
120 5.265778e-09
121 3.688414e-09
122 2.480676e-09
123 1.613749e-09
124 1.050935e-09
125 6.948854e-10
126 4.696720e-10
127 3.226492e-10
128 2.217895e-10
129 1.494982e-10
130 9.701097e-11
131 5.977923e-11
132 3.470866e-11
133 1.897110e-11
134 9.863540e-12
135 5.402830e-09
136 3.788150e-09
137 2.550206e-09
138 1.658914e-09
139 1.079837e-09
140 7.135209e-10
141 4.819397e-10
142 3.310796e-10
143 2.276618e-10
144 1.535707e-10
145 9.976361e-11
146 6.155530e-11
147 3.578650e-11
148 1.958172e-11
149 1.018867e-11
150 7.233628e-09
151 5.146659e-09
152 3.522468e-09
153 2.308063e-09
154 1.492770e-09
155 9.770945e-10
156 6.522745e-10
157 4.447703e-10
158 3.060797e-10
159 2.083869e-10
160 1.376350e-10
161 8.678577e-11
162 5.169941e-11
163 2.895563e-11
164 1.534541e-11
165 8.985940e-09
166 6.457460e-09
167 4.473959e-09
168 2.961776e-09
169 1.910269e-09
170 1.243461e-09
171 8.226977e-10
172 5.567613e-10
173 3.822040e-10
174 2.612993e-10
175 1.743061e-10
176 1.115009e-10
177 6.759884e-11
178 3.856330e-11
179 2.075387e-11
180 1.003899e-08
181 7.251059e-09
182 5.049088e-09
183 3.359750e-09
184 2.165821e-09
185 1.406128e-09
186 9.262787e-10
187 6.248528e-10
188 4.283197e-10
189 2.932672e-10
190 1.964769e-10
191 1.264863e-10
192 7.727220e-11
193 4.442281e-11
194 2.408480e-11
195 1.077816e-08
196 7.806183e-09
197 5.452493e-09
198 3.637947e-09
199 2.344985e-09
200 1.520187e-09
201 9.990690e-10
202 6.725615e-10
203 4.607229e-10
204 3.156431e-10
205 2.119779e-10
206 1.369768e-10
207 8.403896e-11
208 4.854239e-11
209 2.641550e-11
210 1.134736e-08
211 8.233494e-09
212 5.762399e-09
213 3.852718e-09
214 2.482955e-09
215 1.608075e-09
216 1.055171e-09
217 7.093090e-10
218 4.855151e-10
219 3.329353e-10
220 2.239523e-10
221 1.450688e-10
222 8.925897e-11
223 5.170960e-11
224 2.821666e-11
225 1.181788e-08
226 8.587919e-09
227 6.020026e-09
228 4.030746e-09
229 2.597147e-09
230 1.680598e-09
231 1.101541e-09
232 7.398372e-10
233 5.061982e-10
234 3.471679e-10
235 2.338255e-10
236 1.517589e-10
237 9.356723e-11
238 5.433266e-11
239 2.970410e-11
240 1.223941e-08
241 8.903996e-09
242 6.250392e-09
243 4.189209e-09
244 2.699027e-09
245 1.745106e-09
246 1.142760e-09
247 7.667806e-10
248 5.245816e-10
249 3.599776e-10
250 2.426744e-10
251 1.577166e-10
252 9.741605e-11
253 5.666745e-11
254 3.102490e-11
255 1.264857e-08
256 9.212588e-09
257 6.473355e-09
258 4.343925e-09
259 2.798268e-09
260 1.808486e-09
261 1.183177e-09
262 7.932954e-10
263 5.425237e-10
264 3.723951e-10
265 2.512679e-10
266 1.635081e-10
267 1.011732e-10
268 5.895591e-11
269 3.230953e-11
270 1.313993e-08
271 9.584264e-09
272 6.742695e-09
273 4.530245e-09
274 2.918000e-09
275 1.884661e-09
276 1.231810e-09
277 8.253620e-10
278 5.640378e-10
279 3.874149e-10
280 2.616315e-10
281 1.705233e-10
282 1.057087e-10
283 6.170140e-11
284 3.388036e-11
285 1.196857e-08
286 8.740567e-09
287 6.151135e-09
288 4.151558e-09
289 2.686781e-09
290 1.735255e-09
291 1.134226e-09
292 7.579522e-10
293 5.163747e-10
294 3.535209e-10
295 2.383453e-10
296 1.552909e-10
297 9.642381e-11
298 5.650937e-11
299 3.118510e-11
300 1.397154e-08
301 1.029932e-08
302 7.303454e-09
303 4.977967e-09
304 3.239001e-09
305 2.083392e-09
306 1.355132e-09
307 8.991757e-10
308 6.094422e-10
309 4.168968e-10
310 2.821854e-10
311 1.853458e-10
312 1.164121e-10
313 6.911581e-11
314 3.866743e-11
315 1.540019e-08
316 1.141357e-08
317 8.128504e-09
318 5.569907e-09
319 3.636396e-09
320 2.333854e-09
321 1.514317e-09
322 1.000732e-09
323 6.763694e-10
324 4.622211e-10
325 3.135483e-10
326 2.068987e-10
327 1.306804e-10
328 7.817344e-11
329 4.404273e-11
330 1.650404e-08
331 1.227529e-08
332 8.766442e-09
333 6.027951e-09
334 3.943147e-09
335 2.527519e-09
336 1.637145e-09
337 1.079185e-09
338 7.279119e-10
339 4.973392e-10
340 3.377853e-10
341 2.235037e-10
342 1.417630e-10
343 8.517538e-11
344 4.820239e-11
345 1.741579e-08
346 1.298810e-08
347 9.293779e-09
348 6.405806e-09
349 4.197409e-09
350 2.687618e-09
351 1.738850e-09
352 1.144038e-09
353 7.705632e-10
354 5.263037e-10
355 3.578145e-10
356 2.372724e-10
357 1.509237e-10
358 9.097462e-11
359 5.163336e-11
360 1.823046e-08
361 1.362159e-08
362 9.762777e-09
363 6.742730e-09
364 4.423477e-09
365 2.830070e-09
366 1.829301e-09
367 1.201789e-09
368 8.085422e-10
369 5.521662e-10
370 3.756988e-10
371 2.494909e-10
372 1.590537e-10
373 9.611496e-11
374 5.468733e-11
375 1.902004e-08
376 1.423870e-08
377 1.021915e-08
378 7.070043e-09
379 4.642878e-09
380 2.969075e-09
381 1.917409e-09
382 1.257685e-09
383 8.454838e-10
384 5.771957e-10
385 3.929863e-10
386 2.613571e-10
387 1.669585e-10
388 1.011134e-10
389 5.765823e-11
390 1.997734e-08
391 1.498417e-08
392 1.077221e-08
393 7.466831e-09
394 4.909796e-09
395 3.137235e-09
396 2.024218e-09
397 1.325954e-09
398 8.903800e-10
399 6.077380e-10
400 4.140384e-10
401 2.758418e-10
402 1.765682e-10
403 1.071972e-10
404 6.127146e-11
405 1.694347e-08
406 1.267427e-08
407 9.082093e-09
408 6.270529e-09
409 4.129798e-09
410 2.646514e-09
411 1.712544e-09
412 1.124422e-09
413 7.553702e-10
414 5.147147e-10
415 3.494146e-10
416 2.316691e-10
417 1.475707e-10
418 8.919698e-11
419 5.086424e-11
420 1.919718e-08
421 1.449833e-08
422 1.045794e-08
423 7.273318e-09
424 4.829828e-09
425 3.094093e-09
426 1.995175e-09
427 1.302101e-09
428 8.699724e-10
429 5.908160e-10
430 4.014446e-10
431 2.673341e-10
432 1.716516e-10
433 1.048482e-10
434 6.045897e-11
435 2.095451e-08
436 1.592188e-08
437 1.153432e-08
438 8.057345e-09
439 5.376485e-09
440 3.444270e-09
441 2.216258e-09
442 1.440907e-09
443 9.593737e-10
444 6.503200e-10
445 4.421376e-10
446 2.953042e-10
447 1.905201e-10
448 1.170641e-10
449 6.797180e-11
450 2.240335e-08
451 1.709894e-08
452 1.242226e-08
453 8.704848e-09
454 5.829192e-09
455 3.733995e-09
456 2.399066e-09
457 1.555993e-09
458 1.033358e-09
459 6.994540e-10
460 4.756144e-10
461 3.184453e-10
462 2.061221e-10
463 1.271993e-10
464 7.417832e-11
465 2.370160e-08
466 1.814977e-08
467 1.321334e-08
468 9.282750e-09
469 6.231442e-09
470 3.991633e-09
471 2.561838e-09
472 1.658294e-09
473 1.099221e-09
474 7.434037e-10
475 5.055684e-10
476 3.389483e-10
477 2.199723e-10
478 1.362074e-10
479 7.969413e-11
480 2.495348e-08
481 1.916529e-08
482 1.398183e-08
483 9.841921e-09
484 6.621560e-09
485 4.241955e-09
486 2.719747e-09
487 1.757237e-09
488 1.163044e-09
489 7.858250e-10
490 5.345335e-10
491 3.589171e-10
492 2.334468e-10
493 1.449369e-10
494 8.509288e-11
495 2.647589e-08
496 2.040038e-08
497 1.491572e-08
498 1.052183e-08
499 7.097154e-09
500 4.546243e-09
501 2.911648e-09
502 1.878306e-09
503 1.240828e-09
504 8.375850e-10
505 5.698168e-10
506 3.831245e-10
507 2.498118e-10
508 1.555701e-10
509 9.158102e-11
510 2.231878e-08
511 1.709873e-08
512 1.245488e-08
513 8.740750e-09
514 5.874667e-09
515 3.777144e-09
516 2.423613e-09
517 1.570534e-09
518 1.040486e-09
519 7.024623e-10
520 4.767993e-10
521 3.189985e-10
522 2.067425e-10
523 1.279374e-10
524 7.491015e-11
525 2.485574e-08
526 1.923208e-08
527 1.410625e-08
528 9.955822e-09
529 6.742416e-09
530 4.352122e-09
531 2.783100e-09
532 1.796443e-09
533 1.183314e-09
534 7.954688e-10
535 5.393839e-10
536 3.617412e-10
537 2.357517e-10
538 1.470428e-10
539 8.694196e-11
540 2.695587e-08
541 2.100019e-08
542 1.547547e-08
543 1.096596e-08
544 7.464967e-09
545 4.829879e-09
546 3.081863e-09
547 1.984347e-09
548 1.302092e-09
549 8.726747e-10
550 5.911119e-10
551 3.972217e-10
552 2.598305e-10
553 1.629257e-10
554 9.694030e-11
555 2.883336e-08
556 2.257734e-08
557 1.669634e-08
558 1.186577e-08
559 8.107458e-09
560 5.255285e-09
561 3.347902e-09
562 2.151597e-09
563 1.407719e-09
564 9.414985e-10
565 6.373281e-10
566 4.287081e-10
567 2.812211e-10
568 1.770841e-10
569 1.058099e-10
570 3.064760e-08
571 2.410569e-08
572 1.787798e-08
573 1.273833e-08
574 8.729638e-09
575 5.668284e-09
576 3.605833e-09
577 2.313449e-09
578 1.510160e-09
579 1.008171e-09
580 6.821623e-10
581 4.592675e-10
582 3.020199e-10
583 1.907528e-10
584 1.144678e-10
585 3.285264e-08
586 2.596174e-08
587 1.931669e-08
588 1.379534e-08
589 9.485959e-09
590 6.169306e-09
591 3.919833e-09
592 2.511004e-09
593 1.634876e-09
594 1.089132e-09
595 7.364259e-10
596 4.964632e-10
597 3.272055e-10
598 2.074688e-10
599 1.249200e-10
600 2.822878e-08
601 2.215090e-08
602 1.641780e-08
603 1.167576e-08
604 7.987023e-09
605 5.198953e-09
606 3.312175e-09
607 2.129801e-09
608 1.391227e-09
609 9.286109e-10
610 6.275330e-10
611 4.214974e-10
612 2.763696e-10
613 1.740956e-10
614 1.042375e-10
615 3.112169e-08
616 2.467093e-08
617 1.842245e-08
618 1.317533e-08
619 9.072487e-09
620 5.942460e-09
621 3.779196e-09
622 2.423487e-09
623 1.574106e-09
624 1.045248e-09
625 7.042957e-10
626 4.735037e-10
627 3.116483e-10
628 1.976174e-10
629 1.193107e-10
630 3.369977e-08
631 2.691227e-08
632 2.020946e-08
633 1.451056e-08
634 1.003936e-08
635 6.605007e-09
636 4.195308e-09
637 2.685377e-09
638 1.736757e-09
639 1.149300e-09
640 7.728781e-10
641 5.197605e-10
642 3.430407e-10
643 2.185548e-10
644 1.327146e-10
645 3.619264e-08
646 2.908696e-08
647 2.194184e-08
648 1.580437e-08
649 1.097510e-08
650 7.247228e-09
651 4.598723e-09
652 2.939099e-09
653 1.894523e-09
654 1.249950e-09
655 8.393343e-10
656 5.645190e-10
657 3.734845e-10
658 2.388193e-10
659 1.457331e-10
660 3.922833e-08
661 3.173145e-08
662 2.405074e-08
663 1.737782e-08
664 1.211490e-08
665 8.028554e-09
666 5.090081e-09
667 3.247970e-09
668 2.086685e-09
669 1.372431e-09
670 9.200718e-10
671 6.191536e-10
672 4.105233e-10
673 2.635861e-10
674 1.615380e-10
675 3.488916e-08
676 2.804554e-08
677 2.118039e-08
678 1.526422e-08
679 1.059768e-08
680 7.012858e-09
681 4.461911e-09
682 2.851035e-09
683 1.838055e-09
684 1.211467e-09
685 8.120772e-10
686 5.454411e-10
687 3.602732e-10
688 2.301861e-10
689 1.404549e-10
690 3.833433e-08
691 3.114439e-08
692 2.372727e-08
693 1.720295e-08
694 1.201462e-08
695 8.009988e-09
696 5.103747e-09
697 3.251409e-09
698 2.085416e-09
699 1.366937e-09
700 9.125024e-10
701 6.121398e-10
702 4.052486e-10
703 2.603342e-10
704 1.600086e-10
705 4.166946e-08
706 3.414253e-08
707 2.619496e-08
708 1.908042e-08
709 1.338518e-08
710 8.976049e-09
711 5.724639e-09
712 3.638457e-09
713 2.324818e-09
714 1.517481e-09
715 1.009526e-09
716 6.767803e-10
717 4.488296e-10
718 2.894631e-10
719 1.790329e-10
720 4.572677e-08
721 3.779980e-08
722 2.919825e-08
723 2.136325e-08
724 1.505461e-08
725 1.015057e-08
726 6.480528e-09
727 4.109958e-09
728 2.616480e-09
729 1.700302e-09
730 1.127881e-09
731 7.553410e-10
732 5.017776e-10
733 3.250364e-10
734 2.020292e-10
735 4.279917e-08
736 3.528209e-08
737 2.722618e-08
738 1.991707e-08
739 1.401588e-08
740 9.442538e-09
741 6.051538e-09
742 3.837882e-09
743 2.449302e-09
744 1.592163e-09
745 1.055276e-09
746 7.055423e-10
747 4.676523e-10
748 3.020916e-10
749 1.874390e-10
750 4.722701e-08
751 3.939392e-08
752 3.072376e-08
753 2.264597e-08
754 1.602930e-08
755 1.088712e-08
756 7.013582e-09
757 4.433909e-09
758 2.819688e-09
759 1.820804e-09
760 1.199672e-09
761 7.995507e-10
762 5.303242e-10
763 3.439151e-10
764 2.148987e-10
765 5.261177e-08
766 4.440093e-08
767 3.497827e-08
768 2.596278e-08
769 1.848016e-08
770 1.264371e-08
771 8.182283e-09
772 5.158616e-09
773 3.269856e-09
774 2.098753e-09
775 1.375259e-09
776 9.139623e-10
777 6.064880e-10
778 3.948971e-10
779 2.481999e-10
780 5.306870e-08
781 4.498893e-08
782 3.563346e-08
783 2.658077e-08
784 1.897423e-08
785 1.302287e-08
786 8.482386e-09
787 5.350150e-09
788 3.390251e-09
789 2.168085e-09
790 1.414842e-09
791 9.368553e-10
792 6.203231e-10
793 4.036822e-10
794 2.542006e-10
795 6.034051e-08
796 5.199332e-08
797 4.181801e-08
798 3.156387e-08
799 2.271866e-08
800 1.574274e-08
801 1.036162e-08
802 6.531296e-09
803 4.123476e-09
804 2.614194e-09
805 1.690933e-09
806 1.112104e-09
807 7.345796e-10
808 4.791829e-10
809 3.037668e-10
810 7.089983e-08
811 6.255143e-08
812 5.155978e-08
813 3.976511e-08
814 2.905849e-08
815 2.040595e-08
816 1.368931e-08
817 8.707944e-09
818 5.461624e-09
819 3.428851e-09
820 2.183940e-09
821 1.415235e-09
822 9.261660e-10
823 6.032128e-10
824 3.846342e-10
825 0.000000e+00
826 0.000000e+00
827 0.000000e+00
828 0.000000e+00
829 0.000000e+00
830 0.000000e+00
831 0.000000e+00
832 0.000000e+00
833 0.000000e+00
834 0.000000e+00
835 0.000000e+00
836 0.000000e+00
837 0.000000e+00
838 0.000000e+00
839 0.000000e+00
840 0.000000e+00
841 0.000000e+00
842 0.000000e+00
843 0.000000e+00
844 0.000000e+00
845 0.000000e+00
846 0.000000e+00
847 0.000000e+00
848 0.000000e+00
849 0.000000e+00
850 0.000000e+00
851 0.000000e+00
852 0.000000e+00
853 0.000000e+00
854 0.000000e+00
855 0.000000e+00
856 0.000000e+00
857 0.000000e+00
858 0.000000e+00
859 0.000000e+00
860 0.000000e+00
861 0.000000e+00
862 0.000000e+00
863 0.000000e+00
864 0.000000e+00
865 0.000000e+00
866 0.000000e+00
867 0.000000e+00
868 0.000000e+00
869 0.000000e+00
870 0.000000e+00
871 0.000000e+00
872 0.000000e+00
873 0.000000e+00
874 0.000000e+00
875 0.000000e+00
876 0.000000e+00
877 0.000000e+00
878 0.000000e+00
879 0.000000e+00
880 0.000000e+00
881 0.000000e+00
882 0.000000e+00
883 0.000000e+00
884 0.000000e+00
885 0.000000e+00
886 0.000000e+00
887 0.000000e+00
888 0.000000e+00
889 0.000000e+00
890 0.000000e+00
891 0.000000e+00
892 0.000000e+00
893 0.000000e+00
894 0.000000e+00
895 0.000000e+00
896 0.000000e+00
897 0.000000e+00
898 0.000000e+00
899 0.000000e+00
900 0.000000e+00
901 0.000000e+00
902 0.000000e+00
903 0.000000e+00
904 0.000000e+00
905 0.000000e+00
906 0.000000e+00
907 0.000000e+00
908 0.000000e+00
909 0.000000e+00
910 0.000000e+00
911 0.000000e+00
912 0.000000e+00
913 0.000000e+00
914 0.000000e+00
915 0.000000e+00
916 0.000000e+00
917 0.000000e+00
918 0.000000e+00
919 0.000000e+00
920 0.000000e+00
921 0.000000e+00
922 0.000000e+00
923 0.000000e+00
924 0.000000e+00
925 0.000000e+00
926 0.000000e+00
927 0.000000e+00
928 0.000000e+00
929 0.000000e+00
930 0.000000e+00
931 0.000000e+00
932 0.000000e+00
933 0.000000e+00
934 0.000000e+00
935 0.000000e+00
936 0.000000e+00
937 0.000000e+00
938 0.000000e+00
939 0.000000e+00
940 0.000000e+00
941 0.000000e+00
942 0.000000e+00
943 0.000000e+00
944 0.000000e+00
945 0.000000e+00
946 0.000000e+00
947 0.000000e+00
948 0.000000e+00
949 0.000000e+00
950 0.000000e+00
951 0.000000e+00
952 0.000000e+00
953 0.000000e+00
954 0.000000e+00
955 0.000000e+00
956 0.000000e+00
957 0.000000e+00
958 0.000000e+00
959 0.000000e+00
960 2.980361e-07
961 2.371715e-07
962 1.784038e-07
963 1.349020e-07
964 9.073873e-08
965 5.700006e-08
966 3.551345e-08
967 2.219454e-08
968 0.000000e+00
969 0.000000e+00
970 0.000000e+00
971 0.000000e+00
972 0.000000e+00
973 0.000000e+00
974 0.000000e+00
975 4.587514e-07
976 3.701647e-07
977 2.790990e-07
978 2.112245e-07
979 1.451644e-07
980 9.087045e-08
981 5.693562e-08
982 3.540455e-08
983 0.000000e+00
984 0.000000e+00
985 0.000000e+00
986 0.000000e+00
987 0.000000e+00
988 0.000000e+00
989 0.000000e+00
990 5.791291e-07
991 4.704962e-07
992 3.553805e-07
993 2.689582e-07
994 1.866058e-07
995 1.168246e-07
996 7.334274e-08
997 4.550647e-08
998 0.000000e+00
999 0.000000e+00
1000 0.000000e+00
1001 0.000000e+00
1002 0.000000e+00
1003 0.000000e+00
1004 0.000000e+00
1005 6.723399e-07
1006 5.482447e-07
1007 4.145254e-07
1008 3.137249e-07
1009 2.187366e-07
1010 1.369706e-07
1011 8.607147e-08
1012 5.334551e-08
1013 0.000000e+00
1014 0.000000e+00
1015 0.000000e+00
1016 0.000000e+00
1017 0.000000e+00
1018 0.000000e+00
1019 0.000000e+00
1020 7.494177e-07
1021 6.125185e-07
1022 4.634122e-07
1023 3.507292e-07
1024 2.453024e-07
1025 1.536251e-07
1026 9.659607e-08
1027 5.982646e-08
1028 0.000000e+00
1029 0.000000e+00
1030 0.000000e+00
1031 0.000000e+00
1032 0.000000e+00
1033 0.000000e+00
1034 0.000000e+00
1035 8.181346e-07
1036 6.698259e-07
1037 5.070027e-07
1038 3.837194e-07
1039 2.689818e-07
1040 1.684723e-07
1041 1.059772e-07
1042 6.560555e-08
1043 0.000000e+00
1044 0.000000e+00
1045 0.000000e+00
1046 0.000000e+00
1047 0.000000e+00
1048 0.000000e+00
1049 0.000000e+00
1050 8.847875e-07
1051 7.254049e-07
1052 5.492882e-07
1053 4.157171e-07
1054 2.919534e-07
1055 1.828735e-07
1056 1.150749e-07
1057 7.120948e-08
1058 0.000000e+00
1059 0.000000e+00
1060 0.000000e+00
1061 0.000000e+00
1062 0.000000e+00
1063 0.000000e+00
1064 0.000000e+00
1065 9.659350e-07
1066 7.930901e-07
1067 6.007644e-07
1068 4.546861e-07
1069 3.199204e-07
1070 2.004075e-07
1071 1.261539e-07
1072 7.803240e-08
1073 0.000000e+00
1074 0.000000e+00
1075 0.000000e+00
1076 0.000000e+00
1077 0.000000e+00
1078 0.000000e+00
1079 0.000000e+00
1080 2.038747e-07
1081 1.788565e-07
1082 1.387442e-07
1083 1.040846e-07
1084 7.896579e-08
1085 5.018004e-08
1086 3.204418e-08
1087 1.947551e-08
1088 1.206586e-08
1089 0.000000e+00
1090 0.000000e+00
1091 0.000000e+00
1092 0.000000e+00
1093 0.000000e+00
1094 0.000000e+00
1095 3.295941e-07
1096 2.930556e-07
1097 2.297372e-07
1098 1.721163e-07
1099 1.310554e-07
1100 8.503543e-08
1101 5.385731e-08
1102 3.281511e-08
1103 2.027573e-08
1104 0.000000e+00
1105 0.000000e+00
1106 0.000000e+00
1107 0.000000e+00
1108 0.000000e+00
1109 0.000000e+00
1110 4.336898e-07
1111 3.881693e-07
1112 3.060004e-07
1113 2.292128e-07
1114 1.746962e-07
1115 1.145624e-07
1116 7.226570e-08
1117 4.412973e-08
1118 2.722373e-08
1119 0.000000e+00
1120 0.000000e+00
1121 0.000000e+00
1122 0.000000e+00
1123 0.000000e+00
1124 0.000000e+00
1125 5.198923e-07
1126 4.669666e-07
1127 3.692011e-07
1128 2.765327e-07
1129 2.108739e-07
1130 1.390539e-07
1131 8.753647e-08
1132 5.352108e-08
1133 3.298846e-08
1134 0.000000e+00
1135 0.000000e+00
1136 0.000000e+00
1137 0.000000e+00
1138 0.000000e+00
1139 0.000000e+00
1140 5.967061e-07
1141 5.371626e-07
1142 4.255058e-07
1143 3.187148e-07
1144 2.431097e-07
1145 1.608709e-07
1146 1.011409e-07
1147 6.188530e-08
1148 3.812358e-08
1149 0.000000e+00
1150 0.000000e+00
1151 0.000000e+00
1152 0.000000e+00
1153 0.000000e+00
1154 0.000000e+00
1155 6.712487e-07
1156 6.052428e-07
1157 4.801053e-07
1158 3.596108e-07
1159 2.743580e-07
1160 1.820313e-07
1161 1.143363e-07
1162 6.999802e-08
1163 4.310414e-08
1164 0.000000e+00
1165 0.000000e+00
1166 0.000000e+00
1167 0.000000e+00
1168 0.000000e+00
1169 0.000000e+00
1170 7.619632e-07
1171 6.881538e-07
1172 5.465935e-07
1173 4.094007e-07
1174 3.124230e-07
1175 2.078027e-07
1176 1.304026e-07
1177 7.988204e-08
1178 4.916940e-08
1179 0.000000e+00
1180 0.000000e+00
1181 0.000000e+00
1182 0.000000e+00
1183 0.000000e+00
1184 0.000000e+00
1185 1.517712e-07
1186 1.437118e-07
1187 1.189293e-07
1188 8.923333e-08
1189 6.807723e-08
1190 4.883179e-08
1191 2.967947e-08
1192 1.857040e-08
1193 1.131625e-08
1194 6.995467e-09
1195 0.000000e+00
1196 0.000000e+00
1197 0.000000e+00
1198 0.000000e+00
1199 0.000000e+00
1200 2.542466e-07
1201 2.433182e-07
1202 2.038151e-07
1203 1.537166e-07
1204 1.167730e-07
1205 8.512034e-08
1206 5.175361e-08
1207 3.266181e-08
1208 1.980555e-08
1209 1.217437e-08
1210 0.000000e+00
1211 0.000000e+00
1212 0.000000e+00
1213 0.000000e+00
1214 0.000000e+00
1215 3.443845e-07
1216 3.312564e-07
1217 2.791389e-07
1218 2.111585e-07
1219 1.600925e-07
1220 1.175068e-07
1221 7.159381e-08
1222 4.531038e-08
1223 2.741440e-08
1224 1.681415e-08
1225 0.000000e+00
1226 0.000000e+00
1227 0.000000e+00
1228 0.000000e+00
1229 0.000000e+00
1230 4.246420e-07
1231 4.095446e-07
1232 3.462389e-07
1233 2.623152e-07
1234 1.986705e-07
1235 1.463498e-07
1236 8.927868e-08
1237 5.657855e-08
1238 3.419335e-08
1239 2.094732e-08
1240 0.000000e+00
1241 0.000000e+00
1242 0.000000e+00
1243 0.000000e+00
1244 0.000000e+00
1245 5.024068e-07
1246 4.854242e-07
1247 4.112539e-07
1248 3.118899e-07
1249 2.360587e-07
1250 1.742834e-07
1251 1.064091e-07
1252 6.748979e-08
1253 4.076277e-08
1254 2.495054e-08
1255 0.000000e+00
1256 0.000000e+00
1257 0.000000e+00
1258 0.000000e+00
1259 0.000000e+00
1260 5.971128e-07
1261 5.778206e-07
1262 4.904340e-07
1263 3.722710e-07
1264 2.815919e-07
1265 2.083161e-07
1266 1.272708e-07
1267 8.078476e-08
1268 4.876224e-08
1269 2.982763e-08
1270 0.000000e+00
1271 0.000000e+00
1272 0.000000e+00
1273 0.000000e+00
1274 0.000000e+00
1275 1.191673e-07
1276 1.193057e-07
1277 1.054098e-07
1278 8.170273e-08
1279 6.101788e-08
1280 4.689346e-08
1281 2.927415e-08
1282 1.883938e-08
1283 1.121159e-08
1284 6.774200e-09
1285 0.000000e+00
1286 0.000000e+00
1287 0.000000e+00
1288 0.000000e+00
1289 0.000000e+00
1290 2.068803e-07
1291 2.087946e-07
1292 1.865204e-07
1293 1.458765e-07
1294 1.087884e-07
1295 8.374813e-08
1296 5.337779e-08
1297 3.403653e-08
1298 2.026614e-08
1299 1.224111e-08
1300 0.000000e+00
1301 0.000000e+00
1302 0.000000e+00
1303 0.000000e+00
1304 0.000000e+00
1305 2.887165e-07
1306 2.924953e-07
1307 2.626566e-07
1308 2.063472e-07
1309 1.538304e-07
1310 1.184611e-07
1311 7.627719e-08
1312 4.840023e-08
1313 2.885581e-08
1314 1.742263e-08
1315 0.000000e+00
1316 0.000000e+00
1317 0.000000e+00
1318 0.000000e+00
1319 0.000000e+00
1320 3.677956e-07
1321 3.733798e-07
1322 3.362374e-07
1323 2.647909e-07
1324 1.973597e-07
1325 1.520072e-07
1326 9.840023e-08
1327 6.228264e-08
1328 3.715843e-08
1329 2.243071e-08
1330 0.000000e+00
1331 0.000000e+00
1332 0.000000e+00
1333 0.000000e+00
1334 0.000000e+00
1335 4.640735e-07
1336 4.718437e-07
1337 4.258166e-07
1338 3.359234e-07
1339 2.503437e-07
1340 1.928387e-07
1341 1.253255e-07
1342 7.917921e-08
1343 4.726207e-08
1344 2.852543e-08
1345 0.000000e+00
1346 0.000000e+00
1347 0.000000e+00
1348 0.000000e+00
1349 0.000000e+00
1350 9.801903e-08
1351 1.023621e-07
1352 9.579680e-08
1353 7.801249e-08
1354 5.810476e-08
1355 4.466554e-08
1356 3.112660e-08
1357 1.895288e-08
1358 1.146462e-08
1359 6.903542e-09
1360 0.000000e+00
1361 0.000000e+00
1362 0.000000e+00
1363 0.000000e+00
1364 0.000000e+00
1365 1.778011e-07
1366 1.868468e-07
1367 1.764641e-07
1368 1.451666e-07
1369 1.084515e-07
1370 8.303053e-08
1371 5.894679e-08
1372 3.559018e-08
1373 2.178472e-08
1374 1.307298e-08
1375 0.000000e+00
1376 0.000000e+00
1377 0.000000e+00
1378 0.000000e+00
1379 0.000000e+00
1380 2.572846e-07
1381 2.711414e-07
1382 2.571114e-07
1383 2.124874e-07
1384 1.589846e-07
1385 1.215051e-07
1386 8.692828e-08
1387 5.234156e-08
1388 3.220222e-08
1389 1.929216e-08
1390 0.000000e+00
1391 0.000000e+00
1392 0.000000e+00
1393 0.000000e+00
1394 0.000000e+00
1395 3.537692e-07
1396 3.734439e-07
1397 3.549968e-07
1398 2.941734e-07
1399 2.203038e-07
1400 1.681893e-07
1401 1.208733e-07
1402 7.266764e-08
1403 4.484025e-08
1404 2.683687e-08
1405 0.000000e+00
1406 0.000000e+00
1407 0.000000e+00
1408 0.000000e+00
1409 0.000000e+00
1410 8.584533e-08
1411 9.274016e-08
1412 9.114220e-08
1413 7.845122e-08
1414 5.965416e-08
1415 4.486443e-08
1416 3.403663e-08
1417 2.027865e-08
1418 1.301283e-08
1419 7.675172e-09
1420 4.513742e-09
1421 0.000000e+00
1422 0.000000e+00
1423 0.000000e+00
1424 0.000000e+00
1425 1.639149e-07
1426 1.779430e-07
1427 1.761367e-07
1428 1.530434e-07
1429 1.170889e-07
1430 8.779931e-08
1431 6.702509e-08
1432 4.038721e-08
1433 2.596887e-08
1434 1.525879e-08
1435 8.956636e-09
1436 0.000000e+00
1437 0.000000e+00
1438 0.000000e+00
1439 0.000000e+00
1440 2.598900e-07
1441 2.827470e-07
1442 2.807659e-07
1443 2.449714e-07
1444 1.879473e-07
1445 1.407597e-07
1446 1.077230e-07
1447 6.526303e-08
1448 4.197511e-08
1449 2.462663e-08
1450 1.444672e-08
1451 0.000000e+00
1452 0.000000e+00
1453 0.000000e+00
1454 0.000000e+00
1455 8.136558e-08
1456 9.053762e-08
1457 9.288377e-08
1458 8.463100e-08
1459 6.705822e-08
1460 4.978190e-08
1461 3.861184e-08
1462 2.515377e-08
1463 1.585388e-08
1464 9.226257e-09
1465 5.423867e-09
1466 0.000000e+00
1467 0.000000e+00
1468 0.000000e+00
1469 0.000000e+00
1470 1.758877e-07
1471 1.964571e-07
1472 2.026538e-07
1473 1.861025e-07
1474 1.485661e-07
1475 1.103231e-07
1476 8.541723e-08
1477 5.669323e-08
1478 3.531396e-08
1479 2.064059e-08
1480 1.214320e-08
1481 0.000000e+00
1482 0.000000e+00
1483 0.000000e+00
1484 0.000000e+00
1485 9.648469e-08
1486 1.104398e-07
1487 1.179618e-07
1488 1.138764e-07
1489 9.579928e-08
1490 7.197404e-08
1491 5.466137e-08
1492 4.036434e-08
1493 2.371646e-08
1494 1.469339e-08
1495 8.565378e-09
1496 4.917305e-09
1497 0.000000e+00
1498 0.000000e+00
1499 0.000000e+00
1500 4.898293e-05
1501 3.644964e-05
1502 2.629476e-05
1503 1.751597e-05
1504 1.110589e-05
1505 7.064755e-06
1506 0.000000e+00
1507 0.000000e+00
1508 0.000000e+00
1509 0.000000e+00
1510 0.000000e+00
1511 0.000000e+00
1512 0.000000e+00
1513 0.000000e+00
1514 0.000000e+00
1515 3.459071e-05
1516 2.829273e-05
1517 2.125574e-05
1518 1.624030e-05
1519 1.141564e-05
1520 7.074220e-06
1521 4.440238e-06
1522 2.750980e-06
1523 0.000000e+00
1524 0.000000e+00
1525 0.000000e+00
1526 0.000000e+00
1527 0.000000e+00
1528 0.000000e+00
1529 0.000000e+00
1530 2.454966e-05
1531 2.224391e-05
1532 1.762176e-05
1533 1.313318e-05
1534 1.012761e-05
1535 6.671153e-06
1536 4.223616e-06
1537 2.558646e-06
1538 1.576110e-06
1539 0.000000e+00
1540 0.000000e+00
1541 0.000000e+00
1542 0.000000e+00
1543 0.000000e+00
1544 0.000000e+00
1545 1.832497e-05
1546 1.780291e-05
1547 1.513682e-05
1548 1.145334e-05
1549 8.655552e-06
1550 6.476119e-06
1551 3.885879e-06
1552 2.487258e-06
1553 1.501749e-06
1554 9.160653e-07
1555 0.000000e+00
1556 0.000000e+00
1557 0.000000e+00
1558 0.000000e+00
1559 0.000000e+00
1560 1.407975e-05
1561 1.436652e-05
1562 1.301005e-05
1563 1.026407e-05
1564 7.626011e-06
1565 5.910239e-06
1566 3.828660e-06
1567 2.438427e-06
1568 1.444137e-06
1569 8.715897e-07
1570 0.000000e+00
1571 0.000000e+00
1572 0.000000e+00
1573 0.000000e+00
1574 0.000000e+00
1575 1.104356e-05
1576 1.169323e-05
1577 1.115845e-05
1578 9.268954e-06
1579 6.930665e-06
1580 5.289446e-06
1581 3.836602e-06
1582 2.281769e-06
1583 1.407623e-06
1584 8.436906e-07
1585 0.000000e+00
1586 0.000000e+00
1587 0.000000e+00
1588 0.000000e+00
1589 0.000000e+00
1590 8.676217e-06
1591 9.465618e-06
1592 9.435196e-06
1593 8.264727e-06
1594 6.345559e-06
1595 4.741657e-06
1596 3.655228e-06
1597 2.201560e-06
1598 1.430871e-06
1599 8.378050e-07
1600 4.885139e-07
1601 0.000000e+00
1602 0.000000e+00
1603 0.000000e+00
1604 0.000000e+00
1605 6.680478e-06
1606 7.482364e-06
1607 7.748575e-06
1608 7.151161e-06
1609 5.728361e-06
1610 4.248161e-06
1611 3.292481e-06
1612 2.205079e-06
1613 1.368599e-06
1614 7.966660e-07
1615 4.702467e-07
1616 0.000000e+00
1617 0.000000e+00
1618 0.000000e+00
1619 0.000000e+00
1620 4.771519e-06
1621 5.480670e-06
1622 5.882399e-06
1623 5.717907e-06
1624 4.846462e-06
1625 3.649314e-06
1626 2.761969e-06
1627 2.067482e-06
1628 1.204977e-06
1629 7.554737e-07
1630 4.392373e-07
1631 2.509597e-07
1632 0.000000e+00
1633 0.000000e+00
1634 0.000000e+00
1635 3.067657e-06
1636 3.620332e-06
1637 4.033453e-06
1638 4.140686e-06
1639 3.772695e-06
1640 2.987635e-06
1641 2.218221e-06
1642 1.723059e-06
1643 1.114053e-06
1644 7.014709e-07
1645 4.018529e-07
1646 2.285755e-07
1647 0.000000e+00
1648 0.000000e+00
1649 0.000000e+00
1650 0.000000e+00
1651 0.000000e+00
1652 0.000000e+00
1653 0.000000e+00
1654 0.000000e+00
1655 0.000000e+00
1656 0.000000e+00
1657 0.000000e+00
1658 0.000000e+00
1659 0.000000e+00
1660 0.000000e+00
1661 0.000000e+00
1662 0.000000e+00
1663 0.000000e+00
1664 0.000000e+00
1665 1.196472e-06
1666 9.855386e-07
1667 7.472386e-07
1668 5.655769e-07
1669 3.995215e-07
1670 2.503244e-07
1671 1.576917e-07
1672 9.745496e-08
1673 0.000000e+00
1674 0.000000e+00
1675 0.000000e+00
1676 0.000000e+00
1677 0.000000e+00
1678 0.000000e+00
1679 0.000000e+00
1680 1.019795e-06
1681 9.239916e-07
1682 7.358754e-07
1683 5.511774e-07
1684 4.208030e-07
1685 2.811726e-07
1686 1.761589e-07
1687 1.080115e-07
1688 6.643974e-08
1689 0.000000e+00
1690 0.000000e+00
1691 0.000000e+00
1692 0.000000e+00
1693 0.000000e+00
1694 0.000000e+00
1695 8.663911e-07
1696 8.406555e-07
1697 7.157155e-07
1698 5.440981e-07
1699 4.111803e-07
1700 3.052119e-07
1701 1.866772e-07
1702 1.186382e-07
1703 7.153485e-08
1704 4.371321e-08
1705 0.000000e+00
1706 0.000000e+00
1707 0.000000e+00
1708 0.000000e+00
1709 0.000000e+00
1710 7.379322e-07
1711 7.521134e-07
1712 6.808035e-07
1713 5.384654e-07
1714 4.012169e-07
1715 3.091231e-07
1716 2.020132e-07
1717 1.272988e-07
1718 7.603508e-08
1719 4.588401e-08
1720 0.000000e+00
1721 0.000000e+00
1722 0.000000e+00
1723 0.000000e+00
1724 0.000000e+00
1725 6.283582e-07
1726 6.646871e-07
1727 6.336867e-07
1728 5.267749e-07
1729 3.949214e-07
1730 3.011357e-07
1731 2.175393e-07
1732 1.305488e-07
1733 8.082887e-08
1734 4.832169e-08
1735 0.000000e+00
1736 0.000000e+00
1737 0.000000e+00
1738 0.000000e+00
1739 0.000000e+00
1740 5.329658e-07
1741 5.810190e-07
1742 5.785661e-07
1743 5.066231e-07
1744 3.896114e-07
1745 2.915015e-07
1746 2.235358e-07
1747 1.360501e-07
1748 8.752039e-08
1749 5.128348e-08
1750 3.006951e-08
1751 0.000000e+00
1752 0.000000e+00
1753 0.000000e+00
1754 0.000000e+00
1755 4.458461e-07
1756 4.990669e-07
1757 5.163301e-07
1758 4.761195e-07
1759 3.815900e-07
1760 2.834348e-07
1761 2.192207e-07
1762 1.469080e-07
1763 9.095177e-08
1764 5.329435e-08
1765 3.136399e-08
1766 0.000000e+00
1767 0.000000e+00
1768 0.000000e+00
1769 0.000000e+00
1770 3.626138e-07
1771 4.163354e-07
1772 4.465392e-07
1773 4.336648e-07
1774 3.674944e-07
1775 2.770545e-07
1776 2.097550e-07
1777 1.563777e-07
1778 9.188372e-08
1779 5.749510e-08
1780 3.341978e-08
1781 1.908799e-08
1782 0.000000e+00
1783 0.000000e+00
1784 0.000000e+00
1785 3.105874e-07
1786 3.672250e-07
1787 4.101192e-07
1788 4.225118e-07
1789 3.871728e-07
1790 3.088371e-07
1791 2.298256e-07
1792 1.777488e-07
1793 1.170062e-07
1794 7.268015e-08
1795 4.212156e-08
1796 2.395787e-08
1797 0.000000e+00
1798 0.000000e+00
1799 0.000000e+00
1800 5.797667e-09
1801 4.073983e-09
1802 2.747745e-09
1803 1.787497e-09
1804 1.161999e-09
1805 7.666456e-10
1806 5.171044e-10
1807 3.550755e-10
1808 2.443679e-10
1809 1.651907e-10
1810 1.076155e-10
1811 6.662006e-11
1812 3.885627e-11
1813 2.132027e-11
1814 1.111358e-11
1815 1.455683e-08
1816 1.064836e-08
1817 7.515324e-09
1818 5.062826e-09
1819 3.261081e-09
1820 2.102326e-09
1821 1.371215e-09
1822 9.165329e-10
1823 6.259013e-10
1824 4.303284e-10
1825 2.914221e-10
1826 1.906493e-10
1827 1.186658e-10
1828 6.956814e-11
1829 3.834115e-11
1830 2.271506e-08
1831 1.712156e-08
1832 1.235302e-08
1833 8.600399e-09
1834 5.670062e-09
1835 3.616411e-09
1836 2.328979e-09
1837 1.520272e-09
1838 1.018176e-09
1839 6.945744e-10
1840 4.741334e-10
1841 3.170739e-10
1842 2.039554e-10
1843 1.245390e-10
1844 7.157245e-11
1845 3.082646e-08
1846 2.392615e-08
1847 1.757692e-08
1848 1.246102e-08
1849 8.448961e-09
1850 5.412261e-09
1851 3.458721e-09
1852 2.221927e-09
1853 1.462124e-09
1854 9.847815e-10
1855 6.703536e-10
1856 4.522304e-10
1857 2.964817e-10
1858 1.858231e-10
1859 1.101831e-10
1860 3.915463e-08
1861 3.125892e-08
1862 2.341574e-08
1863 1.681852e-08
1864 1.164556e-08
1865 7.600173e-09
1866 4.813061e-09
1867 3.073058e-09
1868 1.990061e-09
1869 1.320282e-09
1870 8.915896e-10
1871 6.025011e-10
1872 3.992542e-10
1873 2.550083e-10
1874 1.548592e-10
1875 4.788561e-08
1876 3.926773e-08
1877 3.005347e-08
1878 2.186110e-08
1879 1.536140e-08
1880 1.025368e-08
1881 6.486757e-09
1882 4.126763e-09
1883 2.633085e-09
1884 1.721500e-09
1885 1.150069e-09
1886 7.745350e-10
1887 5.160692e-10
1888 3.339426e-10
1889 2.066904e-10
1890 5.728413e-08
1891 4.819998e-08
1892 3.774362e-08
1893 2.786314e-08
1894 1.980649e-08
1895 1.349415e-08
1896 8.630125e-09
1897 5.450711e-09
1898 3.445688e-09
1899 2.221377e-09
1900 1.464266e-09
1901 9.792439e-10
1902 6.528932e-10
1903 4.260927e-10
1904 2.678133e-10
1905 6.794029e-08
1906 5.864930e-08
1907 4.708407e-08
1908 3.540368e-08
1909 2.545397e-08
1910 1.764035e-08
1911 1.151116e-08
1912 7.220565e-09
1913 4.551338e-09
1914 2.889830e-09
1915 1.874338e-09
1916 1.239503e-09
1917 8.232876e-10
1918 5.398475e-10
1919 3.432726e-10
1920 8.108045e-08
1921 7.194500e-08
1922 5.943577e-08
1923 4.577010e-08
1924 3.339956e-08
1925 2.349706e-08
1926 1.572244e-08
1927 9.903642e-09
1928 6.216344e-09
1929 3.887825e-09
1930 2.478450e-09
1931 1.611858e-09
1932 1.060441e-09
1933 6.946745e-10
1934 4.454255e-10
1935 1.024711e-07
1936 9.436131e-08
1937 8.124121e-08
1938 6.509714e-08
1939 4.889703e-08
1940 3.509173e-08
1941 2.420567e-08
1942 1.571590e-08
1943 9.786860e-09
1944 6.073462e-09
1945 3.774584e-09
1946 2.384308e-09
1947 1.531371e-09
1948 9.900313e-10
1949 6.347261e-10
1950 2.107083e-07
1951 2.158240e-07
1952 2.101578e-07
1953 1.926632e-07
1954 1.648892e-07
1955 1.311729e-07
1956 9.773080e-08
1957 6.955871e-08
1958 4.748942e-08
1959 3.015448e-08
1960 1.821856e-08
1961 1.081903e-08
1962 6.334995e-09
1963 3.699012e-09
1964 2.172965e-09
