0 2.324730e-09
1 1.574515e-09
2 1.034551e-09
3 6.777500e-10
4 4.508425e-10
5 3.059841e-10
6 2.110161e-10
7 1.456769e-10
8 9.883791e-11
9 6.480354e-11
10 4.054769e-11
11 2.405132e-11
12 1.352342e-11
13 7.238013e-12
14 3.720127e-12
15 3.731449e-09
16 2.578297e-09
17 1.713533e-09
18 1.115077e-09
19 7.323853e-10
20 4.895973e-10
21 3.343881e-10
22 2.309770e-10
23 1.586047e-10
24 1.062695e-10
25 6.836904e-11
26 4.181361e-11
27 2.421018e-11
28 1.329607e-11
29 6.973710e-12
30 4.241847e-09
31 2.947890e-09
32 1.968907e-09
33 1.281313e-09
34 8.386418e-10
35 5.582692e-10
36 3.798783e-10
37 2.621057e-10
38 1.803194e-10
39 1.213859e-10
40 7.866042e-11
41 4.852785e-11
42 2.834364e-11
43 1.569024e-11
44 8.283096e-12
45 4.537178e-09
46 3.161863e-09
47 2.117027e-09
48 1.377544e-09
49 9.002648e-10
50 5.980268e-10
51 4.061602e-10
52 2.800566e-10
53 1.928777e-10
54 1.301388e-10
55 8.462125e-11
56 5.241435e-11
57 3.073050e-11
58 1.707791e-11
59 9.040862e-12
60 4.742558e-09
61 3.310549e-09
62 2.219802e-09
63 1.444468e-09
64 9.430610e-10
65 6.256896e-10
66 4.245143e-10
67 2.926256e-10
68 2.016369e-10
69 1.362604e-10
70 8.878426e-11
71 5.511978e-11
72 3.240235e-11
73 1.804281e-11
74 9.570114e-12
75 4.902291e-09
76 3.425827e-09
77 2.299699e-09
78 1.496345e-09
79 9.762084e-10
80 6.471321e-10
81 4.387124e-10
82 3.022843e-10
83 2.083837e-10
84 1.409682e-10
85 9.200438e-11
86 5.720995e-11
87 3.369281e-11
88 1.878793e-11
89 9.977249e-12
90 5.033398e-09
91 3.520914e-09
92 2.365508e-09
93 1.539213e-09
94 1.003580e-09
95 6.648257e-10
96 4.504128e-10
97 3.103133e-10
98 2.139435e-10
99 1.448799e-10
100 9.465168e-11
101 5.893713e-11
102 3.475322e-11
103 1.940357e-11
104 1.031405e-11
105 5.150673e-09
106 3.606475e-09
107 2.424480e-09
108 1.577341e-09
109 1.028097e-09
110 6.806176e-10
111 4.608688e-10
112 3.174974e-10
113 2.190013e-10
114 1.483682e-10
115 9.701144e-11
116 6.048712e-11
117 3.570361e-11
118 1.995332e-11
119 1.061541e-11
120 5.263545e-09
121 3.687698e-09
122 2.480538e-09
123 1.614587e-09
124 1.051791e-09
125 6.960570e-10
126 4.710454e-10
127 3.242572e-10
128 2.237436e-10
129 1.516786e-10
130 9.929238e-11
131 6.195626e-11
132 3.661062e-11
133 2.047860e-11
134 1.090175e-11
135 5.402334e-09
136 3.787623e-09
137 2.550394e-09
138 1.659690e-09
139 1.080640e-09
140 7.145626e-10
141 4.833533e-10
142 3.327870e-10
143 2.297063e-10
144 1.558800e-10
145 1.021398e-10
146 6.381153e-11
147 3.775448e-11
148 2.114410e-11
149 1.126514e-11
150 7.233863e-09
151 5.146579e-09
152 3.522800e-09
153 2.308634e-09
154 1.493501e-09
155 9.782070e-10
156 6.540486e-10
157 4.468148e-10
158 3.083604e-10
159 2.109848e-10
160 1.404294e-10
161 8.954600e-11
162 5.418675e-11
163 3.101652e-11
164 1.684347e-11
165 8.985736e-09
166 6.458646e-09
167 4.473880e-09
168 2.962439e-09
169 1.911087e-09
170 1.244580e-09
171 8.239263e-10
172 5.588383e-10
173 3.846920e-10
174 2.641691e-10
175 1.774660e-10
176 1.147238e-10
177 7.055115e-11
178 4.106571e-11
179 2.264448e-11
180 1.003963e-08
181 7.250962e-09
182 5.049638e-09
183 3.359993e-09
184 2.166335e-09
185 1.407091e-09
186 9.276663e-10
187 6.269811e-10
188 4.308990e-10
189 2.962538e-10
190 1.998341e-10
191 1.299617e-10
192 8.050665e-11
193 4.721132e-11
194 2.621286e-11
195 1.077807e-08
196 7.806690e-09
197 5.452813e-09
198 3.639157e-09
199 2.345736e-09
200 1.521038e-09
201 1.000390e-09
202 6.746397e-10
203 4.631912e-10
204 3.187547e-10
205 2.155007e-10
206 1.406315e-10
207 8.747111e-11
208 5.151100e-11
209 2.871010e-11
210 1.134622e-08
211 8.234192e-09
212 5.762833e-09
213 3.853431e-09
214 2.483989e-09
215 1.608974e-09
216 1.056688e-09
217 7.114670e-10
218 4.882259e-10
219 3.361441e-10
220 2.276076e-10
221 1.488761e-10
222 9.285493e-11
223 5.483393e-11
224 3.064032e-11
225 1.181663e-08
226 8.587453e-09
227 6.019867e-09
228 4.031082e-09
229 2.597403e-09
230 1.681226e-09
231 1.102816e-09
232 7.416466e-10
233 5.087752e-10
234 3.504215e-10
235 2.375601e-10
236 1.556658e-10
237 9.728461e-11
238 5.756613e-11
239 3.222612e-11
240 1.223939e-08
241 8.904661e-09
242 6.250652e-09
243 4.190304e-09
244 2.700246e-09
245 1.746575e-09
246 1.144477e-09
247 7.690171e-10
248 5.272690e-10
249 3.632801e-10
250 2.465254e-10
251 1.617495e-10
252 1.012578e-10
253 6.002208e-11
254 3.365223e-11
255 1.264464e-08
256 9.210250e-09
257 6.471554e-09
258 4.344603e-09
259 2.798685e-09
260 1.809603e-09
261 1.184313e-09
262 7.952258e-10
263 5.451239e-10
264 3.756649e-10
265 2.551650e-10
266 1.676516e-10
267 1.050936e-10
268 6.238810e-11
269 3.502497e-11
270 1.314089e-08
271 9.584088e-09
272 6.744184e-09
273 4.530917e-09
274 2.918575e-09
275 1.885752e-09
276 1.233749e-09
277 8.276162e-10
278 5.669453e-10
279 3.908286e-10
280 2.657130e-10
281 1.748362e-10
282 1.097982e-10
283 6.529132e-11
284 3.671042e-11
285 1.196789e-08
286 8.740705e-09
287 6.151134e-09
288 4.152470e-09
289 2.687685e-09
290 1.736357e-09
291 1.135706e-09
292 7.600479e-10
293 5.190503e-10
294 3.567080e-10
295 2.420307e-10
296 1.592030e-10
297 1.001383e-10
298 5.974865e-11
299 3.374831e-11
300 1.397163e-08
301 1.029954e-08
302 7.303684e-09
303 4.978830e-09
304 3.239875e-09
305 2.084056e-09
306 1.356562e-09
307 9.013313e-10
308 6.121535e-10
309 4.202317e-10
310 2.861735e-10
311 1.896974e-10
312 1.206041e-10
313 7.285281e-11
314 4.166711e-11
315 1.540179e-08
316 1.141510e-08
317 8.129448e-09
318 5.572097e-09
319 3.637711e-09
320 2.334793e-09
321 1.515687e-09
322 1.002847e-09
323 6.791775e-10
324 4.657882e-10
325 3.177758e-10
326 2.115254e-10
327 1.352658e-10
328 8.225812e-11
329 4.736553e-11
330 1.650319e-08
331 1.227543e-08
332 8.766308e-09
333 6.028494e-09
334 3.944822e-09
335 2.528742e-09
336 1.638632e-09
337 1.081335e-09
338 7.307882e-10
339 5.010209e-10
340 3.422038e-10
341 2.283997e-10
342 1.466005e-10
343 8.952859e-11
344 5.177083e-11
345 1.741737e-08
346 1.298821e-08
347 9.294163e-09
348 6.406352e-09
349 4.197534e-09
350 2.689030e-09
351 1.740361e-09
352 1.146145e-09
353 7.735035e-10
354 5.300729e-10
355 3.623755e-10
356 2.423300e-10
357 1.559582e-10
358 9.553178e-11
359 5.540701e-11
360 1.823355e-08
361 1.362289e-08
362 9.764639e-09
363 6.743454e-09
364 4.424475e-09
365 2.831664e-09
366 1.830990e-09
367 1.203747e-09
368 8.114677e-10
369 5.559450e-10
370 3.803162e-10
371 2.547525e-10
372 1.643053e-10
373 1.008814e-10
374 5.864728e-11
375 1.901966e-08
376 1.423889e-08
377 1.021900e-08
378 7.070157e-09
379 4.643002e-09
380 2.970048e-09
381 1.918691e-09
382 1.259870e-09
383 8.484575e-10
384 5.811286e-10
385 3.977993e-10
386 2.668080e-10
387 1.724027e-10
388 1.060802e-10
389 6.179711e-11
390 1.997873e-08
391 1.498705e-08
392 1.077382e-08
393 7.467521e-09
394 4.910398e-09
395 3.138040e-09
396 2.025713e-09
397 1.328054e-09
398 8.933914e-10
399 6.116947e-10
400 4.190533e-10
401 2.814900e-10
402 1.822652e-10
403 1.123918e-10
404 6.561924e-11
405 1.694559e-08
406 1.267450e-08
407 9.082562e-09
408 6.271276e-09
409 4.130315e-09
410 2.647260e-09
411 1.714169e-09
412 1.126599e-09
413 7.582425e-10
414 5.183684e-10
415 3.538325e-10
416 2.365718e-10
417 1.524491e-10
418 9.363807e-11
419 5.452185e-11
420 1.919859e-08
421 1.449958e-08
422 1.045894e-08
423 7.275699e-09
424 4.830372e-09
425 3.094505e-09
426 1.996466e-09
427 1.304149e-09
428 8.729157e-10
429 5.946913e-10
430 4.061578e-10
431 2.727569e-10
432 1.770928e-10
433 1.098241e-10
434 6.462427e-11
435 2.095534e-08
436 1.592133e-08
437 1.153273e-08
438 8.059028e-09
439 5.377395e-09
440 3.445221e-09
441 2.217472e-09
442 1.443042e-09
443 9.623607e-10
444 6.543216e-10
445 4.470109e-10
446 3.010025e-10
447 1.963337e-10
448 1.224692e-10
449 7.252440e-11
450 2.240134e-08
451 1.710099e-08
452 1.242136e-08
453 8.704721e-09
454 5.829085e-09
455 3.734863e-09
456 2.400754e-09
457 1.558040e-09
458 1.036521e-09
459 7.036309e-10
460 4.807697e-10
461 3.243417e-10
462 2.122327e-10
463 1.329187e-10
464 7.905446e-11
465 2.369997e-08
466 1.814804e-08
467 1.321564e-08
468 9.282596e-09
469 6.232262e-09
470 3.992783e-09
471 2.563323e-09
472 1.660254e-09
473 1.102325e-09
474 7.475498e-10
475 5.108262e-10
476 3.451568e-10
477 2.264162e-10
478 1.422416e-10
479 8.487745e-11
480 2.495397e-08
481 1.916633e-08
482 1.398291e-08
483 9.843176e-09
484 6.622436e-09
485 4.243434e-09
486 2.721424e-09
487 1.759649e-09
488 1.166299e-09
489 7.900517e-10
490 5.399875e-10
491 3.652934e-10
492 2.401333e-10
493 1.512555e-10
494 9.050760e-11
495 2.647734e-08
496 2.040167e-08
497 1.491701e-08
498 1.052265e-08
499 7.097612e-09
500 4.547289e-09
501 2.913144e-09
502 1.880061e-09
503 1.244009e-09
504 8.418800e-10
505 5.755106e-10
506 3.898530e-10
507 2.568631e-10
508 1.622514e-10
509 9.737774e-11
510 2.232432e-08
511 1.710285e-08
512 1.245526e-08
513 8.742901e-09
514 5.875269e-09
515 3.778064e-09
516 2.425010e-09
517 1.572364e-09
518 1.043500e-09
519 7.065279e-10
520 4.819141e-10
521 3.249720e-10
522 2.128640e-10
523 1.336379e-10
524 7.976701e-11
525 2.485682e-08
526 1.923332e-08
527 1.410665e-08
528 9.958546e-09
529 6.744009e-09
530 4.353239e-09
531 2.784371e-09
532 1.798537e-09
533 1.186397e-09
534 7.996819e-10
535 5.446658e-10
536 3.680793e-10
537 2.423836e-10
538 1.533415e-10
539 9.236569e-11
540 2.695920e-08
541 2.100129e-08
542 1.547377e-08
543 1.096720e-08
544 7.465294e-09
545 4.830920e-09
546 3.083380e-09
547 1.986167e-09
548 1.305277e-09
549 8.770032e-10
550 5.967236e-10
551 4.038334e-10
552 2.668702e-10
553 1.696909e-10
554 1.028217e-10
555 2.883255e-08
556 2.257742e-08
557 1.669853e-08
558 1.186706e-08
559 8.107879e-09
560 5.256645e-09
561 3.349597e-09
562 2.153623e-09
563 1.410840e-09
564 9.458893e-10
565 6.431346e-10
566 4.357161e-10
567 2.887099e-10
568 1.842720e-10
569 1.121462e-10
570 3.064763e-08
571 2.410756e-08
572 1.787909e-08
573 1.273914e-08
574 8.731303e-09
575 5.669747e-09
576 3.607561e-09
577 2.315877e-09
578 1.513325e-09
579 1.012658e-09
580 6.880936e-10
581 4.666060e-10
582 3.098670e-10
583 1.983973e-10
584 1.211788e-10
585 3.285643e-08
586 2.596070e-08
587 1.931745e-08
588 1.379719e-08
589 9.488168e-09
590 6.171052e-09
591 3.921018e-09
592 2.512887e-09
593 1.638026e-09
594 1.093829e-09
595 7.427638e-10
596 5.041571e-10
597 3.355660e-10
598 2.155551e-10
599 1.321591e-10
600 2.823367e-08
601 2.215487e-08
602 1.641704e-08
603 1.167780e-08
604 7.988197e-09
605 5.200194e-09
606 3.313711e-09
607 2.131690e-09
608 1.394193e-09
609 9.330465e-10
610 6.331588e-10
611 4.283674e-10
612 2.836910e-10
613 1.811560e-10
614 1.104184e-10
615 3.111961e-08
616 2.466774e-08
617 1.842311e-08
618 1.317527e-08
619 9.072796e-09
620 5.943420e-09
621 3.780633e-09
622 2.425494e-09
623 1.577194e-09
624 1.049805e-09
625 7.102960e-10
626 4.807196e-10
627 3.195022e-10
628 2.052882e-10
629 1.261262e-10
630 3.369924e-08
631 2.691471e-08
632 2.021336e-08
633 1.451087e-08
634 1.003971e-08
635 6.606361e-09
636 4.197334e-09
637 2.687783e-09
638 1.740034e-09
639 1.153888e-09
640 7.791236e-10
641 5.274378e-10
642 3.514652e-10
643 2.268270e-10
644 1.401463e-10
645 3.619206e-08
646 2.908867e-08
647 2.194181e-08
648 1.580371e-08
649 1.097615e-08
650 7.248043e-09
651 4.600489e-09
652 2.940842e-09
653 1.897617e-09
654 1.254602e-09
655 8.456304e-10
656 5.725980e-10
657 3.823617e-10
658 2.476472e-10
659 1.536969e-10
660 3.923842e-08
661 3.173994e-08
662 2.405332e-08
663 1.737825e-08
664 1.211689e-08
665 8.029600e-09
666 5.090999e-09
667 3.249680e-09
668 2.089711e-09
669 1.377390e-09
670 9.267689e-10
671 6.276301e-10
672 4.200121e-10
673 2.730209e-10
674 1.702140e-10
675 3.488744e-08
676 2.804267e-08
677 2.118287e-08
678 1.526466e-08
679 1.059812e-08
680 7.013964e-09
681 4.463635e-09
682 2.853077e-09
683 1.841135e-09
684 1.216167e-09
685 8.184270e-10
686 5.531895e-10
687 3.688491e-10
688 2.386784e-10
689 1.481128e-10
690 3.833470e-08
691 3.114480e-08
692 2.372948e-08
693 1.720293e-08
694 1.201475e-08
695 8.011023e-09
696 5.105429e-09
697 3.253281e-09
698 2.088439e-09
699 1.371698e-09
700 9.191141e-10
701 6.204223e-10
702 4.145225e-10
703 2.695646e-10
704 1.684762e-10
705 4.166946e-08
706 3.414549e-08
707 2.619569e-08
708 1.908010e-08
709 1.338708e-08
710 8.976983e-09
711 5.726152e-09
712 3.640495e-09
713 2.327825e-09
714 1.522279e-09
715 1.016485e-09
716 6.854608e-10
717 4.587066e-10
718 2.994458e-10
719 1.881769e-10
720 4.573333e-08
721 3.780593e-08
722 2.920168e-08
723 2.136434e-08
724 1.505655e-08
725 1.015199e-08
726 6.482211e-09
727 4.111827e-09
728 2.619568e-09
729 1.705535e-09
730 1.135116e-09
731 7.646406e-10
732 5.125016e-10
733 3.358301e-10
734 2.121675e-10
735 4.280413e-08
736 3.528120e-08
737 2.722661e-08
738 1.991761e-08
739 1.401614e-08
740 9.443963e-09
741 6.053493e-09
742 3.839921e-09
743 2.452351e-09
744 1.597207e-09
745 1.062255e-09
746 7.144061e-10
747 4.777294e-10
748 3.122723e-10
749 1.968544e-10
750 4.722977e-08
751 3.939652e-08
752 3.072714e-08
753 2.264663e-08
754 1.603196e-08
755 1.088889e-08
756 7.015426e-09
757 4.436051e-09
758 2.822643e-09
759 1.825968e-09
760 1.206960e-09
761 8.090140e-10
762 5.411498e-10
763 3.550509e-10
764 2.252819e-10
765 5.261736e-08
766 4.440814e-08
767 3.498255e-08
768 2.596295e-08
769 1.848143e-08
770 1.264459e-08
771 8.185205e-09
772 5.160664e-09
773 3.273135e-09
774 2.104103e-09
775 1.382902e-09
776 9.240217e-10
777 6.182476e-10
778 4.070622e-10
779 2.598470e-10
780 5.307173e-08
781 4.499240e-08
782 3.563930e-08
783 2.658272e-08
784 1.897699e-08
785 1.302487e-08
786 8.484041e-09
787 5.352393e-09
788 3.393217e-09
789 2.173285e-09
790 1.422692e-09
791 9.470248e-10
792 6.321078e-10
793 4.159365e-10
794 2.658486e-10
795 6.035221e-08
796 5.199233e-08
797 4.181814e-08
798 3.156431e-08
799 2.272141e-08
800 1.574413e-08
801 1.036455e-08
802 6.534074e-09
803 4.126997e-09
804 2.619676e-09
805 1.699157e-09
806 1.123021e-09
807 7.475199e-10
808 4.929162e-10
809 3.170594e-10
810 7.091330e-08
811 6.254975e-08
812 5.156086e-08
813 3.976527e-08
814 2.906111e-08
815 2.040879e-08
816 1.369115e-08
817 8.711302e-09
818 5.465146e-09
819 3.434452e-09
820 2.192716e-09
821 1.427309e-09
822 9.407383e-10
823 6.188265e-10
824 4.000393e-10
825 5.961777e-07
826 4.525491e-07
827 3.422400e-07
828 2.410305e-07
829 1.518202e-07
830 9.640367e-08
831 6.024955e-08
832 0.000000e+00
833 0.000000e+00
834 0.000000e+00
835 0.000000e+00
836 0.000000e+00
837 0.000000e+00
838 0.000000e+00
839 0.000000e+00
840 7.357134e-07
841 5.594434e-07
842 4.229950e-07
843 2.999134e-07
844 1.891326e-07
845 1.202065e-07
846 7.500874e-08
847 0.000000e+00
848 0.000000e+00
849 0.000000e+00
850 0.000000e+00
851 0.000000e+00
852 0.000000e+00
853 0.000000e+00
854 0.000000e+00
855 8.332572e-07
856 6.341548e-07
857 4.794411e-07
858 3.410788e-07
859 2.152184e-07
860 1.368460e-07
861 8.532751e-08
862 0.000000e+00
863 0.000000e+00
864 0.000000e+00
865 0.000000e+00
866 0.000000e+00
867 0.000000e+00
868 0.000000e+00
869 0.000000e+00
870 9.086091e-07
871 6.918743e-07
872 5.230461e-07
873 3.728761e-07
874 2.353710e-07
875 1.497007e-07
876 9.329847e-08
877 0.000000e+00
878 0.000000e+00
879 0.000000e+00
880 0.000000e+00
881 0.000000e+00
882 0.000000e+00
883 0.000000e+00
884 0.000000e+00
885 9.709282e-07
886 7.396235e-07
887 5.591204e-07
888 3.991802e-07
889 2.520399e-07
890 1.603322e-07
891 9.989298e-08
892 0.000000e+00
893 0.000000e+00
894 0.000000e+00
895 0.000000e+00
896 0.000000e+00
897 0.000000e+00
898 0.000000e+00
899 0.000000e+00
900 1.026503e-06
901 7.821958e-07
902 5.912823e-07
903 4.226318e-07
904 2.669015e-07
905 1.698134e-07
906 1.057730e-07
907 0.000000e+00
908 0.000000e+00
909 0.000000e+00
910 0.000000e+00
911 0.000000e+00
912 0.000000e+00
913 0.000000e+00
914 0.000000e+00
915 1.080406e-06
916 8.234848e-07
917 6.224766e-07
918 4.453801e-07
919 2.813147e-07
920 1.790076e-07
921 1.114752e-07
922 0.000000e+00
923 0.000000e+00
924 0.000000e+00
925 0.000000e+00
926 0.000000e+00
927 0.000000e+00
928 0.000000e+00
929 0.000000e+00
930 1.146026e-06
931 8.737511e-07
932 6.604476e-07
933 4.730752e-07
934 2.988631e-07
935 1.902047e-07
936 1.184172e-07
937 0.000000e+00
938 0.000000e+00
939 0.000000e+00
940 0.000000e+00
941 0.000000e+00
942 0.000000e+00
943 0.000000e+00
944 0.000000e+00
945 2.677971e-07
946 2.179738e-07
947 1.631206e-07
948 1.251470e-07
949 8.742830e-08
950 5.411360e-08
951 3.376825e-08
952 2.098236e-08
953 0.000000e+00
954 0.000000e+00
955 0.000000e+00
956 0.000000e+00
957 0.000000e+00
958 0.000000e+00
959 0.000000e+00
960 4.383765e-07
961 3.599145e-07
962 2.699737e-07
963 2.065529e-07
964 1.464300e-07
965 9.018607e-08
966 5.666416e-08
967 3.510300e-08
968 0.000000e+00
969 0.000000e+00
970 0.000000e+00
971 0.000000e+00
972 0.000000e+00
973 0.000000e+00
974 0.000000e+00
975 5.618505e-07
976 4.629369e-07
977 3.476258e-07
978 2.656554e-07
979 1.893940e-07
980 1.164830e-07
981 7.337795e-08
982 4.539780e-08
983 0.000000e+00
984 0.000000e+00
985 0.000000e+00
986 0.000000e+00
987 0.000000e+00
988 0.000000e+00
989 0.000000e+00
990 6.570564e-07
991 5.423600e-07
992 4.074918e-07
993 3.112283e-07
994 2.225165e-07
995 1.367577e-07
996 8.626214e-08
997 5.333424e-08
998 0.000000e+00
999 0.000000e+00
1000 0.000000e+00
1001 0.000000e+00
1002 0.000000e+00
1003 0.000000e+00
1004 0.000000e+00
1005 7.357919e-07
1006 6.080540e-07
1007 4.570054e-07
1008 3.489197e-07
1009 2.499073e-07
1010 1.535242e-07
1011 9.691675e-08
1012 5.989866e-08
1013 0.000000e+00
1014 0.000000e+00
1015 0.000000e+00
1016 0.000000e+00
1017 0.000000e+00
1018 0.000000e+00
1019 0.000000e+00
1020 8.059953e-07
1021 6.666292e-07
1022 5.011626e-07
1023 3.825263e-07
1024 2.743318e-07
1025 1.684763e-07
1026 1.064182e-07
1027 6.575076e-08
1028 0.000000e+00
1029 0.000000e+00
1030 0.000000e+00
1031 0.000000e+00
1032 0.000000e+00
1033 0.000000e+00
1034 0.000000e+00
1035 8.740859e-07
1036 7.234356e-07
1037 5.439805e-07
1038 4.151196e-07
1039 2.980180e-07
1040 1.829766e-07
1041 1.156324e-07
1042 7.142682e-08
1043 0.000000e+00
1044 0.000000e+00
1045 0.000000e+00
1046 0.000000e+00
1047 0.000000e+00
1048 0.000000e+00
1049 0.000000e+00
1050 9.570134e-07
1051 7.926072e-07
1052 5.961200e-07
1053 4.548066e-07
1054 3.268620e-07
1055 2.006329e-07
1056 1.268519e-07
1057 7.833849e-08
1058 0.000000e+00
1059 0.000000e+00
1060 0.000000e+00
1061 0.000000e+00
1062 0.000000e+00
1063 0.000000e+00
1064 0.000000e+00
1065 2.305270e-07
1066 2.040313e-07
1067 1.584349e-07
1068 1.183044e-07
1069 9.116915e-08
1070 5.734886e-08
1071 3.716428e-08
1072 2.241994e-08
1073 1.382749e-08
1074 0.000000e+00
1075 0.000000e+00
1076 0.000000e+00
1077 0.000000e+00
1078 0.000000e+00
1079 0.000000e+00
1080 3.631376e-07
1081 3.233751e-07
1082 2.523213e-07
1083 1.882265e-07
1084 1.452153e-07
1085 9.236130e-08
1086 5.956125e-08
1087 3.592171e-08
1088 2.215091e-08
1089 0.000000e+00
1090 0.000000e+00
1091 0.000000e+00
1092 0.000000e+00
1093 0.000000e+00
1094 0.000000e+00
1095 4.667329e-07
1096 4.166987e-07
1097 3.258101e-07
1098 2.429641e-07
1099 1.875070e-07
1100 1.198257e-07
1101 7.710438e-08
1102 4.650496e-08
1103 2.867389e-08
1104 0.000000e+00
1105 0.000000e+00
1106 0.000000e+00
1107 0.000000e+00
1108 0.000000e+00
1109 0.000000e+00
1110 5.522388e-07
1111 4.937175e-07
1112 3.864595e-07
1113 2.881381e-07
1114 2.224126e-07
1115 1.424890e-07
1116 9.158215e-08
1117 5.523871e-08
1118 3.405713e-08
1119 0.000000e+00
1120 0.000000e+00
1121 0.000000e+00
1122 0.000000e+00
1123 0.000000e+00
1124 0.000000e+00
1125 6.284896e-07
1126 5.623953e-07
1127 4.405389e-07
1128 3.284181e-07
1129 2.535363e-07
1130 1.626957e-07
1131 1.044912e-07
1132 6.302612e-08
1133 3.885706e-08
1134 0.000000e+00
1135 0.000000e+00
1136 0.000000e+00
1137 0.000000e+00
1138 0.000000e+00
1139 0.000000e+00
1140 7.024436e-07
1141 6.290047e-07
1142 4.929896e-07
1143 3.674849e-07
1144 2.837226e-07
1145 1.822932e-07
1146 1.170104e-07
1147 7.057899e-08
1148 4.351244e-08
1149 0.000000e+00
1150 0.000000e+00
1151 0.000000e+00
1152 0.000000e+00
1153 0.000000e+00
1154 0.000000e+00
1155 7.924802e-07
1156 7.101099e-07
1157 5.568549e-07
1158 4.150537e-07
1159 3.204782e-07
1160 2.061584e-07
1161 1.322544e-07
1162 7.977604e-08
1163 4.918073e-08
1164 0.000000e+00
1165 0.000000e+00
1166 0.000000e+00
1167 0.000000e+00
1168 0.000000e+00
1169 0.000000e+00
1170 2.147101e-07
1171 2.019420e-07
1172 1.654047e-07
1173 1.233466e-07
1174 9.466061e-08
1175 6.700737e-08
1176 4.074410e-08
1177 2.509615e-08
1178 1.539899e-08
1179 0.000000e+00
1180 0.000000e+00
1181 0.000000e+00
1182 0.000000e+00
1183 0.000000e+00
1184 0.000000e+00
1185 3.224717e-07
1186 3.044502e-07
1187 2.504330e-07
1188 1.869860e-07
1189 1.432472e-07
1190 1.021712e-07
1191 6.189418e-08
1192 3.831277e-08
1193 2.346988e-08
1194 0.000000e+00
1195 0.000000e+00
1196 0.000000e+00
1197 0.000000e+00
1198 0.000000e+00
1199 0.000000e+00
1200 4.113415e-07
1201 3.890089e-07
1202 3.205742e-07
1203 2.394944e-07
1204 1.833291e-07
1205 1.311878e-07
1206 7.935154e-08
1207 4.922202e-08
1208 3.013124e-08
1209 0.000000e+00
1210 0.000000e+00
1211 0.000000e+00
1212 0.000000e+00
1213 0.000000e+00
1214 0.000000e+00
1215 4.904812e-07
1216 4.643078e-07
1217 3.830311e-07
1218 2.862473e-07
1219 2.190199e-07
1220 1.570257e-07
1221 9.489813e-08
1222 5.893550e-08
1223 3.606191e-08
1224 0.000000e+00
1225 0.000000e+00
1226 0.000000e+00
1227 0.000000e+00
1228 0.000000e+00
1229 0.000000e+00
1230 5.672415e-07
1231 5.373312e-07
1232 4.436154e-07
1233 3.315967e-07
1234 2.536406e-07
1235 1.820870e-07
1236 1.099748e-07
1237 6.835676e-08
1238 4.181536e-08
1239 0.000000e+00
1240 0.000000e+00
1241 0.000000e+00
1242 0.000000e+00
1243 0.000000e+00
1244 0.000000e+00
1245 6.607101e-07
1246 6.262591e-07
1247 5.173821e-07
1248 3.868173e-07
1249 2.957942e-07
1250 2.126022e-07
1251 1.283330e-07
1252 7.983048e-08
1253 4.881978e-08
1254 0.000000e+00
1255 0.000000e+00
1256 0.000000e+00
1257 0.000000e+00
1258 0.000000e+00
1259 0.000000e+00
1260 2.094454e-07
1261 2.058549e-07
1262 1.773576e-07
1263 1.349410e-07
1264 1.014163e-07
1265 7.720675e-08
1266 4.621933e-08
1267 2.999712e-08
1268 1.800938e-08
1269 1.089506e-08
1270 0.000000e+00
1271 0.000000e+00
1272 0.000000e+00
1273 0.000000e+00
1274 0.000000e+00
1275 3.003834e-07
1276 2.959201e-07
1277 2.557193e-07
1278 1.949225e-07
1279 1.463455e-07
1280 1.116530e-07
1281 6.704401e-08
1282 4.356053e-08
1283 2.611456e-08
1284 1.578292e-08
1285 0.000000e+00
1286 0.000000e+00
1287 0.000000e+00
1288 0.000000e+00
1289 0.000000e+00
1290 3.809632e-07
1291 3.757189e-07
1292 3.251400e-07
1293 2.480562e-07
1294 1.861472e-07
1295 1.421653e-07
1296 8.547979e-08
1297 5.557145e-08
1298 3.328977e-08
1299 2.011053e-08
1300 0.000000e+00
1301 0.000000e+00
1302 0.000000e+00
1303 0.000000e+00
1304 0.000000e+00
1305 4.590950e-07
1306 4.530923e-07
1307 3.924496e-07
1308 2.995735e-07
1309 2.247381e-07
1310 1.717280e-07
1311 1.033516e-07
1312 6.721671e-08
1313 4.024911e-08
1314 2.430763e-08
1315 0.000000e+00
1316 0.000000e+00
1317 0.000000e+00
1318 0.000000e+00
1319 0.000000e+00
1320 5.542349e-07
1321 5.473088e-07
1322 4.743700e-07
1323 3.622726e-07
1324 2.717049e-07
1325 2.077366e-07
1326 1.251507e-07
1327 8.140142e-08
1328 4.872610e-08
1329 2.941836e-08
1330 0.000000e+00
1331 0.000000e+00
1332 0.000000e+00
1333 0.000000e+00
1334 0.000000e+00
1335 1.189713e-07
1336 1.204503e-07
1337 1.078624e-07
1338 8.422140e-08
1339 6.259746e-08
1340 4.860480e-08
1341 3.063987e-08
1342 1.985384e-08
1343 1.173302e-08
1344 7.064703e-09
1345 0.000000e+00
1346 0.000000e+00
1347 0.000000e+00
1348 0.000000e+00
1349 0.000000e+00
1350 2.102088e-07
1351 2.135854e-07
1352 1.922286e-07
1353 1.507310e-07
1354 1.119662e-07
1355 8.693706e-08
1356 5.541077e-08
1357 3.568953e-08
1358 2.108351e-08
1359 1.271034e-08
1360 0.000000e+00
1361 0.000000e+00
1362 0.000000e+00
1363 0.000000e+00
1364 0.000000e+00
1365 2.915939e-07
1366 2.967045e-07
1367 2.675529e-07
1368 2.101576e-07
1369 1.560796e-07
1370 1.211801e-07
1371 7.757234e-08
1372 4.984434e-08
1373 2.944244e-08
1374 1.775819e-08
1375 0.000000e+00
1376 0.000000e+00
1377 0.000000e+00
1378 0.000000e+00
1379 0.000000e+00
1380 3.703071e-07
1381 3.770832e-07
1382 3.403921e-07
1383 2.676043e-07
1384 1.987231e-07
1385 1.542857e-07
1386 9.898677e-08
1387 6.352638e-08
1388 3.752385e-08
1389 2.263700e-08
1390 0.000000e+00
1391 0.000000e+00
1392 0.000000e+00
1393 0.000000e+00
1394 0.000000e+00
1395 4.661390e-07
1396 4.749430e-07
1397 4.290799e-07
1398 3.375508e-07
1399 2.506509e-07
1400 1.945901e-07
1401 1.250695e-07
1402 8.018306e-08
1403 4.736671e-08
1404 2.857893e-08
1405 0.000000e+00
1406 0.000000e+00
1407 0.000000e+00
1408 0.000000e+00
1409 0.000000e+00
1410 1.343580e-07
1411 1.398794e-07
1412 1.302467e-07
1413 1.053299e-07
1414 7.819987e-08
1415 6.037376e-08
1416 4.153805e-08
1417 2.549542e-08
1418 1.520328e-08
1419 9.201387e-09
1420 0.000000e+00
1421 0.000000e+00
1422 0.000000e+00
1423 0.000000e+00
1424 0.000000e+00
1425 2.164807e-07
1426 2.258474e-07
1427 2.109292e-07
1428 1.711163e-07
1429 1.271158e-07
1430 9.801518e-08
1431 6.791090e-08
1432 4.148072e-08
1433 2.482030e-08
1434 1.500929e-08
1435 0.000000e+00
1436 0.000000e+00
1437 0.000000e+00
1438 0.000000e+00
1439 0.000000e+00
1440 2.953213e-07
1441 3.083721e-07
1442 2.883733e-07
1443 2.342571e-07
1444 1.740663e-07
1445 1.341396e-07
1446 9.321950e-08
1447 5.682237e-08
1448 3.405033e-08
1449 2.058329e-08
1450 0.000000e+00
1451 0.000000e+00
1452 0.000000e+00
1453 0.000000e+00
1454 0.000000e+00
1455 3.912748e-07
1456 4.088118e-07
1457 3.826302e-07
1458 3.111120e-07
1459 2.312092e-07
1460 1.781117e-07
1461 1.240168e-07
1462 7.549627e-08
1463 4.528233e-08
1464 2.736708e-08
1465 0.000000e+00
1466 0.000000e+00
1467 0.000000e+00
1468 0.000000e+00
1469 0.000000e+00
1470 7.111470e-08
1471 7.548714e-08
1472 7.228084e-08
1473 6.022492e-08
1474 4.503055e-08
1475 3.432411e-08
1476 2.509603e-08
1477 1.481058e-08
1478 9.163055e-09
1479 5.489112e-09
1480 0.000000e+00
1481 0.000000e+00
1482 0.000000e+00
1483 0.000000e+00
1484 0.000000e+00
1485 1.517965e-07
1486 1.616699e-07
1487 1.555671e-07
1488 1.303782e-07
1489 9.771820e-08
1490 7.428582e-08
1491 5.479868e-08
1492 3.225180e-08
1493 2.013274e-08
1494 1.202639e-08
1495 0.000000e+00
1496 0.000000e+00
1497 0.000000e+00
1498 0.000000e+00
1499 0.000000e+00
1500 2.306375e-07
1501 2.459272e-07
1502 2.370510e-07
1503 1.990791e-07
1504 1.493417e-07
1505 1.134241e-07
1506 8.391844e-08
1507 4.935664e-08
1508 3.090367e-08
1509 1.844251e-08
1510 0.000000e+00
1511 0.000000e+00
1512 0.000000e+00
1513 0.000000e+00
1514 0.000000e+00
1515 3.263022e-07
1516 3.481588e-07
1517 3.359118e-07
1518 2.824186e-07
1519 2.119627e-07
1520 1.609030e-07
1521 1.192394e-07
1522 7.010385e-08
1523 4.396724e-08
1524 2.622411e-08
1525 0.000000e+00
1526 0.000000e+00
1527 0.000000e+00
1528 0.000000e+00
1529 0.000000e+00
1530 9.487770e-08
1531 1.028199e-07
1532 1.014817e-07
1533 8.772222e-08
1534 6.674456e-08
1535 5.007797e-08
1536 3.833504e-08
1537 2.264318e-08
1538 1.468827e-08
1539 8.651546e-09
1540 5.052441e-09
1541 0.000000e+00
1542 0.000000e+00
1543 0.000000e+00
1544 0.000000e+00
1545 1.737927e-07
1546 1.886786e-07
1547 1.867192e-07
1548 1.619732e-07
1549 1.235076e-07
1550 9.255430e-08
1551 7.102298e-08
1552 4.211526e-08
1553 2.737124e-08
1554 1.609610e-08
1555 9.387280e-09
1556 0.000000e+00
1557 0.000000e+00
1558 0.000000e+00
1559 0.000000e+00
1560 2.688823e-07
1561 2.921310e-07
1562 2.894145e-07
1563 2.514078e-07
1564 1.918797e-07
1565 1.437193e-07
1566 1.103945e-07
1567 6.556681e-08
1568 4.264397e-08
1569 2.506147e-08
1570 1.460801e-08
1571 0.000000e+00
1572 0.000000e+00
1573 0.000000e+00
1574 0.000000e+00
1575 1.225229e-07
1576 1.351559e-07
1577 1.369033e-07
1578 1.224880e-07
1579 9.543460e-08
1580 7.089807e-08
1581 5.515457e-08
1582 3.431903e-08
1583 2.226407e-08
1584 1.292385e-08
1585 7.543353e-09
1586 0.000000e+00
1587 0.000000e+00
1588 0.000000e+00
1589 0.000000e+00
1590 2.169129e-07
1591 2.395139e-07
1592 2.429576e-07
1593 2.177981e-07
1594 1.699692e-07
1595 1.262291e-07
1596 9.821349e-08
1597 6.137652e-08
1598 3.973966e-08
1599 2.305435e-08
1600 1.346986e-08
1601 0.000000e+00
1602 0.000000e+00
1603 0.000000e+00
1604 0.000000e+00
1605 6.394532e-05
1606 4.836548e-05
1607 3.682028e-05
1608 2.646061e-05
1609 1.646044e-05
1610 1.050911e-05
1611 6.543215e-06
1612 0.000000e+00
1613 0.000000e+00
1614 0.000000e+00
1615 0.000000e+00
1616 0.000000e+00
1617 0.000000e+00
1618 0.000000e+00
1619 0.000000e+00
1620 5.104769e-05
1621 4.225870e-05
1622 3.165433e-05
1623 2.419703e-05
1624 1.749651e-05
1625 1.061402e-05
1626 6.694623e-06
1627 4.148375e-06
1628 0.000000e+00
1629 0.000000e+00
1630 0.000000e+00
1631 0.000000e+00
1632 0.000000e+00
1633 0.000000e+00
1634 0.000000e+00
1635 4.023609e-05
1636 3.610715e-05
1637 2.827785e-05
1638 2.102611e-05
1639 1.632704e-05
1640 1.042895e-05
1641 6.761265e-06
1642 4.053896e-06
1643 2.496269e-06
1644 0.000000e+00
1645 0.000000e+00
1646 0.000000e+00
1647 0.000000e+00
1648 0.000000e+00
1649 0.000000e+00
1650 3.254750e-05
1651 3.090321e-05
1652 2.553903e-05
1653 1.905935e-05
1654 1.458054e-05
1655 1.053090e-05
1656 6.308110e-06
1657 3.911902e-06
1658 2.397373e-06
1659 0.000000e+00
1660 0.000000e+00
1661 0.000000e+00
1662 0.000000e+00
1663 0.000000e+00
1664 0.000000e+00
1665 2.700112e-05
1666 2.670478e-05
1667 2.317316e-05
1668 1.768248e-05
1669 1.324642e-05
1670 1.017898e-05
1671 6.080776e-06
1672 3.987791e-06
1673 2.386251e-06
1674 1.433493e-06
1675 0.000000e+00
1676 0.000000e+00
1677 0.000000e+00
1678 0.000000e+00
1679 0.000000e+00
1680 2.277597e-05
1681 2.323864e-05
1682 2.102347e-05
1683 1.653958e-05
1684 1.226565e-05
1685 9.544994e-06
1686 6.127497e-06
1687 3.946945e-06
1688 2.322996e-06
1689 1.402636e-06
1690 0.000000e+00
1691 0.000000e+00
1692 0.000000e+00
1693 0.000000e+00
1694 0.000000e+00
1695 1.942615e-05
1696 2.032201e-05
1697 1.904826e-05
1698 1.549801e-05
1699 1.150735e-05
1700 8.867976e-06
1701 6.195123e-06
1702 3.759506e-06
1703 2.246461e-06
1704 1.360559e-06
1705 0.000000e+00
1706 0.000000e+00
1707 0.000000e+00
1708 0.000000e+00
1709 0.000000e+00
1710 1.672536e-05
1711 1.786557e-05
1712 1.726238e-05
1713 1.453017e-05
1714 1.090097e-05
1715 8.269980e-06
1716 6.153873e-06
1717 3.597429e-06
1718 2.260593e-06
1719 1.347722e-06
1720 0.000000e+00
1721 0.000000e+00
1722 0.000000e+00
1723 0.000000e+00
1724 0.000000e+00
1725 1.444106e-05
1726 1.570584e-05
1727 1.558196e-05
1728 1.355486e-05
1729 1.034710e-05
1730 7.742966e-06
1731 5.965878e-06
1732 3.531903e-06
1733 2.309031e-06
1734 1.356641e-06
1735 7.872543e-07
1736 0.000000e+00
1737 0.000000e+00
1738 0.000000e+00
1739 0.000000e+00
1740 1.244295e-05
1741 1.375311e-05
1742 1.397069e-05
1743 1.254458e-05
1744 9.796941e-06
1745 7.269879e-06
1746 5.664992e-06
1747 3.543092e-06
1748 2.300198e-06
1749 1.332406e-06
1750 7.783968e-07
1751 0.000000e+00
1752 0.000000e+00
1753 0.000000e+00
1754 0.000000e+00
1755 1.332644e-06
1756 1.016933e-06
1757 7.685303e-07
1758 5.514769e-07
1759 3.489814e-07
1760 2.220116e-07
1761 1.381902e-07
1762 0.000000e+00
1763 0.000000e+00
1764 0.000000e+00
1765 0.000000e+00
1766 0.000000e+00
1767 0.000000e+00
1768 0.000000e+00
1769 0.000000e+00
1770 1.192752e-06
1771 9.894894e-07
1772 7.446558e-07
1773 5.677774e-07
1774 4.083978e-07
1775 2.510752e-07
1776 1.588374e-07
1777 9.802005e-08
1778 0.000000e+00
1779 0.000000e+00
1780 0.000000e+00
1781 0.000000e+00
1782 0.000000e+00
1783 0.000000e+00
1784 0.000000e+00
1785 1.048595e-06
1786 9.409385e-07
1787 7.385479e-07
1788 5.507055e-07
1789 4.246520e-07
1790 2.742128e-07
1791 1.755047e-07
1792 1.059671e-07
1793 6.532516e-08
1794 0.000000e+00
1795 0.000000e+00
1796 0.000000e+00
1797 0.000000e+00
1798 0.000000e+00
1799 0.000000e+00
1800 9.266254e-07
1801 8.793639e-07
1802 7.271291e-07
1803 5.441350e-07
1804 4.157994e-07
1805 2.990347e-07
1806 1.806704e-07
1807 1.125117e-07
1808 6.879733e-08
1809 0.000000e+00
1810 0.000000e+00
1811 0.000000e+00
1812 0.000000e+00
1813 0.000000e+00
1814 0.000000e+00
1815 8.249692e-07
1816 8.154169e-07
1817 7.073324e-07
1818 5.408543e-07
1819 4.056576e-07
1820 3.097765e-07
1821 1.873032e-07
1822 1.217447e-07
1823 7.276299e-08
1824 4.398023e-08
1825 0.000000e+00
1826 0.000000e+00
1827 0.000000e+00
1828 0.000000e+00
1829 0.000000e+00
1830 7.388997e-07
1831 7.535331e-07
1832 6.812792e-07
1833 5.365680e-07
1834 3.986814e-07
1835 3.090781e-07
1836 1.993836e-07
1837 1.275889e-07
1838 7.539994e-08
1839 4.546421e-08
1840 0.000000e+00
1841 0.000000e+00
1842 0.000000e+00
1843 0.000000e+00
1844 0.000000e+00
1845 6.644012e-07
1846 6.947616e-07
1847 6.506917e-07
1848 5.296525e-07
1849 3.940216e-07
1850 3.032222e-07
1851 2.115743e-07
1852 1.286781e-07
1853 7.741397e-08
1854 4.675151e-08
1855 0.000000e+00
1856 0.000000e+00
1857 0.000000e+00
1858 0.000000e+00
1859 0.000000e+00
1860 5.986038e-07
1861 6.391911e-07
1862 6.170926e-07
1863 5.194013e-07
1864 3.903065e-07
1865 2.961438e-07
1866 2.195745e-07
1867 1.292228e-07
1868 8.118779e-08
1869 4.841591e-08
1870 0.000000e+00
1871 0.000000e+00
1872 0.000000e+00
1873 0.000000e+00
1874 0.000000e+00
1875 5.394927e-07
1876 5.865707e-07
1877 5.814785e-07
1878 5.056532e-07
1879 3.864766e-07
1880 2.894764e-07
1881 2.222513e-07
1882 1.323646e-07
1883 8.595587e-08
1884 5.045247e-08
1885 2.949996e-08
1886 0.000000e+00
1887 0.000000e+00
1888 0.000000e+00
1889 0.000000e+00
1890 4.850878e-07
1891 5.360332e-07
1892 5.441062e-07
1893 4.882869e-07
1894 3.816640e-07
1895 2.835768e-07
1896 2.204236e-07
1897 1.382641e-07
1898 8.920187e-08
1899 5.175889e-08
1900 3.026274e-08
1901 0.000000e+00
1902 0.000000e+00
1903 0.000000e+00
1904 0.000000e+00
1905 5.797516e-09
1906 4.074378e-09
1907 2.747918e-09
1908 1.788170e-09
1909 1.162877e-09
1910 7.678031e-10
1911 5.185642e-10
1912 3.568821e-10
1913 2.464902e-10
1914 1.675313e-10
1915 1.100610e-10
1916 6.897563e-11
1917 4.093957e-11
1918 2.299153e-11
1919 1.227501e-11
1920 1.455257e-08
1921 1.064790e-08
1922 7.514296e-09
1923 5.063784e-09
1924 3.262233e-09
1925 2.104152e-09
1926 1.372972e-09
1927 9.188424e-10
1928 6.289933e-10
1929 4.339014e-10
1930 2.956578e-10
1931 1.952237e-10
1932 1.231189e-10
1933 7.352500e-11
1934 4.149403e-11
1935 2.271232e-08
1936 1.712330e-08
1937 1.235222e-08
1938 8.599278e-09
1939 5.670297e-09
1940 3.617939e-09
1941 2.330594e-09
1942 1.522491e-09
1943 1.021547e-09
1944 6.989028e-10
1945 4.794760e-10
1946 3.232024e-10
1947 2.102963e-10
1948 1.303993e-10
1949 7.651686e-11
1950 3.082214e-08
1951 2.392625e-08
1952 1.757568e-08
1953 1.245904e-08
1954 8.446955e-09
1955 5.414564e-09
1956 3.460317e-09
1957 2.224081e-09
1958 1.465672e-09
1959 9.894830e-10
1960 6.765948e-10
1961 4.597174e-10
1962 3.044545e-10
1963 1.935498e-10
1964 1.169089e-10
1965 3.914976e-08
1966 3.125824e-08
1967 2.341395e-08
1968 1.681676e-08
1969 1.164284e-08
1970 7.600341e-09
1971 4.814779e-09
1972 3.075050e-09
1973 1.993303e-09
1974 1.325321e-09
1975 8.986166e-10
1976 6.111720e-10
1977 4.088753e-10
1978 2.645182e-10
1979 1.634365e-10
1980 4.788007e-08
1981 3.926764e-08
1982 3.004697e-08
1983 2.185845e-08
1984 1.535864e-08
1985 1.025196e-08
1986 6.488400e-09
1987 4.129142e-09
1988 2.636653e-09
1989 1.727181e-09
1990 1.157824e-09
1991 7.844269e-10
1992 5.272665e-10
1993 3.453151e-10
1994 2.172385e-10
1995 5.727849e-08
1996 4.819763e-08
1997 3.773784e-08
1998 2.785984e-08
1999 1.980342e-08
2000 1.349137e-08
2001 8.632098e-09
2002 5.452840e-09
2003 3.449278e-09
2004 2.227298e-09
2005 1.472809e-09
2006 9.900877e-10
2007 6.656408e-10
2008 4.394148e-10
2009 2.804248e-10
2010 6.793331e-08
2011 5.864724e-08
2012 4.707454e-08
2013 3.539603e-08
2014 2.544941e-08
2015 1.763725e-08
2016 1.151176e-08
2017 7.222734e-09
2018 4.554599e-09
2019 2.895732e-09
2020 1.883919e-09
2021 1.251549e-09
2022 8.378028e-10
2023 5.551787e-10
2024 3.582345e-10
2025 8.107308e-08
2026 7.194089e-08
2027 5.942298e-08
2028 4.575956e-08
2029 3.339606e-08
2030 2.349290e-08
2031 1.572191e-08
2032 9.905843e-09
2033 6.219193e-09
2034 3.894007e-09
2035 2.488307e-09
2036 1.625347e-09
2037 1.076756e-09
2038 7.124660e-10
2039 4.630490e-10
2040 1.024631e-07
2041 9.435587e-08
2042 8.122014e-08
2043 6.507875e-08
2044 4.888872e-08
2045 3.508961e-08
2046 2.420356e-08
2047 1.571840e-08
2048 9.790372e-09
2049 6.079723e-09
2050 3.784968e-09
2051 2.399742e-09
2052 1.550333e-09
2053 1.011157e-09
2054 6.561851e-10
2055 2.108739e-07
2056 2.159145e-07
2057 2.101627e-07
2058 1.926274e-07
2059 1.648446e-07
2060 1.311314e-07
2061 9.772517e-08
2062 6.956312e-08
2063 4.748423e-08
2064 3.015366e-08
2065 1.823331e-08
2066 1.084083e-08
2067 6.363544e-09
2068 3.732367e-09
2069 2.209096e-09
