0 1.854976e-09
1 1.243431e-09
2 8.146150e-10
3 5.365579e-10
4 3.595582e-10
5 2.458967e-10
6 1.701685e-10
7 1.171984e-10
8 7.886132e-11
9 5.103603e-11
10 3.142642e-11
11 1.832820e-11
12 1.013765e-11
13 5.352372e-12
14 2.722206e-12
15 2.962016e-09
16 2.022612e-09
17 1.332256e-09
18 8.689573e-10
19 5.745682e-10
20 3.874974e-10
21 2.664538e-10
22 1.843226e-10
23 1.259298e-10
24 8.343871e-11
25 5.287599e-11
26 3.177765e-11
27 1.807634e-11
28 9.771207e-12
29 5.059662e-12
30 3.379571e-09
31 2.321704e-09
32 1.535424e-09
33 9.997360e-10
34 6.586728e-10
35 4.421915e-10
36 3.031077e-10
37 2.096262e-10
38 1.436610e-10
39 9.576214e-11
40 6.117048e-11
41 3.709663e-11
42 2.129153e-11
43 1.159994e-11
44 6.044149e-12
45 3.622845e-09
46 2.495913e-09
47 1.653778e-09
48 1.075972e-09
49 7.076100e-10
50 4.740505e-10
51 3.244584e-10
52 2.243664e-10
53 1.539890e-10
54 1.029383e-10
55 6.600376e-11
56 4.019522e-11
57 2.316577e-11
58 1.266616e-11
59 6.618053e-12
60 3.793117e-09
61 2.617756e-09
62 1.736600e-09
63 1.129311e-09
64 7.418619e-10
65 4.963241e-10
66 3.393925e-10
67 2.346761e-10
68 1.612143e-10
69 1.079590e-10
70 6.938354e-11
71 4.236413e-11
72 2.447671e-11
73 1.341132e-11
74 7.019202e-12
75 3.925902e-09
76 2.712853e-09
77 1.801253e-09
78 1.170914e-09
79 7.685782e-10
80 5.137049e-10
81 3.510418e-10
82 2.427175e-10
83 1.668512e-10
84 1.118776e-10
85 7.202201e-11
86 4.405643e-11
87 2.549882e-11
88 1.399306e-11
89 7.332277e-12
90 4.037297e-09
91 2.792612e-09
92 1.855415e-09
93 1.205807e-09
94 7.910049e-10
95 5.282856e-10
96 3.608094e-10
97 2.494620e-10
98 1.715797e-10
99 1.151626e-10
100 7.423491e-11
101 4.547450e-11
102 2.635642e-11
103 1.448066e-11
104 7.594903e-12
105 4.136372e-09
106 2.863579e-09
107 1.903631e-09
108 1.236836e-09
109 8.109411e-10
110 5.412630e-10
111 3.694817e-10
112 2.554584e-10
113 1.757853e-10
114 1.180853e-10
115 7.620375e-11
116 4.673697e-11
117 2.711954e-11
118 1.491434e-11
119 7.828459e-12
120 4.233769e-09
121 2.933235e-09
122 1.950998e-09
123 1.267349e-09
124 8.305481e-10
125 5.540212e-10
126 3.780238e-10
127 2.613592e-10
128 1.799172e-10
129 1.209592e-10
130 7.813876e-11
131 4.797710e-11
132 2.786915e-11
133 1.534101e-11
134 8.058009e-12
135 4.357452e-09
136 3.021849e-09
137 2.011148e-09
138 1.306085e-09
139 8.554225e-10
140 5.702066e-10
141 3.888715e-10
142 2.688519e-10
143 1.851654e-10
144 1.246045e-10
145 8.059537e-11
146 4.955210e-11
147 2.882120e-11
148 1.588265e-11
149 8.349506e-12
150 5.652812e-09
151 3.973956e-09
152 2.679452e-09
153 1.742101e-09
154 1.133597e-09
155 7.481413e-10
156 5.053632e-10
157 3.478689e-10
158 2.402997e-10
159 1.633554e-10
160 1.073472e-10
161 6.726244e-11
162 3.990466e-11
163 2.239804e-11
164 1.195578e-11
165 7.028212e-09
166 4.991728e-09
167 3.407990e-09
168 2.228922e-09
169 1.443015e-09
170 9.459600e-10
171 6.333450e-10
172 4.334520e-10
173 2.993267e-10
174 2.046850e-10
175 1.360078e-10
176 8.650862e-11
177 5.218163e-11
178 2.977069e-11
179 1.611771e-11
180 7.875073e-09
181 5.619587e-09
182 3.859307e-09
183 2.533699e-09
184 1.636673e-09
185 1.069956e-09
186 7.132288e-10
187 4.865029e-10
188 3.358439e-10
189 2.302173e-10
190 1.537478e-10
191 9.843943e-11
192 5.983453e-11
193 3.439888e-11
194 1.874413e-11
195 8.467151e-09
196 6.060337e-09
197 4.175475e-09
198 2.747204e-09
199 1.772584e-09
200 1.156724e-09
201 7.691153e-10
202 5.237729e-10
203 3.614172e-10
204 2.481071e-10
205 1.661157e-10
206 1.068027e-10
207 6.520429e-11
208 3.763259e-11
209 2.058798e-11
210 8.930456e-09
211 6.403798e-09
212 4.422036e-09
213 2.913316e-09
214 1.878534e-09
215 1.224396e-09
216 8.127529e-10
217 5.527904e-10
218 3.813043e-10
219 2.619872e-10
220 1.758517e-10
221 1.133223e-10
222 6.938718e-11
223 4.016052e-11
224 2.202454e-11
225 9.318448e-09
226 6.691896e-09
227 4.628533e-09
228 3.052790e-09
229 1.967255e-09
230 1.281190e-09
231 8.493121e-10
232 5.771615e-10
233 3.980194e-10
234 2.736718e-10
235 1.839046e-10
236 1.187868e-10
237 7.289309e-11
238 4.227905e-11
239 2.323094e-11
240 9.663672e-09
241 6.948137e-09
242 4.812568e-09
243 3.176867e-09
244 2.046234e-09
245 1.331620e-09
246 8.818705e-10
247 5.987712e-10
248 4.128916e-10
249 2.840685e-10
250 1.911234e-10
251 1.236606e-10
252 7.599210e-11
253 4.416431e-11
254 2.430187e-11
255 1.000290e-08
256 7.199920e-09
257 4.993098e-09
258 3.298817e-09
259 2.123849e-09
260 1.381283e-09
261 9.138566e-10
262 6.200081e-10
263 4.275086e-10
264 2.942914e-10
265 1.982376e-10
266 1.284393e-10
267 7.905613e-11
268 4.601661e-11
269 2.535500e-11
270 1.043364e-08
271 7.520327e-09
272 5.222502e-09
273 3.453640e-09
274 2.222503e-09
275 1.444347e-09
276 9.544478e-10
277 6.470466e-10
278 4.460651e-10
279 3.072655e-10
280 2.072235e-10
281 1.345090e-10
282 8.294675e-11
283 4.837054e-11
284 2.669227e-11
285 9.346043e-09
286 6.732373e-09
287 4.676436e-09
288 3.105688e-09
289 2.002616e-09
290 1.302908e-09
291 8.606731e-10
292 5.825554e-10
293 4.006466e-10
294 2.752356e-10
295 1.852435e-10
296 1.200998e-10
297 7.413091e-11
298 4.331685e-11
299 2.397264e-11
300 1.094070e-08
301 7.945294e-09
302 5.564206e-09
303 3.730630e-09
304 2.408103e-09
305 1.560128e-09
306 1.023967e-09
307 6.885355e-10
308 4.717954e-10
309 3.243970e-10
310 2.195187e-10
311 1.436310e-10
312 8.969068e-11
313 5.307344e-11
314 2.972771e-11
315 1.208884e-08
316 8.821833e-09
317 6.206549e-09
318 4.183805e-09
319 2.703950e-09
320 1.747357e-09
321 1.142909e-09
322 7.655894e-10
323 5.233835e-10
324 3.599519e-10
325 2.443024e-10
326 1.606550e-10
327 1.009705e-10
328 6.017250e-11
329 3.393376e-11
330 1.298428e-08
331 9.505385e-09
332 6.707407e-09
333 4.537119e-09
334 2.934867e-09
335 1.893356e-09
336 1.235763e-09
337 8.256717e-10
338 5.636024e-10
339 3.876942e-10
340 2.636357e-10
341 1.739349e-10
342 1.097711e-10
343 6.570561e-11
344 3.721096e-11
345 1.373446e-08
346 1.007794e-08
347 7.126870e-09
348 4.832986e-09
349 3.127878e-09
350 2.015446e-09
351 1.313436e-09
352 8.759621e-10
353 5.972716e-10
354 4.109484e-10
355 2.798234e-10
356 1.850577e-10
357 1.171402e-10
358 7.033933e-11
359 3.995496e-11
360 1.440197e-08
361 1.058740e-08
362 7.500116e-09
363 5.096254e-09
364 3.299741e-09
365 2.124136e-09
366 1.382548e-09
367 9.207162e-10
368 6.271567e-10
369 4.316169e-10
370 2.942254e-10
371 1.949519e-10
372 1.236954e-10
373 7.446205e-11
374 4.239636e-11
375 1.505785e-08
376 1.108798e-08
377 7.866844e-09
378 5.354925e-09
379 3.468725e-09
380 2.231001e-09
381 1.450456e-09
382 9.646836e-10
383 6.566703e-10
384 4.519237e-10
385 3.083753e-10
386 2.046727e-10
387 1.301356e-10
388 7.851250e-11
389 4.478653e-11
390 1.589069e-08
391 1.172362e-08
392 8.332524e-09
393 5.683395e-09
394 3.683506e-09
395 2.366657e-09
396 1.536687e-09
397 1.020520e-09
398 6.939848e-10
399 4.777155e-10
400 3.263471e-10
401 2.170191e-10
402 1.383154e-10
403 8.365705e-11
404 4.783113e-11
405 1.330334e-08
406 9.778865e-09
407 6.919839e-09
408 4.703976e-09
409 3.056125e-09
410 1.968431e-09
411 1.283096e-09
412 8.542479e-10
413 5.811124e-10
414 3.990550e-10
415 2.714697e-10
416 1.795531e-10
417 1.138082e-10
418 6.850919e-11
419 3.904461e-11
420 1.511745e-08
421 1.120495e-08
422 7.979104e-09
423 5.467774e-09
424 3.573104e-09
425 2.294342e-09
426 1.489867e-09
427 9.855696e-10
428 6.673074e-10
429 4.574753e-10
430 3.119403e-10
431 2.075485e-10
432 1.326915e-10
433 8.069504e-11
434 4.647853e-11
435 1.655338e-08
436 1.233772e-08
437 8.821034e-09
438 6.075110e-09
439 3.985614e-09
440 2.554990e-09
441 1.655234e-09
442 1.090463e-09
443 7.358756e-10
444 5.039813e-10
445 3.440978e-10
446 2.297888e-10
447 1.477032e-10
448 9.039689e-11
449 5.240264e-11
450 1.775579e-08
451 1.328521e-08
452 9.525649e-09
453 6.583458e-09
454 4.331438e-09
455 2.772854e-09
456 1.793390e-09
457 1.178209e-09
458 7.933766e-10
459 5.428079e-10
460 3.710117e-10
461 2.484041e-10
462 1.602678e-10
463 9.851627e-11
464 5.736267e-11
465 1.882513e-08
466 1.412680e-08
467 1.015236e-08
468 7.035499e-09
469 4.638414e-09
470 2.966430e-09
471 1.916325e-09
472 1.256166e-09
473 8.444431e-10
474 5.773636e-10
475 3.949368e-10
476 2.649533e-10
477 1.714379e-10
478 1.057164e-10
479 6.177066e-11
480 1.987582e-08
481 1.495496e-08
482 1.076794e-08
483 7.479846e-09
484 4.939915e-09
485 3.156917e-09
486 2.037070e-09
487 1.332920e-09
488 8.945951e-10
489 6.113124e-10
490 4.183929e-10
491 2.811733e-10
492 1.823833e-10
493 1.128257e-10
494 6.610546e-11
495 2.121005e-08
496 1.600625e-08
497 1.155088e-08
498 8.044119e-09
499 5.322790e-09
500 3.398578e-09
501 2.190448e-09
502 1.430235e-09
503 9.582641e-10
504 6.544296e-10
505 4.482374e-10
506 3.018642e-10
507 1.963515e-10
508 1.218328e-10
509 7.160755e-11
510 1.763178e-08
511 1.322986e-08
512 9.501223e-09
513 6.576408e-09
514 4.343566e-09
515 2.783230e-09
516 1.799788e-09
517 1.180468e-09
518 7.930926e-10
519 5.415982e-10
520 3.697555e-10
521 2.475922e-10
522 1.599590e-10
523 9.856847e-11
524 5.759530e-11
525 1.971307e-08
526 1.492320e-08
527 1.078237e-08
528 7.511247e-09
529 4.997939e-09
530 3.203079e-09
531 2.064873e-09
532 1.346612e-09
533 9.001375e-10
534 6.127395e-10
535 4.184339e-10
536 2.812379e-10
537 1.828978e-10
538 1.136725e-10
539 6.705448e-11
540 2.147067e-08
541 1.635538e-08
542 1.186695e-08
543 8.302723e-09
544 5.553066e-09
545 3.559719e-09
546 2.289693e-09
547 1.487823e-09
548 9.908308e-10
549 6.730070e-10
550 4.596416e-10
551 3.097131e-10
552 2.023171e-10
553 1.264668e-10
554 7.507490e-11
555 2.303149e-08
556 1.762595e-08
557 1.282946e-08
558 9.005378e-09
559 6.044956e-09
560 3.875859e-09
561 2.488959e-09
562 1.613089e-09
563 1.071293e-09
564 7.264126e-10
565 4.961596e-10
566 3.349422e-10
567 2.195453e-10
568 1.378160e-10
569 8.218116e-11
570 2.456354e-08
571 1.887407e-08
572 1.377461e-08
573 9.695087e-09
574 6.527958e-09
575 4.186446e-09
576 2.684934e-09
577 1.735930e-09
578 1.150326e-09
579 7.788761e-10
580 5.320574e-10
581 3.597677e-10
582 2.364547e-10
583 1.489431e-10
584 8.916222e-11
585 2.651082e-08
586 2.045947e-08
587 1.497530e-08
588 1.057104e-08
589 7.142414e-09
590 4.581106e-09
591 2.933069e-09
592 1.892023e-09
593 1.250669e-09
594 8.455174e-10
595 5.776409e-10
596 3.912753e-10
597 2.579432e-10
598 1.631101e-10
599 9.803595e-11
600 2.249827e-08
601 1.724911e-08
602 1.257191e-08
603 8.826878e-09
604 5.935885e-09
605 3.818090e-09
606 2.450534e-09
607 1.588300e-09
608 1.053392e-09
609 7.130968e-10
610 4.863171e-10
611 3.279951e-10
612 2.149293e-10
613 1.350127e-10
614 8.064815e-11
615 2.493262e-08
616 1.929810e-08
617 1.415899e-08
618 9.996602e-09
619 6.772804e-09
620 4.372666e-09
621 2.796958e-09
622 1.806019e-09
623 1.191045e-09
624 8.026845e-10
625 5.466529e-10
626 3.694357e-10
627 2.433117e-10
628 1.539654e-10
629 9.276919e-11
630 2.710186e-08
631 2.112644e-08
632 1.557595e-08
633 1.104122e-08
634 7.519574e-09
635 4.867999e-09
636 3.106629e-09
637 2.000791e-09
638 1.314066e-09
639 8.827444e-10
640 6.005392e-10
641 4.064374e-10
642 2.686546e-10
643 1.708908e-10
644 1.035993e-10
645 2.923123e-08
646 2.291913e-08
647 1.696466e-08
648 1.206468e-08
649 8.251122e-09
650 5.353173e-09
651 3.409397e-09
652 2.191395e-09
653 1.434527e-09
654 9.611587e-10
655 6.532923e-10
656 4.426933e-10
657 2.934864e-10
658 1.874748e-10
659 1.142093e-10
660 3.193537e-08
661 2.519588e-08
662 1.872856e-08
663 1.336407e-08
664 9.179467e-09
665 5.968852e-09
666 3.794695e-09
667 2.433450e-09
668 1.587415e-09
669 1.060695e-09
670 7.203132e-10
671 4.887035e-10
672 3.250095e-10
673 2.085328e-10
674 1.276804e-10
675 2.813344e-08
676 2.206863e-08
677 1.635120e-08
678 1.162780e-08
679 7.952485e-09
680 5.175691e-09
681 3.298715e-09
682 2.122098e-09
683 1.388210e-09
684 9.291667e-10
685 6.305680e-10
686 4.265996e-10
687 2.824796e-10
688 1.803372e-10
689 1.098849e-10
690 3.107293e-08
691 2.462761e-08
692 1.838830e-08
693 1.314919e-08
694 9.054417e-09
695 5.930782e-09
696 3.772939e-09
697 2.420515e-09
698 1.573892e-09
699 1.047823e-09
700 7.089759e-10
701 4.798290e-10
702 3.188938e-10
703 2.048722e-10
704 1.258502e-10
705 3.395998e-08
706 2.714103e-08
707 2.038967e-08
708 1.464368e-08
709 1.013639e-08
710 6.672130e-09
711 4.238557e-09
712 2.713417e-09
713 1.756091e-09
714 1.164226e-09
715 7.859588e-10
716 5.320840e-10
717 3.546404e-10
718 2.289580e-10
719 1.415241e-10
720 3.762314e-08
721 3.033028e-08
722 2.293032e-08
723 1.653766e-08
724 1.150822e-08
725 7.611895e-09
726 4.828577e-09
727 3.084608e-09
728 1.987085e-09
729 1.311806e-09
730 8.835547e-10
731 5.983632e-10
732 3.999926e-10
733 2.595165e-10
734 1.614084e-10
735 3.493026e-08
736 2.808379e-08
737 2.121380e-08
738 1.528965e-08
739 1.061679e-08
740 7.027464e-09
741 4.472794e-09
742 2.858604e-09
743 1.844306e-09
744 1.218192e-09
745 8.197342e-10
746 5.540532e-10
747 3.694330e-10
748 2.390694e-10
749 1.483688e-10
750 3.881423e-08
751 3.158280e-08
752 2.409243e-08
753 1.747778e-08
754 1.221735e-08
755 8.154356e-09
756 5.196923e-09
757 3.310909e-09
758 2.124119e-09
759 1.393928e-09
760 9.334600e-10
761 6.299697e-10
762 4.209946e-10
763 2.739365e-10
764 1.713595e-10
765 4.374941e-08
766 3.602293e-08
767 2.774035e-08
768 2.025579e-08
769 1.424612e-08
770 9.582509e-09
771 6.115752e-09
772 3.883852e-09
773 2.478512e-09
774 1.616666e-09
775 1.077583e-09
776 7.262076e-10
777 4.863688e-10
778 3.181478e-10
779 2.005103e-10
780 4.403172e-08
781 3.643250e-08
782 2.820820e-08
783 2.068542e-08
784 1.458297e-08
785 9.851104e-09
786 6.324246e-09
787 4.008512e-09
788 2.556918e-09
789 1.661633e-09
790 1.102973e-09
791 7.409539e-10
792 4.955028e-10
793 3.242524e-10
794 2.048173e-10
795 5.083165e-08
796 4.278425e-08
797 3.363493e-08
798 2.493602e-08
799 1.772912e-08
800 1.211108e-08
801 7.839181e-09
802 4.947023e-09
803 3.140560e-09
804 2.021139e-09
805 1.329670e-09
806 8.886195e-10
807 5.942409e-10
808 3.907797e-10
809 2.490516e-10
810 6.116610e-08
811 5.287545e-08
812 4.269134e-08
813 3.234532e-08
814 2.334406e-08
815 1.620847e-08
816 1.070972e-08
817 6.767923e-09
818 4.269435e-09
819 2.706094e-09
820 1.750280e-09
821 1.153437e-09
822 7.661198e-10
823 5.046995e-10
824 3.247530e-10
825 5.170782e-07
826 3.908177e-07
827 2.958632e-07
828 2.044880e-07
829 1.285927e-07
830 8.133842e-08
831 5.107402e-08
832 0.000000e+00
833 0.000000e+00
834 0.000000e+00
835 0.000000e+00
836 0.000000e+00
837 0.000000e+00
838 0.000000e+00
839 0.000000e+00
840 6.686483e-07
841 5.061659e-07
842 3.832117e-07
843 2.673933e-07
844 1.681074e-07
845 1.065482e-07
846 6.675115e-08
847 0.000000e+00
848 0.000000e+00
849 0.000000e+00
850 0.000000e+00
851 0.000000e+00
852 0.000000e+00
853 0.000000e+00
854 0.000000e+00
855 7.750674e-07
856 5.871874e-07
857 4.445677e-07
858 3.115878e-07
859 1.958954e-07
860 1.242710e-07
861 7.777110e-08
862 0.000000e+00
863 0.000000e+00
864 0.000000e+00
865 0.000000e+00
866 0.000000e+00
867 0.000000e+00
868 0.000000e+00
869 0.000000e+00
870 8.580515e-07
871 6.503674e-07
872 4.924099e-07
873 3.460456e-07
874 2.175543e-07
875 1.380855e-07
876 8.636406e-08
877 0.000000e+00
878 0.000000e+00
879 0.000000e+00
880 0.000000e+00
881 0.000000e+00
882 0.000000e+00
883 0.000000e+00
884 0.000000e+00
885 9.276169e-07
886 7.033228e-07
887 5.325156e-07
888 3.749278e-07
889 2.357151e-07
890 1.496658e-07
891 9.356551e-08
892 0.000000e+00
893 0.000000e+00
894 0.000000e+00
895 0.000000e+00
896 0.000000e+00
897 0.000000e+00
898 0.000000e+00
899 0.000000e+00
900 9.895280e-07
901 7.504519e-07
902 5.682089e-07
903 4.006352e-07
904 2.518777e-07
905 1.599733e-07
906 9.997477e-08
907 0.000000e+00
908 0.000000e+00
909 0.000000e+00
910 0.000000e+00
911 0.000000e+00
912 0.000000e+00
913 0.000000e+00
914 0.000000e+00
915 1.050352e-06
916 7.967574e-07
917 6.032748e-07
918 4.258861e-07
919 2.677560e-07
920 1.700985e-07
921 1.062725e-07
922 0.000000e+00
923 0.000000e+00
924 0.000000e+00
925 0.000000e+00
926 0.000000e+00
927 0.000000e+00
928 0.000000e+00
929 0.000000e+00
930 1.127590e-06
931 8.555622e-07
932 6.477924e-07
933 4.579505e-07
934 2.879184e-07
935 1.829568e-07
936 1.142691e-07
937 0.000000e+00
938 0.000000e+00
939 0.000000e+00
940 0.000000e+00
941 0.000000e+00
942 0.000000e+00
943 0.000000e+00
944 0.000000e+00
945 3.740575e-07
946 3.004786e-07
947 2.246224e-07
948 1.726431e-07
949 1.176105e-07
950 7.363669e-08
951 4.559447e-08
952 2.842240e-08
953 0.000000e+00
954 0.000000e+00
955 0.000000e+00
956 0.000000e+00
957 0.000000e+00
958 0.000000e+00
959 0.000000e+00
960 5.084933e-07
961 4.104907e-07
962 3.070853e-07
963 2.357797e-07
964 1.621182e-07
965 1.010954e-07
966 6.281192e-08
967 3.909924e-08
968 0.000000e+00
969 0.000000e+00
970 0.000000e+00
971 0.000000e+00
972 0.000000e+00
973 0.000000e+00
974 0.000000e+00
975 6.135025e-07
976 4.964496e-07
977 3.715370e-07
978 2.851129e-07
979 1.969133e-07
980 1.225721e-07
981 7.627903e-08
982 4.744907e-08
983 0.000000e+00
984 0.000000e+00
985 0.000000e+00
986 0.000000e+00
987 0.000000e+00
988 0.000000e+00
989 0.000000e+00
990 7.014568e-07
991 5.684512e-07
992 4.255221e-07
993 3.264423e-07
994 2.260555e-07
995 1.405573e-07
996 8.755811e-08
997 5.444165e-08
998 0.000000e+00
999 0.000000e+00
1000 0.000000e+00
1001 0.000000e+00
1002 0.000000e+00
1003 0.000000e+00
1004 0.000000e+00
1005 7.797203e-07
1006 6.325134e-07
1007 4.735544e-07
1008 3.632112e-07
1009 2.519848e-07
1010 1.565602e-07
1011 9.759370e-08
1012 6.066319e-08
1013 0.000000e+00
1014 0.000000e+00
1015 0.000000e+00
1016 0.000000e+00
1017 0.000000e+00
1018 0.000000e+00
1019 0.000000e+00
1020 8.566149e-07
1021 6.954512e-07
1022 5.207433e-07
1023 3.993325e-07
1024 2.774617e-07
1025 1.722839e-07
1026 1.074531e-07
1027 6.677657e-08
1028 0.000000e+00
1029 0.000000e+00
1030 0.000000e+00
1031 0.000000e+00
1032 0.000000e+00
1033 0.000000e+00
1034 0.000000e+00
1035 9.542693e-07
1036 7.753845e-07
1037 5.806793e-07
1038 4.452128e-07
1039 3.098109e-07
1040 1.922507e-07
1041 1.199755e-07
1042 7.454048e-08
1043 0.000000e+00
1044 0.000000e+00
1045 0.000000e+00
1046 0.000000e+00
1047 0.000000e+00
1048 0.000000e+00
1049 0.000000e+00
1050 3.051620e-07
1051 2.651609e-07
1052 2.034545e-07
1053 1.526980e-07
1054 1.164678e-07
1055 7.169574e-08
1056 4.656341e-08
1057 2.825136e-08
1058 1.747769e-08
1059 0.000000e+00
1060 0.000000e+00
1061 0.000000e+00
1062 0.000000e+00
1063 0.000000e+00
1064 0.000000e+00
1065 4.205757e-07
1066 3.669956e-07
1067 2.823874e-07
1068 2.117116e-07
1069 1.618196e-07
1070 1.001655e-07
1071 6.498767e-08
1072 3.938396e-08
1073 2.434957e-08
1074 0.000000e+00
1075 0.000000e+00
1076 0.000000e+00
1077 0.000000e+00
1078 0.000000e+00
1079 0.000000e+00
1080 5.171489e-07
1081 4.521946e-07
1082 3.484356e-07
1083 2.610903e-07
1084 1.997682e-07
1085 1.240022e-07
1086 8.040865e-08
1087 4.870196e-08
1088 3.010228e-08
1089 0.000000e+00
1090 0.000000e+00
1091 0.000000e+00
1092 0.000000e+00
1093 0.000000e+00
1094 0.000000e+00
1095 6.029813e-07
1096 5.279201e-07
1097 4.071501e-07
1098 3.049846e-07
1099 2.335077e-07
1100 1.451897e-07
1101 9.411590e-08
1102 5.698495e-08
1103 3.521541e-08
1104 0.000000e+00
1105 0.000000e+00
1106 0.000000e+00
1107 0.000000e+00
1108 0.000000e+00
1109 0.000000e+00
1110 6.873098e-07
1111 6.023285e-07
1112 4.648444e-07
1113 3.481141e-07
1114 2.666508e-07
1115 1.660059e-07
1116 1.075834e-07
1117 6.512374e-08
1118 4.023863e-08
1119 0.000000e+00
1120 0.000000e+00
1121 0.000000e+00
1122 0.000000e+00
1123 0.000000e+00
1124 0.000000e+00
1125 7.944196e-07
1126 6.968449e-07
1127 5.381172e-07
1128 4.028926e-07
1129 3.087493e-07
1130 1.924458e-07
1131 1.246883e-07
1132 7.546077e-08
1133 4.661946e-08
1134 0.000000e+00
1135 0.000000e+00
1136 0.000000e+00
1137 0.000000e+00
1138 0.000000e+00
1139 0.000000e+00
1140 1.537429e-07
1141 1.411064e-07
1142 1.128108e-07
1143 8.385281e-08
1144 6.485769e-08
1145 4.358413e-08
1146 2.736422e-08
1147 1.652451e-08
1148 1.018656e-08
1149 0.000000e+00
1150 0.000000e+00
1151 0.000000e+00
1152 0.000000e+00
1153 0.000000e+00
1154 0.000000e+00
1155 2.694585e-07
1156 2.489657e-07
1157 2.003616e-07
1158 1.490384e-07
1159 1.150439e-07
1160 7.845321e-08
1161 4.880305e-08
1162 2.961994e-08
1163 1.824011e-08
1164 0.000000e+00
1165 0.000000e+00
1166 0.000000e+00
1167 0.000000e+00
1168 0.000000e+00
1169 0.000000e+00
1170 3.708245e-07
1171 3.436470e-07
1172 2.773997e-07
1173 2.064376e-07
1174 1.591933e-07
1175 1.092659e-07
1176 6.770401e-08
1177 4.120152e-08
1178 2.535456e-08
1179 0.000000e+00
1180 0.000000e+00
1181 0.000000e+00
1182 0.000000e+00
1183 0.000000e+00
1184 0.000000e+00
1185 4.606439e-07
1186 4.275326e-07
1187 3.456427e-07
1188 2.572873e-07
1189 1.983004e-07
1190 1.365577e-07
1191 8.444704e-08
1192 5.146092e-08
1193 3.165759e-08
1194 0.000000e+00
1195 0.000000e+00
1196 0.000000e+00
1197 0.000000e+00
1198 0.000000e+00
1199 0.000000e+00
1200 5.488285e-07
1201 5.099070e-07
1202 4.126624e-07
1203 3.072169e-07
1204 2.367015e-07
1205 1.633547e-07
1206 1.008854e-07
1207 6.153358e-08
1208 3.784574e-08
1209 0.000000e+00
1210 0.000000e+00
1211 0.000000e+00
1212 0.000000e+00
1213 0.000000e+00
1214 0.000000e+00
1215 6.608418e-07
1216 6.145305e-07
1217 4.977670e-07
1218 3.706390e-07
1219 2.854728e-07
1220 1.974000e-07
1221 1.217684e-07
1222 7.432411e-08
1223 4.570454e-08
1224 0.000000e+00
1225 0.000000e+00
1226 0.000000e+00
1227 0.000000e+00
1228 0.000000e+00
1229 0.000000e+00
1230 1.503226e-07
1231 1.448089e-07
1232 1.217621e-07
1233 9.153076e-08
1234 6.947676e-08
1235 5.145130e-08
1236 3.063397e-08
1237 1.944171e-08
1238 1.180889e-08
1239 7.248304e-09
1240 0.000000e+00
1241 0.000000e+00
1242 0.000000e+00
1243 0.000000e+00
1244 0.000000e+00
1245 2.528457e-07
1246 2.446987e-07
1247 2.069179e-07
1248 1.559638e-07
1249 1.181061e-07
1250 8.806703e-08
1251 5.246350e-08
1252 3.349153e-08
1253 2.028581e-08
1254 1.240558e-08
1255 0.000000e+00
1256 0.000000e+00
1257 0.000000e+00
1258 0.000000e+00
1259 0.000000e+00
1260 3.450385e-07
1261 3.345932e-07
1262 2.836233e-07
1263 2.140479e-07
1264 1.619265e-07
1265 1.210810e-07
1266 7.217530e-08
1267 4.617986e-08
1268 2.793604e-08
1269 1.705910e-08
1270 0.000000e+00
1271 0.000000e+00
1272 0.000000e+00
1273 0.000000e+00
1274 0.000000e+00
1275 4.352861e-07
1276 4.225774e-07
1277 3.587007e-07
1278 2.708869e-07
1279 2.048112e-07
1280 1.533918e-07
1281 9.145828e-08
1282 5.859221e-08
1283 3.542053e-08
1284 2.161340e-08
1285 0.000000e+00
1286 0.000000e+00
1287 0.000000e+00
1288 0.000000e+00
1289 0.000000e+00
1290 5.498992e-07
1291 5.343402e-07
1292 4.540570e-07
1293 3.430882e-07
1294 2.592823e-07
1295 1.944217e-07
1296 1.159526e-07
1297 7.435841e-08
1298 4.492859e-08
1299 2.739728e-08
1300 0.000000e+00
1301 0.000000e+00
1302 0.000000e+00
1303 0.000000e+00
1304 0.000000e+00
1305 1.548618e-07
1306 1.549019e-07
1307 1.364951e-07
1308 1.053195e-07
1309 7.857148e-08
1310 6.071730e-08
1311 3.723372e-08
1312 2.431169e-08
1313 1.444802e-08
1314 8.686418e-09
1315 0.000000e+00
1316 0.000000e+00
1317 0.000000e+00
1318 0.000000e+00
1319 0.000000e+00
1320 2.485733e-07
1321 2.493984e-07
1322 2.206644e-07
1323 1.707997e-07
1324 1.273029e-07
1325 9.848454e-08
1326 6.084553e-08
1327 3.963624e-08
1328 2.352344e-08
1329 1.414896e-08
1330 0.000000e+00
1331 0.000000e+00
1332 0.000000e+00
1333 0.000000e+00
1334 0.000000e+00
1335 3.399609e-07
1336 3.415517e-07
1337 3.027521e-07
1338 2.346573e-07
1339 1.748325e-07
1340 1.353177e-07
1341 8.387989e-08
1342 5.458129e-08
1343 3.237438e-08
1344 1.947644e-08
1345 0.000000e+00
1346 0.000000e+00
1347 0.000000e+00
1348 0.000000e+00
1349 0.000000e+00
1350 4.558994e-07
1351 4.584581e-07
1352 4.068866e-07
1353 3.156715e-07
1354 2.351277e-07
1355 1.820410e-07
1356 1.130998e-07
1357 7.354083e-08
1358 4.360452e-08
1359 2.623577e-08
1360 0.000000e+00
1361 0.000000e+00
1362 0.000000e+00
1363 0.000000e+00
1364 0.000000e+00
1365 1.655243e-07
1366 1.706816e-07
1367 1.567818e-07
1368 1.251477e-07
1369 9.283723e-08
1370 7.195510e-08
1371 4.796993e-08
1372 3.008963e-08
1373 1.780622e-08
1374 1.077628e-08
1375 0.000000e+00
1376 0.000000e+00
1377 0.000000e+00
1378 0.000000e+00
1379 0.000000e+00
1380 2.577719e-07
1381 2.663055e-07
1382 2.452763e-07
1383 1.963009e-07
1384 1.456472e-07
1385 1.127961e-07
1386 7.568140e-08
1387 4.726234e-08
1388 2.801460e-08
1389 1.695376e-08
1390 0.000000e+00
1391 0.000000e+00
1392 0.000000e+00
1393 0.000000e+00
1394 0.000000e+00
1395 3.741937e-07
1396 3.869759e-07
1397 3.569386e-07
1398 2.860721e-07
1399 2.122748e-07
1400 1.643242e-07
1401 1.106330e-07
1402 6.892615e-08
1403 4.089158e-08
1404 2.474633e-08
1405 0.000000e+00
1406 0.000000e+00
1407 0.000000e+00
1408 0.000000e+00
1409 0.000000e+00
1410 9.334065e-08
1411 9.841794e-08
1412 9.332599e-08
1413 7.692754e-08
1414 5.733443e-08
1415 4.391638e-08
1416 3.147467e-08
1417 1.879194e-08
1418 1.144920e-08
1419 6.890834e-09
1420 0.000000e+00
1421 0.000000e+00
1422 0.000000e+00
1423 0.000000e+00
1424 0.000000e+00
1425 1.855848e-07
1426 1.962737e-07
1427 1.869461e-07
1428 1.548846e-07
1429 1.156309e-07
1430 8.836471e-08
1431 6.390549e-08
1432 3.797672e-08
1433 2.331434e-08
1434 1.399884e-08
1435 0.000000e+00
1436 0.000000e+00
1437 0.000000e+00
1438 0.000000e+00
1439 0.000000e+00
1440 3.019795e-07
1441 3.197701e-07
1442 3.051342e-07
1443 2.533233e-07
1444 1.892577e-07
1445 1.444928e-07
1446 1.048734e-07
1447 6.221446e-08
1448 3.831035e-08
1449 2.298140e-08
1450 0.000000e+00
1451 0.000000e+00
1452 0.000000e+00
1453 0.000000e+00
1454 0.000000e+00
1455 1.205985e-07
1456 1.301465e-07
1457 1.276682e-07
1458 1.095210e-07
1459 8.298560e-08
1460 6.245382e-08
1461 4.745252e-08
1462 2.791695e-08
1463 1.796818e-08
1464 1.061884e-08
1465 6.237332e-09
1466 0.000000e+00
1467 0.000000e+00
1468 0.000000e+00
1469 0.000000e+00
1470 2.368728e-07
1471 2.560751e-07
1472 2.518543e-07
1473 2.167693e-07
1474 1.645652e-07
1475 1.236914e-07
1476 9.425642e-08
1477 5.559291e-08
1478 3.588340e-08
1479 2.117438e-08
1480 1.241157e-08
1481 0.000000e+00
1482 0.000000e+00
1483 0.000000e+00
1484 0.000000e+00
1485 1.764646e-07
1486 1.944087e-07
1487 1.965566e-07
1488 1.754178e-07
1489 1.364350e-07
1490 1.014230e-07
1491 7.883428e-08
1492 4.885018e-08
1493 3.170901e-08
1494 1.842649e-08
1495 1.074888e-08
1496 0.000000e+00
1497 0.000000e+00
1498 0.000000e+00
1499 0.000000e+00
1500 7.061463e-05
1501 5.317113e-05
1502 4.062475e-05
1503 2.869886e-05
1504 1.785707e-05
1505 1.132706e-05
1506 7.086054e-06
1507 0.000000e+00
1508 0.000000e+00
1509 0.000000e+00
1510 0.000000e+00
1511 0.000000e+00
1512 0.000000e+00
1513 0.000000e+00
1514 0.000000e+00
1515 5.596517e-05
1516 4.542306e-05
1517 3.387207e-05
1518 2.608587e-05
1519 1.817639e-05
1520 1.124140e-05
1521 6.956853e-06
1522 4.337857e-06
1523 0.000000e+00
1524 0.000000e+00
1525 0.000000e+00
1526 0.000000e+00
1527 0.000000e+00
1528 0.000000e+00
1529 0.000000e+00
1530 4.414859e-05
1531 3.878053e-05
1532 2.989378e-05
1533 2.233384e-05
1534 1.724584e-05
1535 1.061949e-05
1536 6.971114e-06
1537 4.206256e-06
1538 2.586891e-06
1539 0.000000e+00
1540 0.000000e+00
1541 0.000000e+00
1542 0.000000e+00
1543 0.000000e+00
1544 0.000000e+00
1545 3.567162e-05
1546 3.323503e-05
1547 2.692371e-05
1548 2.000533e-05
1549 1.543550e-05
1550 1.070292e-05
1551 6.586085e-06
1552 3.992682e-06
1553 2.463565e-06
1554 0.000000e+00
1555 0.000000e+00
1556 0.000000e+00
1557 0.000000e+00
1558 0.000000e+00
1559 0.000000e+00
1560 2.941865e-05
1561 2.863915e-05
1562 2.436349e-05
1563 1.838932e-05
1564 1.388480e-05
1565 1.047358e-05
1566 6.185518e-06
1567 3.986933e-06
1568 2.409124e-06
1569 1.466483e-06
1570 0.000000e+00
1571 0.000000e+00
1572 0.000000e+00
1573 0.000000e+00
1574 0.000000e+00
1575 2.455962e-05
1576 2.473942e-05
1577 2.199210e-05
1578 1.706067e-05
1579 1.268983e-05
1580 9.860380e-06
1581 6.103462e-06
1582 3.998327e-06
1583 2.365967e-06
1584 1.419269e-06
1585 0.000000e+00
1586 0.000000e+00
1587 0.000000e+00
1588 0.000000e+00
1589 0.000000e+00
1590 2.067391e-05
1591 2.141323e-05
1592 1.978734e-05
1593 1.587118e-05
1594 1.176429e-05
1595 9.115834e-06
1596 6.154236e-06
1597 3.831409e-06
1598 2.262932e-06
1599 1.373446e-06
1600 0.000000e+00
1601 0.000000e+00
1602 0.000000e+00
1603 0.000000e+00
1604 0.000000e+00
1605 1.747536e-05
1606 1.853179e-05
1607 1.771732e-05
1608 1.473032e-05
1609 1.100012e-05
1610 8.393577e-06
1611 6.122347e-06
1612 3.610491e-06
1613 2.224013e-06
1614 1.334001e-06
1615 0.000000e+00
1616 0.000000e+00
1617 0.000000e+00
1618 0.000000e+00
1619 0.000000e+00
1620 1.472524e-05
1621 1.594121e-05
1622 1.570879e-05
1623 1.354722e-05
1624 1.028831e-05
1625 7.724224e-06
1626 5.910172e-06
1627 3.472031e-06
1628 2.253550e-06
1629 1.329045e-06
1630 7.756583e-07
1631 0.000000e+00
1632 0.000000e+00
1633 0.000000e+00
1634 0.000000e+00
1635 1.221656e-05
1636 1.347823e-05
1637 1.365502e-05
1638 1.221694e-05
1639 9.514336e-06
1640 7.065420e-06
1641 5.502462e-06
1642 3.416127e-06
1643 2.223597e-06
1644 1.290021e-06
1645 7.521080e-07
1646 0.000000e+00
1647 0.000000e+00
1648 0.000000e+00
1649 0.000000e+00
1650 1.340299e-06
1651 1.017721e-06
1652 7.706659e-07
1653 5.464904e-07
1654 3.435954e-07
1655 2.184673e-07
1656 1.363525e-07
1657 0.000000e+00
1658 0.000000e+00
1659 0.000000e+00
1660 0.000000e+00
1661 0.000000e+00
1662 0.000000e+00
1663 0.000000e+00
1664 0.000000e+00
1665 1.223401e-06
1666 9.958934e-07
1667 7.460998e-07
1668 5.718715e-07
1669 3.991494e-07
1670 2.473911e-07
1671 1.545564e-07
1672 9.598043e-08
1673 0.000000e+00
1674 0.000000e+00
1675 0.000000e+00
1676 0.000000e+00
1677 0.000000e+00
1678 0.000000e+00
1679 0.000000e+00
1680 1.089763e-06
1681 9.576258e-07
1682 7.403761e-07
1683 5.541279e-07
1684 4.249809e-07
1685 2.654373e-07
1686 1.719186e-07
1687 1.040015e-07
1688 6.423607e-08
1689 0.000000e+00
1690 0.000000e+00
1691 0.000000e+00
1692 0.000000e+00
1693 0.000000e+00
1694 0.000000e+00
1695 9.694671e-07
1696 9.029746e-07
1697 7.325096e-07
1698 5.455851e-07
1699 4.200474e-07
1700 2.913572e-07
1701 1.793997e-07
1702 1.096669e-07
1703 6.739885e-08
1704 0.000000e+00
1705 0.000000e+00
1706 0.000000e+00
1707 0.000000e+00
1708 0.000000e+00
1709 0.000000e+00
1710 8.660154e-07
1711 8.427064e-07
1712 7.172373e-07
1713 5.423855e-07
1714 4.096559e-07
1715 3.077167e-07
1716 1.835788e-07
1717 1.178875e-07
1718 7.117796e-08
1719 4.336701e-08
1720 0.000000e+00
1721 0.000000e+00
1722 0.000000e+00
1723 0.000000e+00
1724 0.000000e+00
1725 7.757450e-07
1726 7.811220e-07
1727 6.943745e-07
1728 5.393434e-07
1729 4.016154e-07
1730 3.110621e-07
1731 1.937830e-07
1732 1.258901e-07
1733 7.461016e-08
1734 4.489868e-08
1735 0.000000e+00
1736 0.000000e+00
1737 0.000000e+00
1738 0.000000e+00
1739 0.000000e+00
1740 6.954357e-07
1741 7.200854e-07
1742 6.652463e-07
1743 5.339666e-07
1744 3.962733e-07
1745 3.066278e-07
1746 2.071593e-07
1747 1.287568e-07
1748 7.645574e-08
1749 4.626770e-08
1750 0.000000e+00
1751 0.000000e+00
1752 0.000000e+00
1753 0.000000e+00
1754 0.000000e+00
1755 6.230296e-07
1756 6.605250e-07
1757 6.312723e-07
1758 5.249832e-07
1759 3.924470e-07
1760 2.994019e-07
1761 2.179226e-07
1762 1.291042e-07
1763 7.969224e-08
1764 4.776950e-08
1765 0.000000e+00
1766 0.000000e+00
1767 0.000000e+00
1768 0.000000e+00
1769 0.000000e+00
1770 5.564328e-07
1771 6.022634e-07
1772 5.932655e-07
1773 5.116127e-07
1774 3.888335e-07
1775 2.920592e-07
1776 2.229147e-07
1777 1.316682e-07
1778 8.512329e-08
1779 5.018780e-08
1780 2.938323e-08
1781 0.000000e+00
1782 0.000000e+00
1783 0.000000e+00
1784 0.000000e+00
1785 4.935656e-07
1786 5.444572e-07
1787 5.514137e-07
1788 4.932169e-07
1789 3.842888e-07
1790 2.855628e-07
1791 2.220253e-07
1792 1.382125e-07
1793 8.954863e-08
1794 5.200068e-08
1795 3.036430e-08
1796 0.000000e+00
1797 0.000000e+00
1798 0.000000e+00
1799 0.000000e+00
1800 4.698927e-09
1801 3.266349e-09
1802 2.177304e-09
1803 1.413035e-09
1804 9.241410e-10
1805 6.148901e-10
1806 4.188285e-10
1807 2.895336e-10
1808 1.996624e-10
1809 1.346801e-10
1810 8.737894e-11
1811 5.390214e-11
1812 3.145049e-11
1813 1.737809e-11
1814 9.154412e-12
1815 1.162552e-08
1816 8.402449e-09
1817 5.856981e-09
1818 3.881700e-09
1819 2.495026e-09
1820 1.618387e-09
1821 1.066572e-09
1822 7.216720e-10
1823 4.973921e-10
1824 3.432011e-10
1825 2.321637e-10
1826 1.512543e-10
1827 9.371554e-11
1828 5.488044e-11
1829 3.038864e-11
1830 1.819016e-08
1831 1.347901e-08
1832 9.618883e-09
1833 6.590908e-09
1834 4.274754e-09
1835 2.741249e-09
1836 1.774968e-09
1837 1.174881e-09
1838 7.972542e-10
1839 5.488247e-10
1840 3.759603e-10
1841 2.511052e-10
1842 1.609001e-10
1843 9.783511e-11
1844 5.623606e-11
1845 2.489498e-08
1846 1.890949e-08
1847 1.370898e-08
1848 9.600897e-09
1849 6.380562e-09
1850 4.066364e-09
1851 2.614022e-09
1852 1.698796e-09
1853 1.134148e-09
1854 7.735064e-10
1855 5.306595e-10
1856 3.588293e-10
1857 2.347968e-10
1858 1.466727e-10
1859 8.680216e-11
1860 3.188687e-08
1861 2.483927e-08
1862 1.829123e-08
1863 1.299124e-08
1864 8.837061e-09
1865 5.670161e-09
1866 3.619439e-09
1867 2.323380e-09
1868 1.527710e-09
1869 1.029536e-09
1870 7.034947e-10
1871 4.782692e-10
1872 3.172764e-10
1873 2.021943e-10
1874 1.225241e-10
1875 3.940209e-08
1876 3.148361e-08
1877 2.360164e-08
1878 1.695416e-08
1879 1.174557e-08
1880 7.669531e-09
1881 4.857093e-09
1882 3.101623e-09
1883 2.009695e-09
1884 1.335652e-09
1885 9.053542e-10
1886 6.158029e-10
1887 4.120702e-10
1888 2.666770e-10
1889 1.648782e-10
1890 4.774608e-08
1891 3.913985e-08
1892 2.993613e-08
1893 2.177267e-08
1894 1.529462e-08
1895 1.020569e-08
1896 6.457052e-09
1897 4.109140e-09
1898 2.624403e-09
1899 1.719455e-09
1900 1.152978e-09
1901 7.813171e-10
1902 5.251754e-10
1903 3.438658e-10
1904 2.162960e-10
1905 5.736145e-08
1906 4.827805e-08
1907 3.780546e-08
1908 2.791582e-08
1909 1.984313e-08
1910 1.352224e-08
1911 8.651391e-09
1912 5.464155e-09
1913 3.456038e-09
1914 2.231252e-09
1915 1.475201e-09
1916 9.917334e-10
1917 6.667537e-10
1918 4.401430e-10
1919 2.809498e-10
1920 6.961371e-08
1921 6.032978e-08
1922 4.862230e-08
1923 3.667133e-08
1924 2.641550e-08
1925 1.834992e-08
1926 1.201878e-08
1927 7.538328e-09
1928 4.751928e-09
1929 3.013699e-09
1930 1.955445e-09
1931 1.296290e-09
1932 8.668059e-10
1933 5.744069e-10
1934 3.711592e-10
1935 9.149218e-08
1936 8.280781e-08
1937 6.994717e-08
1938 5.503045e-08
1939 4.078128e-08
1940 2.900651e-08
1941 1.975061e-08
1942 1.264265e-08
1943 7.898104e-09
1944 4.918777e-09
1945 3.097506e-09
1946 1.990368e-09
1947 1.301284e-09
1948 8.548835e-10
1949 5.555866e-10
1950 2.107089e-07
1951 2.158247e-07
1952 2.101588e-07
1953 1.926644e-07
1954 1.648907e-07
1955 1.311748e-07
1956 9.773303e-08
1957 6.956183e-08
1958 4.749487e-08
1959 3.016311e-08
1960 1.823173e-08
1961 1.083848e-08
1962 6.362290e-09
1963 3.732305e-09
1964 2.209040e-09
