0 2.307682e-09
1 1.556846e-09
2 1.015709e-09
3 6.571622e-10
4 4.285877e-10
5 2.826548e-10
6 1.878726e-10
7 1.241602e-10
8 8.031801e-11
9 5.021758e-11
10 3.008088e-11
11 1.723793e-11
12 9.490459e-12
13 5.074620e-12
14 2.671880e-12
15 3.709068e-09
16 2.555927e-09
17 1.690512e-09
18 1.090583e-09
19 7.056428e-10
20 4.608981e-10
21 3.049182e-10
22 2.024334e-10
23 1.328111e-10
24 8.476802e-11
25 5.205634e-11
26 3.059664e-11
27 1.721849e-11
28 9.342309e-12
29 4.955693e-12
30 4.218130e-09
31 2.924192e-09
32 1.945065e-09
33 1.255515e-09
34 8.105682e-10
35 5.280396e-10
36 3.485759e-10
37 2.314259e-10
38 1.522503e-10
39 9.768497e-11
40 6.039083e-11
41 3.574981e-11
42 2.025678e-11
43 1.104980e-11
44 5.878263e-12
45 4.512132e-09
46 3.136865e-09
47 2.091908e-09
48 1.350946e-09
49 8.713344e-10
50 5.668817e-10
51 3.737912e-10
52 2.481678e-10
53 1.634689e-10
54 1.051282e-10
55 6.522707e-11
56 3.872708e-11
57 2.201597e-11
58 1.203675e-11
59 6.411662e-12
60 4.717210e-09
61 3.285395e-09
62 2.194286e-09
63 1.417371e-09
64 9.137138e-10
65 5.939969e-10
66 3.913928e-10
67 2.598555e-10
68 1.713127e-10
69 1.103396e-10
70 6.855407e-11
71 4.080611e-11
72 2.324155e-11
73 1.272479e-11
74 6.782791e-12
75 4.876560e-09
76 3.399994e-09
77 2.273635e-09
78 1.468831e-09
79 9.463247e-10
80 6.149005e-10
81 4.049945e-10
82 2.688811e-10
83 1.773761e-10
84 1.143681e-10
85 7.115310e-11
86 4.241119e-11
87 2.418623e-11
88 1.325459e-11
89 7.070321e-12
90 5.007114e-09
91 3.494796e-09
92 2.339189e-09
93 1.511391e-09
94 9.734303e-10
95 6.322634e-10
96 4.162679e-10
97 2.763561e-10
98 1.823808e-10
99 1.176852e-10
100 7.329908e-11
101 4.374157e-11
102 2.497132e-11
103 1.369566e-11
104 7.308607e-12
105 5.123990e-09
106 3.579609e-09
107 2.397711e-09
108 1.549271e-09
109 9.975236e-10
110 6.476300e-10
111 4.262863e-10
112 2.830127e-10
113 1.868238e-10
114 1.206570e-10
115 7.522196e-11
116 4.492423e-11
117 2.566846e-11
118 1.408720e-11
119 7.520728e-12
120 5.237699e-09
121 3.661366e-09
122 2.454015e-09
123 1.585977e-09
124 1.021025e-09
125 6.626907e-10
126 4.358362e-10
127 2.894650e-10
128 1.911691e-10
129 1.235198e-10
130 7.707119e-11
131 4.607076e-11
132 2.634247e-11
133 1.446511e-11
134 7.726046e-12
135 5.375284e-09
136 3.761463e-09
137 2.522844e-09
138 1.630598e-09
139 1.049306e-09
140 6.807582e-10
141 4.477569e-10
142 2.972781e-10
143 1.964476e-10
144 1.270231e-10
145 7.931594e-11
146 4.746680e-11
147 2.716659e-11
148 1.492870e-11
149 7.975412e-12
150 7.201461e-09
151 5.115894e-09
152 3.491959e-09
153 2.276755e-09
154 1.459560e-09
155 9.412192e-10
156 6.139932e-10
157 4.061891e-10
158 2.691561e-10
159 1.758010e-10
160 1.115063e-10
161 6.794845e-11
162 3.962108e-11
163 2.212049e-11
164 1.193990e-11
165 8.949700e-09
166 6.423360e-09
167 4.439491e-09
168 2.927578e-09
169 1.874028e-09
170 1.204479e-09
171 7.806693e-10
172 5.138203e-10
173 3.405680e-10
174 2.236149e-10
175 1.432224e-10
176 8.841311e-11
177 5.227523e-11
178 2.956488e-11
179 1.611182e-11
180 1.000096e-08
181 7.214059e-09
182 5.013014e-09
183 3.323545e-09
184 2.127996e-09
185 1.365464e-09
186 8.825933e-10
187 5.795413e-10
188 3.838664e-10
189 2.526812e-10
190 1.625124e-10
191 1.008590e-10
192 6.001329e-11
193 3.413974e-11
194 1.868133e-11
195 1.073718e-08
196 7.767230e-09
197 5.414665e-09
198 3.600469e-09
199 2.306147e-09
200 1.478283e-09
201 9.539675e-10
202 6.256361e-10
203 4.143125e-10
204 2.729663e-10
205 1.759959e-10
206 1.096066e-10
207 6.542592e-11
208 3.733849e-11
209 2.048512e-11
210 1.130567e-08
211 8.194256e-09
212 5.724733e-09
213 3.814723e-09
214 2.443174e-09
215 1.565082e-09
216 1.008876e-09
217 6.610891e-10
218 4.378058e-10
219 2.886521e-10
220 1.864115e-10
221 1.163267e-10
222 6.959924e-11
223 3.980798e-11
224 2.187644e-11
225 1.177386e-08
226 8.546374e-09
227 5.979940e-09
228 3.991085e-09
229 2.556257e-09
230 1.636847e-09
231 1.054324e-09
232 6.903184e-10
233 4.570353e-10
234 3.015530e-10
235 1.950053e-10
236 1.218723e-10
237 7.304124e-11
238 4.184082e-11
239 2.301955e-11
240 1.219466e-08
241 8.862002e-09
242 6.209322e-09
243 4.149098e-09
244 2.657646e-09
245 1.700825e-09
246 1.095033e-09
247 7.165870e-10
248 4.743291e-10
249 3.131495e-10
250 2.027036e-10
251 1.268504e-10
252 7.614350e-11
253 4.367019e-11
254 2.405090e-11
255 1.259956e-08
256 9.167013e-09
257 6.431807e-09
258 4.302529e-09
259 2.756371e-09
260 1.763417e-09
261 1.134216e-09
262 7.420749e-10
263 4.910742e-10
264 3.242651e-10
265 2.101005e-10
266 1.316668e-10
267 7.909817e-11
268 4.544534e-11
269 2.504850e-11
270 1.309624e-08
271 9.540008e-09
272 6.700916e-09
273 4.488669e-09
274 2.875094e-09
275 1.838684e-09
276 1.182293e-09
277 7.728363e-10
278 5.114625e-10
279 3.380627e-10
280 2.192212e-10
281 1.375563e-10
282 8.276505e-11
283 4.759067e-11
284 2.625032e-11
285 1.192590e-08
286 8.699786e-09
287 6.111881e-09
288 4.112997e-09
289 2.646706e-09
290 1.692305e-09
291 1.088000e-09
292 7.096209e-10
293 4.684434e-10
294 3.088404e-10
295 2.001264e-10
296 1.256653e-10
297 7.580105e-11
298 4.374516e-11
299 2.423584e-11
300 1.392602e-08
301 1.025570e-08
302 7.261082e-09
303 4.936343e-09
304 3.196477e-09
305 2.038080e-09
306 1.306608e-09
307 8.477332e-10
308 5.576698e-10
309 3.680264e-10
310 2.395619e-10
311 1.516368e-10
312 9.237471e-11
313 5.386143e-11
314 3.010908e-11
315 1.535221e-08
316 1.136763e-08
317 8.084178e-09
318 5.526441e-09
319 3.592590e-09
320 2.286984e-09
321 1.463772e-09
322 9.470624e-10
323 6.218665e-10
324 4.103927e-10
325 2.678485e-10
326 1.702621e-10
327 1.042737e-10
328 6.114540e-11
329 3.435060e-11
330 1.645587e-08
331 1.222851e-08
332 8.720412e-09
333 5.982794e-09
334 3.898129e-09
335 2.479291e-09
336 1.585024e-09
337 1.023727e-09
338 6.714177e-10
339 4.431777e-10
340 2.897180e-10
341 1.846664e-10
342 1.134626e-10
343 6.676560e-11
344 3.762818e-11
345 1.736518e-08
346 1.293882e-08
347 9.246011e-09
348 6.359442e-09
349 4.150455e-09
350 2.638547e-09
351 1.685607e-09
352 1.087065e-09
353 7.123753e-10
354 4.702345e-10
355 3.077891e-10
356 1.965684e-10
357 1.210596e-10
358 7.141153e-11
359 4.033363e-11
360 1.817753e-08
361 1.357018e-08
362 9.713649e-09
363 6.694644e-09
364 4.375729e-09
365 2.779910e-09
366 1.775107e-09
367 1.143488e-09
368 7.487904e-10
369 4.943788e-10
370 3.238586e-10
371 2.071619e-10
372 1.278425e-10
373 7.554866e-11
374 4.274532e-11
375 1.896566e-08
376 1.418659e-08
377 1.017033e-08
378 7.021362e-09
379 4.594331e-09
380 2.917750e-09
381 1.861977e-09
382 1.198370e-09
383 7.842778e-10
384 5.177868e-10
385 3.394779e-10
386 2.174520e-10
387 1.344133e-10
388 7.957213e-11
389 4.508682e-11
390 1.992190e-08
391 1.493171e-08
392 1.072071e-08
393 7.417397e-09
394 4.859818e-09
395 3.084320e-09
396 1.967378e-09
397 1.264748e-09
398 8.273551e-10
399 5.463297e-10
400 3.584532e-10
401 2.299714e-10
402 1.423806e-10
403 8.445902e-11
404 4.793081e-11
405 1.689339e-08
406 1.262614e-08
407 9.035694e-09
408 6.225022e-09
409 4.084371e-09
410 2.598501e-09
411 1.660889e-09
412 1.069211e-09
413 6.990355e-10
414 4.606127e-10
415 3.012226e-10
416 1.925072e-10
417 1.187912e-10
418 7.028209e-11
419 3.984328e-11
420 1.914398e-08
421 1.444713e-08
422 1.040879e-08
423 7.225599e-09
424 4.781507e-09
425 3.043581e-09
426 1.941049e-09
427 1.244058e-09
428 8.102432e-10
429 5.330378e-10
430 3.492385e-10
431 2.243512e-10
432 1.394744e-10
433 8.322681e-11
434 4.757664e-11
435 2.089837e-08
436 1.586923e-08
437 1.148253e-08
438 8.006538e-09
439 5.325795e-09
440 3.391976e-09
441 2.160124e-09
442 1.380829e-09
443 8.971992e-10
444 5.896123e-10
445 3.867537e-10
446 2.492248e-10
447 1.556116e-10
448 9.333669e-11
449 5.363378e-11
450 2.234532e-08
451 1.704366e-08
452 1.236950e-08
453 8.653175e-09
454 5.777411e-09
455 3.680199e-09
456 2.341408e-09
457 1.494016e-09
458 9.691204e-10
459 6.363933e-10
460 4.177469e-10
461 2.697478e-10
462 1.689812e-10
463 1.017148e-10
464 5.863905e-11
465 2.364051e-08
466 1.809154e-08
467 1.315995e-08
468 9.229089e-09
469 6.178820e-09
470 3.936680e-09
471 2.502943e-09
472 1.594859e-09
473 1.033048e-09
474 6.780574e-10
475 4.453709e-10
476 2.880892e-10
477 1.808655e-10
478 1.091770e-10
479 6.309776e-11
480 2.489108e-08
481 1.910579e-08
482 1.392645e-08
483 9.787330e-09
484 6.567397e-09
485 4.186132e-09
486 2.659624e-09
487 1.692805e-09
488 1.095236e-09
489 7.185051e-10
490 4.721863e-10
491 3.058489e-10
492 1.924316e-10
493 1.163658e-10
494 6.742085e-11
495 2.641281e-08
496 2.033809e-08
497 1.485655e-08
498 1.046484e-08
499 7.039880e-09
500 4.488208e-09
501 2.850000e-09
502 1.811355e-09
503 1.170659e-09
504 7.676377e-10
505 5.047467e-10
506 3.274644e-10
507 2.064411e-10
508 1.251469e-10
509 7.267535e-11
510 2.226167e-08
511 1.704383e-08
512 1.240205e-08
513 8.689454e-09
514 5.823367e-09
515 3.723982e-09
516 2.366766e-09
517 1.509418e-09
518 9.770391e-10
519 6.402697e-10
520 4.198403e-10
521 2.711956e-10
522 1.701525e-10
523 1.026903e-10
524 5.941901e-11
525 2.479225e-08
526 1.917145e-08
527 1.405015e-08
528 9.902058e-09
529 6.689238e-09
530 4.296843e-09
531 2.723942e-09
532 1.732863e-09
533 1.116978e-09
534 7.298124e-10
535 4.785431e-10
536 3.100801e-10
537 1.956229e-10
538 1.189157e-10
539 6.934413e-11
540 2.689509e-08
541 2.094025e-08
542 1.541710e-08
543 1.091022e-08
544 7.409168e-09
545 4.772919e-09
546 3.020805e-09
547 1.918643e-09
548 1.233318e-09
549 8.042119e-10
550 5.272597e-10
551 3.423348e-10
552 2.167976e-10
553 1.323873e-10
554 7.758203e-11
555 2.876831e-08
556 2.251390e-08
557 1.663570e-08
558 1.180705e-08
559 8.050234e-09
560 5.196790e-09
561 3.285722e-09
562 2.084169e-09
563 1.336796e-09
564 8.704037e-10
565 5.706830e-10
566 3.711058e-10
567 2.356432e-10
568 1.444087e-10
569 8.493819e-11
570 3.058203e-08
571 2.403797e-08
572 1.781633e-08
573 1.267826e-08
574 8.670505e-09
575 5.608293e-09
576 3.541834e-09
577 2.244941e-09
578 1.437157e-09
579 9.346307e-10
580 6.127733e-10
581 3.989532e-10
582 2.539226e-10
583 1.560289e-10
584 9.205810e-11
585 3.278307e-08
586 2.589440e-08
587 1.925093e-08
588 1.373433e-08
589 9.425190e-09
590 6.107571e-09
591 3.853749e-09
592 2.439401e-09
593 1.558975e-09
594 1.012598e-09
595 6.639418e-10
596 4.328479e-10
597 2.761226e-10
598 1.701990e-10
599 1.007055e-10
600 2.816549e-08
601 2.208928e-08
602 1.635719e-08
603 1.161893e-08
604 7.930980e-09
605 5.141228e-09
606 3.250624e-09
607 2.063476e-09
608 1.321586e-09
609 8.590784e-10
610 5.623737e-10
611 3.653738e-10
612 2.320146e-10
613 1.423275e-10
614 8.387575e-11
615 3.105664e-08
616 2.460426e-08
617 1.836130e-08
618 1.311493e-08
619 9.013413e-09
620 5.882480e-09
621 3.715407e-09
622 2.354917e-09
623 1.501719e-09
624 9.724870e-10
625 6.356334e-10
626 4.135555e-10
627 2.637508e-10
628 1.627633e-10
629 9.659182e-11
630 3.363044e-08
631 2.684536e-08
632 2.014527e-08
633 1.444841e-08
634 9.978339e-09
635 6.543295e-09
636 4.130389e-09
637 2.614847e-09
638 1.662098e-09
639 1.073557e-09
640 7.009887e-10
641 4.565550e-10
642 2.920050e-10
643 1.810103e-10
644 1.079513e-10
645 3.611613e-08
646 2.901399e-08
647 2.187319e-08
648 1.573851e-08
649 1.091122e-08
650 7.182624e-09
651 4.531584e-09
652 2.866163e-09
653 1.817274e-09
654 1.171496e-09
655 7.642544e-10
656 4.981037e-10
657 3.193606e-10
658 1.986118e-10
659 1.189255e-10
660 3.915515e-08
661 3.166037e-08
662 2.397939e-08
663 1.730962e-08
664 1.204875e-08
665 7.962234e-09
666 5.019135e-09
667 3.172580e-09
668 2.006126e-09
669 1.290543e-09
670 8.412466e-10
671 5.488053e-10
672 3.526971e-10
673 2.201318e-10
674 1.322982e-10
675 3.482105e-08
676 2.797561e-08
677 2.111478e-08
678 1.520119e-08
679 1.053590e-08
680 6.950491e-09
681 4.396031e-09
682 2.779974e-09
683 1.762647e-09
684 1.135247e-09
685 7.393809e-10
686 4.812246e-10
687 3.082366e-10
688 1.916337e-10
689 1.147871e-10
690 3.825747e-08
691 3.107145e-08
692 2.365893e-08
693 1.713696e-08
694 1.195112e-08
695 7.945249e-09
696 5.035838e-09
697 3.177824e-09
698 2.007248e-09
699 1.287291e-09
700 8.361407e-10
701 5.441553e-10
702 3.495076e-10
703 2.184618e-10
704 1.317258e-10
705 4.158623e-08
706 3.407031e-08
707 2.612126e-08
708 1.901060e-08
709 1.331833e-08
710 8.908147e-09
711 5.654631e-09
712 3.562770e-09
713 2.244089e-09
714 1.434531e-09
715 9.297766e-10
716 6.050066e-10
717 3.894743e-10
718 2.443766e-10
719 1.481061e-10
720 4.564596e-08
721 3.772200e-08
722 2.912282e-08
723 2.129213e-08
724 1.498522e-08
725 1.008131e-08
726 6.407244e-09
727 4.031368e-09
728 2.532370e-09
729 1.613860e-09
730 1.043775e-09
731 6.791868e-10
732 4.381505e-10
733 2.760110e-10
734 1.680504e-10
735 4.272563e-08
736 3.520593e-08
737 2.715606e-08
738 1.985071e-08
739 1.394968e-08
740 9.375477e-09
741 5.981370e-09
742 3.762077e-09
743 2.368212e-09
744 1.509135e-09
745 9.749126e-10
746 6.332756e-10
747 4.076669e-10
748 2.563219e-10
749 1.558633e-10
750 4.714281e-08
751 3.931791e-08
752 3.064774e-08
753 2.257206e-08
754 1.595951e-08
755 1.081747e-08
756 6.941044e-09
757 4.355831e-09
758 2.735857e-09
759 1.734254e-09
760 1.115423e-09
761 7.231284e-10
762 4.661899e-10
763 2.943468e-10
764 1.801444e-10
765 5.252526e-08
766 4.431954e-08
767 3.489926e-08
768 2.588662e-08
769 1.840622e-08
770 1.257058e-08
771 8.108514e-09
772 5.077446e-09
773 3.182497e-09
774 2.008091e-09
775 1.286236e-09
776 8.324502e-10
777 5.373580e-10
778 3.406619e-10
779 2.096729e-10
780 5.298131e-08
781 4.490991e-08
782 3.555619e-08
783 2.650404e-08
784 1.890149e-08
785 1.295071e-08
786 8.407715e-09
787 5.269637e-09
788 3.303436e-09
789 2.077729e-09
790 1.326480e-09
791 8.558443e-10
792 5.515218e-10
793 3.496721e-10
794 2.156576e-10
795 6.025321e-08
796 5.190781e-08
797 4.173413e-08
798 3.148415e-08
799 2.264258e-08
800 1.566677e-08
801 1.028448e-08
802 6.447689e-09
803 4.033046e-09
804 2.519516e-09
805 1.597274e-09
806 1.025454e-09
807 6.601100e-10
808 4.199126e-10
809 2.606913e-10
810 7.080952e-08
811 6.246040e-08
812 5.147349e-08
813 3.968085e-08
814 2.897851e-08
815 2.032708e-08
816 1.360811e-08
817 8.621791e-09
818 5.367382e-09
819 3.329149e-09
820 2.084589e-09
821 1.322408e-09
822 8.453444e-10
823 5.377275e-10
824 3.360206e-10
825 6.027655e-07
826 4.574728e-07
827 3.414496e-07
828 2.366137e-07
829 1.499208e-07
830 9.475454e-08
831 5.933500e-08
832 0.000000e+00
833 0.000000e+00
834 0.000000e+00
835 0.000000e+00
836 0.000000e+00
837 0.000000e+00
838 0.000000e+00
839 0.000000e+00
840 7.374752e-07
841 5.612706e-07
842 4.195305e-07
843 2.930535e-07
844 1.862541e-07
845 1.177339e-07
846 7.363330e-08
847 0.000000e+00
848 0.000000e+00
849 0.000000e+00
850 0.000000e+00
851 0.000000e+00
852 0.000000e+00
853 0.000000e+00
854 0.000000e+00
855 8.319830e-07
856 6.341235e-07
857 4.743418e-07
858 3.326688e-07
859 2.117828e-07
860 1.338790e-07
861 8.368157e-08
862 0.000000e+00
863 0.000000e+00
864 0.000000e+00
865 0.000000e+00
866 0.000000e+00
867 0.000000e+00
868 0.000000e+00
869 0.000000e+00
870 9.049830e-07
871 6.903987e-07
872 5.166774e-07
873 3.632693e-07
874 2.314959e-07
875 1.463477e-07
876 9.144163e-08
877 0.000000e+00
878 0.000000e+00
879 0.000000e+00
880 0.000000e+00
881 0.000000e+00
882 0.000000e+00
883 0.000000e+00
884 0.000000e+00
885 9.653637e-07
886 7.369436e-07
887 5.517001e-07
888 3.885773e-07
889 2.478020e-07
890 1.566616e-07
891 9.786101e-08
892 0.000000e+00
893 0.000000e+00
894 0.000000e+00
895 0.000000e+00
896 0.000000e+00
897 0.000000e+00
898 0.000000e+00
899 0.000000e+00
900 1.019198e-06
901 7.784512e-07
902 5.829208e-07
903 4.111434e-07
904 2.623410e-07
905 1.658581e-07
906 1.035859e-07
907 0.000000e+00
908 0.000000e+00
909 0.000000e+00
910 0.000000e+00
911 0.000000e+00
912 0.000000e+00
913 0.000000e+00
914 0.000000e+00
915 1.071414e-06
916 8.187135e-07
917 6.132074e-07
918 4.330369e-07
919 2.764432e-07
920 1.747767e-07
921 1.091376e-07
922 0.000000e+00
923 0.000000e+00
924 0.000000e+00
925 0.000000e+00
926 0.000000e+00
927 0.000000e+00
928 0.000000e+00
929 0.000000e+00
930 1.134973e-06
931 8.677185e-07
932 6.500753e-07
933 4.596898e-07
934 2.936095e-07
935 1.856342e-07
936 1.158941e-07
937 0.000000e+00
938 0.000000e+00
939 0.000000e+00
940 0.000000e+00
941 0.000000e+00
942 0.000000e+00
943 0.000000e+00
944 0.000000e+00
945 3.312939e-07
946 2.618865e-07
947 1.968163e-07
948 1.487081e-07
949 9.885411e-08
950 6.229083e-08
951 3.864644e-08
952 2.407568e-08
953 0.000000e+00
954 0.000000e+00
955 0.000000e+00
956 0.000000e+00
957 0.000000e+00
958 0.000000e+00
959 0.000000e+00
960 4.921804e-07
961 3.934957e-07
962 2.960831e-07
963 2.240651e-07
964 1.517459e-07
965 9.520327e-08
966 5.935133e-08
967 3.684901e-08
968 0.000000e+00
969 0.000000e+00
970 0.000000e+00
971 0.000000e+00
972 0.000000e+00
973 0.000000e+00
974 0.000000e+00
975 6.097464e-07
976 4.901338e-07
977 3.691656e-07
978 2.794857e-07
979 1.908508e-07
980 1.196157e-07
981 7.471880e-08
982 4.631700e-08
983 0.000000e+00
984 0.000000e+00
985 0.000000e+00
986 0.000000e+00
987 0.000000e+00
988 0.000000e+00
989 0.000000e+00
990 7.005672e-07
991 5.648477e-07
992 4.256671e-07
993 3.223362e-07
994 2.210836e-07
995 1.385009e-07
996 8.660249e-08
997 5.363975e-08
998 0.000000e+00
999 0.000000e+00
1000 0.000000e+00
1001 0.000000e+00
1002 0.000000e+00
1003 0.000000e+00
1004 0.000000e+00
1005 7.757042e-07
1006 6.266179e-07
1007 4.723870e-07
1008 3.577658e-07
1009 2.460818e-07
1010 1.541138e-07
1011 9.642747e-08
1012 5.969425e-08
1013 0.000000e+00
1014 0.000000e+00
1015 0.000000e+00
1016 0.000000e+00
1017 0.000000e+00
1018 0.000000e+00
1019 0.000000e+00
1020 8.426890e-07
1021 6.816931e-07
1022 5.140393e-07
1023 3.893555e-07
1024 2.683700e-07
1025 1.680362e-07
1026 1.051879e-07
1027 6.509282e-08
1028 0.000000e+00
1029 0.000000e+00
1030 0.000000e+00
1031 0.000000e+00
1032 0.000000e+00
1033 0.000000e+00
1034 0.000000e+00
1035 9.076532e-07
1036 7.351066e-07
1037 5.544415e-07
1038 4.199938e-07
1039 2.899892e-07
1040 1.815389e-07
1041 1.136851e-07
1042 7.032811e-08
1043 0.000000e+00
1044 0.000000e+00
1045 0.000000e+00
1046 0.000000e+00
1047 0.000000e+00
1048 0.000000e+00
1049 0.000000e+00
1050 9.867446e-07
1051 8.001568e-07
1052 6.036349e-07
1053 4.573019e-07
1054 3.163111e-07
1055 1.979802e-07
1056 1.240309e-07
1057 7.670317e-08
1058 0.000000e+00
1059 0.000000e+00
1060 0.000000e+00
1061 0.000000e+00
1062 0.000000e+00
1063 0.000000e+00
1064 0.000000e+00
1065 2.990969e-07
1066 2.543764e-07
1067 1.940035e-07
1068 1.465838e-07
1069 1.083328e-07
1070 6.732791e-08
1071 4.294939e-08
1072 2.623175e-08
1073 1.627636e-08
1074 0.000000e+00
1075 0.000000e+00
1076 0.000000e+00
1077 0.000000e+00
1078 0.000000e+00
1079 0.000000e+00
1080 4.264074e-07
1081 3.661968e-07
1082 2.809419e-07
1083 2.118155e-07
1084 1.577019e-07
1085 9.890937e-08
1086 6.302031e-08
1087 3.844702e-08
1088 2.380455e-08
1089 0.000000e+00
1090 0.000000e+00
1091 0.000000e+00
1092 0.000000e+00
1093 0.000000e+00
1094 0.000000e+00
1095 5.266240e-07
1096 4.544488e-07
1097 3.497059e-07
1098 2.634252e-07
1099 1.967438e-07
1100 1.240028e-07
1101 7.893452e-08
1102 4.814594e-08
1103 2.977976e-08
1104 0.000000e+00
1105 0.000000e+00
1106 0.000000e+00
1107 0.000000e+00
1108 0.000000e+00
1109 0.000000e+00
1110 6.094327e-07
1111 5.273498e-07
1112 4.065005e-07
1113 3.060536e-07
1114 2.289917e-07
1115 1.447322e-07
1116 9.208159e-08
1117 5.616074e-08
1118 3.471661e-08
1119 0.000000e+00
1120 0.000000e+00
1121 0.000000e+00
1122 0.000000e+00
1123 0.000000e+00
1124 0.000000e+00
1125 6.832466e-07
1126 5.923360e-07
1127 4.571372e-07
1128 3.440563e-07
1129 2.577430e-07
1130 1.632127e-07
1131 1.038025e-07
1132 6.330559e-08
1133 3.911775e-08
1134 0.000000e+00
1135 0.000000e+00
1136 0.000000e+00
1137 0.000000e+00
1138 0.000000e+00
1139 0.000000e+00
1140 7.548576e-07
1141 6.553550e-07
1142 5.062516e-07
1143 3.809186e-07
1144 2.856280e-07
1145 1.811356e-07
1146 1.151700e-07
1147 7.023477e-08
1148 4.338645e-08
1149 0.000000e+00
1150 0.000000e+00
1151 0.000000e+00
1152 0.000000e+00
1153 0.000000e+00
1154 0.000000e+00
1155 8.420446e-07
1156 7.321079e-07
1157 5.660528e-07
1158 4.258044e-07
1159 3.195837e-07
1160 2.029604e-07
1161 1.290104e-07
1162 7.867167e-08
1163 4.858373e-08
1164 0.000000e+00
1165 0.000000e+00
1166 0.000000e+00
1167 0.000000e+00
1168 0.000000e+00
1169 0.000000e+00
1170 2.776401e-07
1171 2.519191e-07
1172 2.003305e-07
1173 1.496135e-07
1174 1.147463e-07
1175 7.637631e-08
1176 4.794038e-08
1177 2.923471e-08
1178 1.793075e-08
1179 0.000000e+00
1180 0.000000e+00
1181 0.000000e+00
1182 0.000000e+00
1183 0.000000e+00
1184 0.000000e+00
1185 3.825320e-07
1186 3.494585e-07
1187 2.797012e-07
1188 2.090379e-07
1189 1.602053e-07
1190 1.079767e-07
1191 6.742811e-08
1192 4.128501e-08
1193 2.528525e-08
1194 0.000000e+00
1195 0.000000e+00
1196 0.000000e+00
1197 0.000000e+00
1198 0.000000e+00
1199 0.000000e+00
1200 4.696271e-07
1201 4.305104e-07
1202 3.456998e-07
1203 2.584803e-07
1204 1.980129e-07
1205 1.342894e-07
1206 8.366452e-08
1207 5.133134e-08
1208 3.141288e-08
1209 0.000000e+00
1210 0.000000e+00
1211 0.000000e+00
1212 0.000000e+00
1213 0.000000e+00
1214 0.000000e+00
1215 5.472001e-07
1216 5.026735e-07
1217 4.044715e-07
1218 3.025094e-07
1219 2.316836e-07
1220 1.577207e-07
1221 9.811865e-08
1222 6.027487e-08
1223 3.686779e-08
1224 0.000000e+00
1225 0.000000e+00
1226 0.000000e+00
1227 0.000000e+00
1228 0.000000e+00
1229 0.000000e+00
1230 6.224438e-07
1231 5.726666e-07
1232 4.614947e-07
1233 3.452157e-07
1234 2.643507e-07
1235 1.804448e-07
1236 1.121370e-07
1237 6.894819e-08
1238 4.216002e-08
1239 0.000000e+00
1240 0.000000e+00
1241 0.000000e+00
1242 0.000000e+00
1243 0.000000e+00
1244 0.000000e+00
1245 7.140238e-07
1246 6.579003e-07
1247 5.309185e-07
1248 3.972125e-07
1249 3.041210e-07
1250 2.081119e-07
1251 1.292075e-07
1252 7.951121e-08
1253 4.860312e-08
1254 0.000000e+00
1255 0.000000e+00
1256 0.000000e+00
1257 0.000000e+00
1258 0.000000e+00
1259 0.000000e+00
1260 1.601607e-07
1261 1.514760e-07
1262 1.251311e-07
1263 9.378355e-08
1264 7.159070e-08
1265 5.122323e-08
1266 3.113009e-08
1267 1.943470e-08
1268 1.183297e-08
1269 0.000000e+00
1270 0.000000e+00
1271 0.000000e+00
1272 0.000000e+00
1273 0.000000e+00
1274 0.000000e+00
1275 2.635041e-07
1276 2.515974e-07
1277 2.101239e-07
1278 1.581964e-07
1279 1.202846e-07
1280 8.738645e-08
1281 5.306259e-08
1282 3.340864e-08
1283 2.025675e-08
1284 0.000000e+00
1285 0.000000e+00
1286 0.000000e+00
1287 0.000000e+00
1288 0.000000e+00
1289 0.000000e+00
1290 3.531085e-07
1291 3.386628e-07
1292 2.843605e-07
1293 2.146103e-07
1294 1.628847e-07
1295 1.191105e-07
1296 7.240868e-08
1297 4.572685e-08
1298 2.767270e-08
1299 0.000000e+00
1300 0.000000e+00
1301 0.000000e+00
1302 0.000000e+00
1303 0.000000e+00
1304 0.000000e+00
1305 4.327910e-07
1306 4.161030e-07
1307 3.503885e-07
1308 2.647976e-07
1309 2.007793e-07
1310 1.473227e-07
1311 8.962344e-08
1312 5.668501e-08
1313 3.427060e-08
1314 0.000000e+00
1315 0.000000e+00
1316 0.000000e+00
1317 0.000000e+00
1318 0.000000e+00
1319 0.000000e+00
1320 5.100464e-07
1321 4.911741e-07
1322 4.143786e-07
1323 3.134482e-07
1324 2.375170e-07
1325 1.746717e-07
1326 1.063123e-07
1327 6.730561e-08
1328 4.066449e-08
1329 0.000000e+00
1330 0.000000e+00
1331 0.000000e+00
1332 0.000000e+00
1333 0.000000e+00
1334 0.000000e+00
1335 6.041181e-07
1336 5.826192e-07
1337 4.923046e-07
1338 3.726780e-07
1339 2.822439e-07
1340 2.079690e-07
1341 1.266204e-07
1342 8.023350e-08
1343 4.844873e-08
1344 0.000000e+00
1345 0.000000e+00
1346 0.000000e+00
1347 0.000000e+00
1348 0.000000e+00
1349 0.000000e+00
1350 1.648434e-07
1351 1.627927e-07
1352 1.413508e-07
1353 1.083350e-07
1354 8.127867e-08
1355 6.180185e-08
1356 3.781652e-08
1357 2.435385e-08
1358 1.456427e-08
1359 8.789060e-09
1360 0.000000e+00
1361 0.000000e+00
1362 0.000000e+00
1363 0.000000e+00
1364 0.000000e+00
1365 2.547390e-07
1366 2.531425e-07
1367 2.216163e-07
1368 1.708473e-07
1369 1.279356e-07
1370 9.765333e-08
1371 6.047439e-08
1372 3.883739e-08
1373 2.318790e-08
1374 1.398372e-08
1375 0.000000e+00
1376 0.000000e+00
1377 0.000000e+00
1378 0.000000e+00
1379 0.000000e+00
1380 3.356982e-07
1381 3.345829e-07
1382 2.940725e-07
1383 2.273549e-07
1384 1.701124e-07
1385 1.300489e-07
1386 8.101527e-08
1387 5.194254e-08
1388 3.099828e-08
1389 1.868808e-08
1390 0.000000e+00
1391 0.000000e+00
1392 0.000000e+00
1393 0.000000e+00
1394 0.000000e+00
1395 4.140243e-07
1396 4.133625e-07
1397 3.641487e-07
1398 2.820072e-07
1399 2.109073e-07
1400 1.613836e-07
1401 1.008777e-07
1402 6.461798e-08
1403 3.855107e-08
1404 2.323683e-08
1405 0.000000e+00
1406 0.000000e+00
1407 0.000000e+00
1408 0.000000e+00
1409 0.000000e+00
1410 5.093911e-07
1411 5.092946e-07
1412 4.494685e-07
1413 3.485363e-07
1414 2.605647e-07
1415 1.995281e-07
1416 1.250628e-07
1417 8.004768e-08
1418 4.774793e-08
1419 2.877584e-08
1420 0.000000e+00
1421 0.000000e+00
1422 0.000000e+00
1423 0.000000e+00
1424 0.000000e+00
1425 1.705328e-07
1426 1.742820e-07
1427 1.582816e-07
1428 1.253652e-07
1429 9.324529e-08
1430 7.203317e-08
1431 4.718171e-08
1432 2.975901e-08
1433 1.770877e-08
1434 1.066287e-08
1435 0.000000e+00
1436 0.000000e+00
1437 0.000000e+00
1438 0.000000e+00
1439 0.000000e+00
1440 2.521111e-07
1441 2.586810e-07
1442 2.362590e-07
1443 1.881287e-07
1444 1.399658e-07
1445 1.080242e-07
1446 7.162102e-08
1447 4.486714e-08
1448 2.678638e-08
1449 1.612372e-08
1450 0.000000e+00
1451 0.000000e+00
1452 0.000000e+00
1453 0.000000e+00
1454 0.000000e+00
1455 3.309255e-07
1456 3.402262e-07
1457 3.116054e-07
1458 2.487809e-07
1459 1.851207e-07
1460 1.428056e-07
1461 9.524481e-08
1462 5.947103e-08
1463 3.556497e-08
1464 2.140381e-08
1465 0.000000e+00
1466 0.000000e+00
1467 0.000000e+00
1468 0.000000e+00
1469 0.000000e+00
1470 4.268332e-07
1471 4.394541e-07
1472 4.032860e-07
1473 3.225847e-07
1474 2.400634e-07
1475 1.851284e-07
1476 1.239852e-07
1477 7.724034e-08
1478 4.624449e-08
1479 2.782762e-08
1480 0.000000e+00
1481 0.000000e+00
1482 0.000000e+00
1483 0.000000e+00
1484 0.000000e+00
1485 9.893298e-08
1486 1.033860e-07
1487 9.684009e-08
1488 7.891087e-08
1489 5.875840e-08
1490 4.516392e-08
1491 3.152697e-08
1492 1.917206e-08
1493 1.159244e-08
1494 6.973239e-09
1495 0.000000e+00
1496 0.000000e+00
1497 0.000000e+00
1498 0.000000e+00
1499 0.000000e+00
1500 1.787959e-07
1501 1.879184e-07
1502 1.774983e-07
1503 1.459855e-07
1504 1.090031e-07
1505 8.347166e-08
1506 5.927456e-08
1507 3.575500e-08
1508 2.186150e-08
1509 1.311106e-08
1510 0.000000e+00
1511 0.000000e+00
1512 0.000000e+00
1513 0.000000e+00
1514 0.000000e+00
1515 2.578008e-07
1516 2.716315e-07
1517 2.575054e-07
1518 2.126545e-07
1519 1.590005e-07
1520 1.215579e-07
1521 8.692681e-08
1522 5.229529e-08
1523 3.212727e-08
1524 1.924050e-08
1525 0.000000e+00
1526 0.000000e+00
1527 0.000000e+00
1528 0.000000e+00
1529 0.000000e+00
1530 3.537072e-07
1531 3.732439e-07
1532 3.546098e-07
1533 2.935687e-07
1534 2.196776e-07
1535 1.677821e-07
1536 1.204854e-07
1537 7.236820e-08
1538 4.458196e-08
1539 2.667761e-08
1540 0.000000e+00
1541 0.000000e+00
1542 0.000000e+00
1543 0.000000e+00
1544 0.000000e+00
1545 1.138202e-07
1546 1.220494e-07
1547 1.186510e-07
1548 1.007793e-07
1549 7.610544e-08
1550 5.752968e-08
1551 4.302118e-08
1552 2.550182e-08
1553 1.617153e-08
1554 9.590621e-09
1555 5.665039e-09
1556 0.000000e+00
1557 0.000000e+00
1558 0.000000e+00
1559 0.000000e+00
1560 1.925665e-07
1561 2.072240e-07
1562 2.025130e-07
1563 1.731528e-07
1564 1.312421e-07
1565 9.896254e-08
1566 7.449040e-08
1567 4.433672e-08
1568 2.825429e-08
1569 1.670747e-08
1570 9.840247e-09
1571 0.000000e+00
1572 0.000000e+00
1573 0.000000e+00
1574 0.000000e+00
1575 2.880888e-07
1576 3.105517e-07
1577 3.042655e-07
1578 2.609844e-07
1579 1.981718e-07
1580 1.492570e-07
1581 1.126858e-07
1582 6.721015e-08
1583 4.292225e-08
1584 2.534659e-08
1585 1.490950e-08
1586 0.000000e+00
1587 0.000000e+00
1588 0.000000e+00
1589 0.000000e+00
1590 1.332889e-07
1591 1.461259e-07
1592 1.467182e-07
1593 1.298222e-07
1594 1.004739e-07
1595 7.491912e-08
1596 5.787428e-08
1597 3.558728e-08
1598 2.297131e-08
1599 1.340620e-08
1600 7.826744e-09
1601 0.000000e+00
1602 0.000000e+00
1603 0.000000e+00
1604 0.000000e+00
1605 2.283602e-07
1606 2.509089e-07
1607 2.527404e-07
1608 2.246165e-07
1609 1.744338e-07
1610 1.299559e-07
1611 1.004960e-07
1612 6.231436e-08
1613 4.011266e-08
1614 2.338750e-08
1615 1.366467e-08
1616 0.000000e+00
1617 0.000000e+00
1618 0.000000e+00
1619 0.000000e+00
1620 5.247504e-05
1621 3.971200e-05
1622 3.010910e-05
1623 2.115398e-05
1624 1.328464e-05
1625 8.412633e-06
1626 5.243270e-06
1627 0.000000e+00
1628 0.000000e+00
1629 0.000000e+00
1630 0.000000e+00
1631 0.000000e+00
1632 0.000000e+00
1633 0.000000e+00
1634 0.000000e+00
1635 3.844835e-05
1636 3.102216e-05
1637 2.322625e-05
1638 1.779686e-05
1639 1.222221e-05
1640 7.625850e-06
1641 4.741072e-06
1642 2.939245e-06
1643 0.000000e+00
1644 0.000000e+00
1645 0.000000e+00
1646 0.000000e+00
1647 0.000000e+00
1648 0.000000e+00
1649 0.000000e+00
1650 2.962882e-05
1651 2.579200e-05
1652 1.983685e-05
1653 1.488554e-05
1654 1.132500e-05
1655 7.031179e-06
1656 4.540168e-06
1657 2.753829e-06
1658 1.695301e-06
1659 0.000000e+00
1660 0.000000e+00
1661 0.000000e+00
1662 0.000000e+00
1663 0.000000e+00
1664 0.000000e+00
1665 2.364714e-05
1666 2.185821e-05
1667 1.761595e-05
1668 1.311769e-05
1669 1.010543e-05
1670 6.907934e-06
1671 4.288616e-06
1672 2.613195e-06
1673 1.602448e-06
1674 0.000000e+00
1675 0.000000e+00
1676 0.000000e+00
1677 0.000000e+00
1678 0.000000e+00
1679 0.000000e+00
1680 1.933542e-05
1681 1.871222e-05
1682 1.583238e-05
1683 1.194692e-05
1684 9.043061e-06
1685 6.732336e-06
1686 4.029192e-06
1687 2.569441e-06
1688 1.553551e-06
1689 0.000000e+00
1690 0.000000e+00
1691 0.000000e+00
1692 0.000000e+00
1693 0.000000e+00
1694 0.000000e+00
1695 1.609899e-05
1696 1.614911e-05
1697 1.429029e-05
1698 1.106862e-05
1699 8.252525e-06
1700 6.372889e-06
1701 3.951782e-06
1702 2.563392e-06
1703 1.522066e-06
1704 9.135461e-07
1705 0.000000e+00
1706 0.000000e+00
1707 0.000000e+00
1708 0.000000e+00
1709 0.000000e+00
1710 1.356554e-05
1711 1.400879e-05
1712 1.289767e-05
1713 1.032361e-05
1714 7.663104e-06
1715 5.929560e-06
1716 3.978958e-06
1717 2.482514e-06
1718 1.474528e-06
1719 8.897834e-07
1720 0.000000e+00
1721 0.000000e+00
1722 0.000000e+00
1723 0.000000e+00
1724 0.000000e+00
1725 1.152615e-05
1726 1.219600e-05
1727 1.162654e-05
1728 9.645115e-06
1729 7.206671e-06
1730 5.502899e-06
1731 3.984628e-06
1732 2.369570e-06
1733 1.458535e-06
1734 8.742210e-07
1735 0.000000e+00
1736 0.000000e+00
1737 0.000000e+00
1738 0.000000e+00
1739 0.000000e+00
1740 9.835653e-06
1741 1.062909e-05
1742 1.044890e-05
1743 8.989835e-06
1744 6.825458e-06
1745 5.131385e-06
1746 3.905060e-06
1747 2.307493e-06
1748 1.486799e-06
1749 8.772702e-07
1750 5.134798e-07
1751 0.000000e+00
1752 0.000000e+00
1753 0.000000e+00
1754 0.000000e+00
1755 8.405963e-06
1756 9.257728e-06
1757 9.355900e-06
1758 8.345715e-06
1759 6.490093e-06
1760 4.825936e-06
1761 3.748603e-06
1762 2.323321e-06
1763 1.506225e-06
1764 8.756733e-07
1765 5.102669e-07
1766 0.000000e+00
1767 0.000000e+00
1768 0.000000e+00
1769 0.000000e+00
1770 1.315226e-06
1771 1.007041e-06
1772 7.548763e-07
1773 5.351862e-07
1774 3.425271e-07
1775 2.165233e-07
1776 1.351462e-07
1777 0.000000e+00
1778 0.000000e+00
1779 0.000000e+00
1780 0.000000e+00
1781 0.000000e+00
1782 0.000000e+00
1783 0.000000e+00
1784 0.000000e+00
1785 1.211164e-06
1786 9.851073e-07
1787 7.437044e-07
1788 5.632705e-07
1789 3.909552e-07
1790 2.448203e-07
1791 1.534940e-07
1792 9.485618e-08
1793 0.000000e+00
1794 0.000000e+00
1795 0.000000e+00
1796 0.000000e+00
1797 0.000000e+00
1798 0.000000e+00
1799 0.000000e+00
1800 1.089544e-06
1801 9.503387e-07
1802 7.361747e-07
1803 5.536919e-07
1804 4.157667e-07
1805 2.652172e-07
1806 1.683649e-07
1807 1.027000e-07
1808 6.339101e-08
1809 0.000000e+00
1810 0.000000e+00
1811 0.000000e+00
1812 0.000000e+00
1813 0.000000e+00
1814 0.000000e+00
1815 9.742555e-07
1816 9.003361e-07
1817 7.282680e-07
1818 5.453675e-07
1819 4.171173e-07
1820 2.867058e-07
1821 1.777908e-07
1822 1.095957e-07
1823 6.695869e-08
1824 0.000000e+00
1825 0.000000e+00
1826 0.000000e+00
1827 0.000000e+00
1828 0.000000e+00
1829 0.000000e+00
1830 8.714995e-07
1831 8.426759e-07
1832 7.138645e-07
1833 5.413618e-07
1834 4.096715e-07
1835 3.023750e-07
1836 1.845816e-07
1837 1.170522e-07
1838 7.060643e-08
1839 0.000000e+00
1840 0.000000e+00
1841 0.000000e+00
1842 0.000000e+00
1843 0.000000e+00
1844 0.000000e+00
1845 7.805484e-07
1846 7.822578e-07
1847 6.920733e-07
1848 5.379332e-07
1849 4.021708e-07
1850 3.078107e-07
1851 1.940376e-07
1852 1.239758e-07
1853 7.393007e-08
1854 4.455320e-08
1855 0.000000e+00
1856 0.000000e+00
1857 0.000000e+00
1858 0.000000e+00
1859 0.000000e+00
1860 6.996150e-07
1861 7.218557e-07
1862 6.639948e-07
1863 5.325033e-07
1864 3.966508e-07
1865 3.054567e-07
1866 2.057779e-07
1867 1.278377e-07
1868 7.671807e-08
1869 4.613877e-08
1870 0.000000e+00
1871 0.000000e+00
1872 0.000000e+00
1873 0.000000e+00
1874 0.000000e+00
1875 6.266491e-07
1876 6.625935e-07
1877 6.309004e-07
1878 5.237442e-07
1879 3.925855e-07
1880 2.994371e-07
1881 2.158891e-07
1882 1.295677e-07
1883 8.010536e-08
1884 4.788382e-08
1885 0.000000e+00
1886 0.000000e+00
1887 0.000000e+00
1888 0.000000e+00
1889 0.000000e+00
1890 5.600874e-07
1891 6.049005e-07
1892 5.938921e-07
1893 5.108686e-07
1894 3.888359e-07
1895 2.926297e-07
1896 2.212762e-07
1897 1.324017e-07
1898 8.461695e-08
1899 4.990017e-08
1900 2.936075e-08
1901 0.000000e+00
1902 0.000000e+00
1903 0.000000e+00
1904 0.000000e+00
1905 4.988852e-07
1906 5.491612e-07
1907 5.543009e-07
1908 4.940665e-07
1909 3.848253e-07
1910 2.867121e-07
1911 2.216217e-07
1912 1.383662e-07
1913 8.872344e-08
1914 5.172908e-08
1915 3.025895e-08
1916 0.000000e+00
1917 0.000000e+00
1918 0.000000e+00
1919 0.000000e+00
1920 5.768528e-09
1921 4.046011e-09
1922 2.719408e-09
1923 1.758369e-09
1924 1.130678e-09
1925 7.328190e-10
1926 4.815832e-10
1927 3.197352e-10
1928 2.114533e-10
1929 1.369896e-10
1930 8.575345e-11
1931 5.144805e-11
1932 2.951965e-11
1933 1.625105e-11
1934 8.688619e-12
1935 1.450657e-08
1936 1.060104e-08
1937 7.469390e-09
1938 5.019022e-09
1939 3.216539e-09
1940 2.054846e-09
1941 1.319257e-09
1942 8.609945e-10
1943 5.697891e-10
1944 3.769361e-10
1945 2.450365e-10
1946 1.542430e-10
1947 9.312885e-11
1948 5.371502e-11
1949 2.970278e-11
1950 2.265111e-08
1951 1.706439e-08
1952 1.229552e-08
1953 8.544626e-09
1954 5.616004e-09
1955 3.561492e-09
1956 2.268797e-09
1957 1.454910e-09
1958 9.501944e-10
1959 6.274188e-10
1960 4.125555e-10
1961 2.655780e-10
1962 1.651429e-10
1963 9.838815e-11
1964 5.603579e-11
1965 3.074855e-08
1966 2.385525e-08
1967 1.751116e-08
1968 1.239667e-08
1969 8.385788e-09
1970 5.351594e-09
1971 3.392792e-09
1972 2.150049e-09
1973 1.385924e-09
1974 9.076873e-10
1975 5.975320e-10
1976 3.889408e-10
1977 2.463895e-10
1978 1.501908e-10
1979 8.764525e-11
1980 3.906744e-08
1981 3.117949e-08
1982 2.334182e-08
1983 1.674674e-08
1984 1.157458e-08
1985 7.530829e-09
1986 4.742062e-09
1987 2.995766e-09
1988 1.907028e-09
1989 1.235225e-09
1990 8.097515e-10
1991 5.293922e-10
1992 3.394594e-10
1993 2.105256e-10
1994 1.253696e-10
1995 4.779244e-08
1996 3.918442e-08
1997 2.996815e-08
1998 2.178210e-08
1999 1.528508e-08
2000 1.017790e-08
2001 6.411566e-09
2002 4.044886e-09
2003 2.544919e-09
2004 1.630083e-09
2005 1.060538e-09
2006 6.930171e-10
2007 4.475873e-10
2008 2.812838e-10
2009 1.703819e-10
2010 5.718661e-08
2011 4.810802e-08
2012 3.765020e-08
2013 2.777758e-08
2014 1.972506e-08
2015 1.341302e-08
2016 8.551329e-09
2017 5.364852e-09
2018 3.352996e-09
2019 2.124292e-09
2020 1.368207e-09
2021 8.901218e-10
2022 5.766138e-10
2023 3.658954e-10
2024 2.247950e-10
2025 6.783516e-08
2026 5.854991e-08
2027 4.698442e-08
2028 3.530902e-08
2029 2.536695e-08
2030 1.755428e-08
2031 1.142752e-08
2032 7.131175e-09
2033 4.454123e-09
2034 2.787328e-09
2035 1.772436e-09
2036 1.143561e-09
2037 7.398984e-10
2038 4.723321e-10
2039 2.936893e-10
2040 8.097297e-08
2041 7.184110e-08
2042 5.932404e-08
2043 4.566541e-08
2044 3.330596e-08
2045 2.340645e-08
2046 1.563296e-08
2047 9.811194e-09
2048 6.114626e-09
2049 3.780616e-09
2050 2.370153e-09
2051 1.509207e-09
2052 9.697537e-10
2053 6.200841e-10
2054 3.891274e-10
2055 1.023549e-07
2056 9.425230e-08
2057 8.111157e-08
2058 6.497676e-08
2059 4.879460e-08
2060 3.499990e-08
2061 2.411210e-08
2062 1.561988e-08
2063 9.681352e-09
2064 5.960102e-09
2065 3.659084e-09
2066 2.274179e-09
2067 1.432283e-09
2068 9.070351e-10
2069 5.703171e-10
2070 2.105722e-07
2071 2.156942e-07
2072 2.099946e-07
2073 1.924983e-07
2074 1.647360e-07
2075 1.310407e-07
2076 9.765062e-08
2077 6.947204e-08
2078 4.737876e-08
2079 3.002664e-08
2080 1.809292e-08
2081 1.069233e-08
2082 6.217169e-09
2083 3.596020e-09
2084 2.090033e-09
