0 2.997487e-09
1 2.053179e-09
2 1.357190e-09
3 8.848141e-10
4 5.841147e-10
5 3.927522e-10
6 2.692010e-10
7 1.857502e-10
8 1.267376e-10
9 8.392122e-11
10 5.312430e-11
11 3.176297e-11
12 1.782296e-11
13 9.386013e-12
14 4.682538e-12
15 4.891324e-09
16 3.421861e-09
17 2.300268e-09
18 1.495187e-09
19 9.746201e-10
20 6.450388e-10
21 4.367450e-10
22 3.004765e-10
23 2.069192e-10
24 1.398051e-10
25 9.105078e-11
26 5.631689e-11
27 3.275760e-11
28 1.781552e-11
29 9.115876e-12
30 5.463979e-09
31 3.837313e-09
32 2.591369e-09
33 1.684668e-09
34 1.094975e-09
35 7.226007e-10
36 4.877749e-10
37 3.351984e-10
38 2.311357e-10
39 1.567338e-10
40 1.026437e-10
41 6.391762e-11
42 3.743122e-11
43 2.050170e-11
44 1.054334e-11
45 5.783588e-09
46 4.069584e-09
47 2.753924e-09
48 1.790583e-09
49 1.162162e-09
50 7.659017e-10
51 5.162644e-10
52 3.545596e-10
53 2.446196e-10
54 1.661978e-10
55 1.091272e-10
56 6.816397e-11
57 4.004971e-11
58 2.200307e-11
59 1.134017e-11
60 5.999422e-09
61 4.227157e-09
62 2.863901e-09
63 1.862110e-09
64 1.207704e-09
65 7.951538e-10
66 5.354983e-10
67 3.676826e-10
68 2.537628e-10
69 1.725920e-10
70 1.134965e-10
71 7.104466e-11
72 4.182145e-11
73 2.301536e-11
74 1.188067e-11
75 6.163029e-09
76 4.346369e-09
77 2.947429e-09
78 1.916423e-09
79 1.242192e-09
80 8.173984e-10
81 5.500684e-10
82 3.775776e-10
83 2.606292e-10
84 1.774025e-10
85 1.168007e-10
86 7.321117e-11
87 4.316147e-11
88 2.378186e-11
89 1.228956e-11
90 6.295593e-09
91 4.442374e-09
92 3.014564e-09
93 1.960385e-09
94 1.270140e-09
95 8.353403e-10
96 5.619280e-10
97 3.856357e-10
98 2.663078e-10
99 1.813583e-10
100 1.195254e-10
101 7.498548e-11
102 4.425313e-11
103 2.440627e-11
104 1.261861e-11
105 6.405302e-09
106 4.522082e-09
107 3.070508e-09
108 1.996581e-09
109 1.293196e-09
110 8.501433e-10
111 5.716248e-10
112 3.922030e-10
113 2.709205e-10
114 1.845860e-10
115 1.217010e-10
116 7.642308e-11
117 4.514470e-11
118 2.492391e-11
119 1.289094e-11
120 6.500094e-09
121 4.590801e-09
122 3.119584e-09
123 2.028457e-09
124 1.313002e-09
125 8.632168e-10
126 5.801648e-10
127 3.980329e-10
128 2.749006e-10
129 1.873905e-10
130 1.236401e-10
131 7.768867e-11
132 4.591989e-11
133 2.536395e-11
134 1.312590e-11
135 6.623266e-09
136 4.681175e-09
137 3.181339e-09
138 2.068856e-09
139 1.339014e-09
140 8.797032e-10
141 5.911902e-10
142 4.055078e-10
143 2.801562e-10
144 1.910372e-10
145 1.261301e-10
146 7.932261e-11
147 4.695123e-11
148 2.594730e-11
149 1.343642e-11
150 1.041517e-08
151 7.542020e-09
152 5.267951e-09
153 3.520850e-09
154 2.269100e-09
155 1.472019e-09
156 9.674654e-10
157 6.513869e-10
158 4.463949e-10
159 3.065178e-10
160 2.067101e-10
161 1.343780e-10
162 8.294771e-11
163 4.806989e-11
164 2.606241e-11
165 1.287117e-08
166 9.420630e-09
167 6.646905e-09
168 4.499567e-09
169 2.909318e-09
170 1.876304e-09
171 1.223712e-09
172 8.168454e-10
173 5.568473e-10
174 3.824584e-10
175 2.595849e-10
176 1.707594e-10
177 1.070800e-10
178 6.317944e-11
179 3.487266e-11
180 1.423088e-08
181 1.046095e-08
182 7.410098e-09
183 5.040622e-09
184 3.262478e-09
185 2.098951e-09
186 1.364837e-09
187 9.082515e-10
188 6.176731e-10
189 4.244097e-10
190 2.888198e-10
191 1.908556e-10
192 1.203820e-10
193 7.151603e-11
194 3.972872e-11
195 1.515061e-08
196 1.116478e-08
197 7.925877e-09
198 5.406993e-09
199 3.502107e-09
200 2.249695e-09
201 1.460619e-09
202 9.700651e-10
203 6.589958e-10
204 4.528117e-10
205 3.086232e-10
206 2.044784e-10
207 1.294307e-10
208 7.718124e-11
209 4.302901e-11
210 1.584712e-08
211 1.169686e-08
212 8.315993e-09
213 5.684069e-09
214 3.683246e-09
215 2.364318e-09
216 1.533359e-09
217 1.016914e-09
218 6.903094e-10
219 4.743685e-10
220 3.236311e-10
221 2.147967e-10
222 1.362533e-10
223 8.144751e-11
224 4.552253e-11
225 1.641534e-08
226 1.213094e-08
227 8.634426e-09
228 5.909145e-09
229 3.830067e-09
230 2.456944e-09
231 1.592134e-09
232 1.054989e-09
233 7.157117e-10
234 4.918555e-10
235 3.358034e-10
236 2.231747e-10
237 1.418212e-10
238 8.492618e-11
239 4.754917e-11
240 1.688167e-08
241 1.248745e-08
242 8.896450e-09
243 6.095525e-09
244 3.951921e-09
245 2.533840e-09
246 1.640913e-09
247 1.086250e-09
248 7.365779e-10
249 5.062615e-10
250 3.458573e-10
251 2.300885e-10
252 1.463998e-10
253 8.779615e-11
254 4.921996e-11
255 1.729419e-08
256 1.280281e-08
257 9.126872e-09
258 6.258963e-09
259 4.058270e-09
260 2.600828e-09
261 1.683680e-09
262 1.114032e-09
263 7.551200e-10
264 5.189586e-10
265 3.547180e-10
266 2.361880e-10
267 1.504287e-10
268 9.032124e-11
269 5.068927e-11
270 1.780942e-08
271 1.319756e-08
272 9.416470e-09
273 6.463749e-09
274 4.193092e-09
275 2.686504e-09
276 1.737796e-09
277 1.148865e-09
278 7.783002e-10
279 5.349446e-10
280 3.657905e-10
281 2.438059e-10
282 1.554762e-10
283 9.347567e-11
284 5.252657e-11
285 1.742547e-08
286 1.305811e-08
287 9.368065e-09
288 6.478374e-09
289 4.273572e-09
290 2.736761e-09
291 1.769861e-09
292 1.160736e-09
293 7.797222e-10
294 5.321501e-10
295 3.627611e-10
296 2.421531e-10
297 1.554800e-10
298 9.457661e-11
299 5.401525e-11
300 2.018194e-08
301 1.528846e-08
302 1.105038e-08
303 7.703086e-09
304 5.128505e-09
305 3.281214e-09
306 2.114624e-09
307 1.376828e-09
308 9.191046e-10
309 6.250092e-10
310 4.263948e-10
311 2.861278e-10
312 1.853645e-10
313 1.141099e-10
314 6.604593e-11
315 2.203181e-08
316 1.678573e-08
317 1.217605e-08
318 8.523748e-09
319 5.701369e-09
320 3.645059e-09
321 2.344795e-09
322 1.521107e-09
323 1.012089e-09
324 6.871392e-10
325 4.690050e-10
326 3.156020e-10
327 2.054124e-10
328 1.272024e-10
329 7.409703e-11
330 2.343663e-08
331 1.792053e-08
332 1.302990e-08
333 9.146117e-09
334 6.133420e-09
335 3.920777e-09
336 2.519379e-09
337 1.630526e-09
338 1.082684e-09
339 7.342484e-10
340 5.012908e-10
341 3.379392e-10
342 2.205799e-10
343 1.370914e-10
344 8.019730e-11
345 2.458205e-08
346 1.884136e-08
347 1.372329e-08
348 9.649971e-09
349 6.486704e-09
350 4.145200e-09
351 2.661094e-09
352 1.719247e-09
353 1.140071e-09
354 7.726004e-10
355 5.275679e-10
356 3.561012e-10
357 2.329356e-10
358 1.451615e-10
359 8.515983e-11
360 2.551679e-08
361 1.959987e-08
362 1.429419e-08
363 1.006682e-08
364 6.777747e-09
365 4.330104e-09
366 2.777808e-09
367 1.792354e-09
368 1.187338e-09
369 8.039490e-10
370 5.492155e-10
371 3.710591e-10
372 2.431153e-10
373 1.517947e-10
374 8.923441e-11
375 2.634209e-08
376 2.026852e-08
377 1.479693e-08
378 1.043303e-08
379 7.032248e-09
380 4.491901e-09
381 2.880639e-09
382 1.856704e-09
383 1.228750e-09
384 8.317006e-10
385 5.681547e-10
386 3.841686e-10
387 2.520166e-10
388 1.576097e-10
389 9.282438e-11
390 2.738461e-08
391 2.111145e-08
392 1.543174e-08
393 1.089480e-08
394 7.354336e-09
395 4.696919e-09
396 3.010264e-09
397 1.938231e-09
398 1.281237e-09
399 8.667575e-10
400 5.921700e-10
401 4.007987e-10
402 2.633264e-10
403 1.649828e-10
404 9.736629e-11
405 2.445210e-08
406 1.889620e-08
407 1.384903e-08
408 9.767112e-09
409 6.609626e-09
410 4.264086e-09
411 2.727575e-09
412 1.761574e-09
413 1.162000e-09
414 7.827491e-10
415 5.324185e-10
416 3.588592e-10
417 2.351279e-10
418 1.472358e-10
419 8.706898e-11
420 2.741762e-08
421 2.141734e-08
422 1.581243e-08
423 1.121904e-08
424 7.652453e-09
425 4.961469e-09
426 3.161919e-09
427 2.035199e-09
428 1.333898e-09
429 8.940939e-10
430 6.069853e-10
431 4.099100e-10
432 2.700575e-10
433 1.705318e-10
434 1.018762e-10
435 2.965481e-08
436 2.331302e-08
437 1.728671e-08
438 1.230704e-08
439 8.431714e-09
440 5.481868e-09
441 3.486058e-09
442 2.239226e-09
443 1.462436e-09
444 9.773032e-10
445 6.627810e-10
446 4.481604e-10
447 2.962092e-10
448 1.879542e-10
449 1.129784e-10
450 3.147110e-08
451 2.485390e-08
452 1.848621e-08
453 1.319075e-08
454 9.066818e-09
455 5.905637e-09
456 3.749543e-09
457 2.405264e-09
458 1.566793e-09
459 1.044946e-09
460 7.081582e-10
461 4.792321e-10
462 3.174778e-10
463 2.021349e-10
464 1.219957e-10
465 3.296651e-08
466 2.612129e-08
467 1.947183e-08
468 1.391957e-08
469 9.589554e-09
470 6.254808e-09
471 3.966508e-09
472 2.541819e-09
473 1.652901e-09
474 1.100683e-09
475 7.455268e-10
476 5.048507e-10
477 3.350182e-10
478 2.138139e-10
479 1.294119e-10
480 3.427711e-08
481 2.723493e-08
482 2.033885e-08
483 1.456029e-08
484 1.004869e-08
485 6.561457e-09
486 4.157240e-09
487 2.662059e-09
488 1.728579e-09
489 1.149670e-09
490 7.783555e-10
491 5.273533e-10
492 3.504023e-10
493 2.240573e-10
494 1.359500e-10
495 3.593222e-08
496 2.863563e-08
497 2.143230e-08
498 1.536548e-08
499 1.062985e-08
500 6.949538e-09
501 4.399050e-09
502 2.814151e-09
503 1.824247e-09
504 1.211505e-09
505 8.198608e-10
506 5.557659e-10
507 3.698553e-10
508 2.370440e-10
509 1.441816e-10
510 3.161508e-08
511 2.512159e-08
512 1.879524e-08
513 1.345982e-08
514 9.281000e-09
515 6.091755e-09
516 3.873917e-09
517 2.483300e-09
518 1.610915e-09
519 1.069921e-09
520 7.222232e-10
521 4.876537e-10
522 3.230697e-10
523 2.061989e-10
524 1.250240e-10
525 3.482209e-08
526 2.795320e-08
527 2.108346e-08
528 1.517961e-08
529 1.053142e-08
530 6.959808e-09
531 4.422645e-09
532 2.827654e-09
533 1.823829e-09
534 1.205002e-09
535 8.106714e-10
536 5.472703e-10
537 3.636778e-10
538 2.335001e-10
539 1.427806e-10
540 3.741433e-08
541 3.024003e-08
542 2.292563e-08
543 1.656210e-08
544 1.153665e-08
545 7.657545e-09
546 4.862356e-09
547 3.104117e-09
548 1.994762e-09
549 1.313415e-09
550 8.817671e-10
551 5.952429e-10
552 3.963766e-10
553 2.555226e-10
554 1.570595e-10
555 3.954700e-08
556 3.212465e-08
557 2.444566e-08
558 1.770393e-08
559 1.236667e-08
560 8.234237e-09
561 5.225471e-09
562 3.332089e-09
563 2.135699e-09
564 1.402917e-09
565 9.404452e-10
566 6.347642e-10
567 4.233563e-10
568 2.736583e-10
569 1.688415e-10
570 4.141549e-08
571 3.377875e-08
572 2.577664e-08
573 1.870444e-08
574 1.309337e-08
575 8.738364e-09
576 5.543271e-09
577 3.531994e-09
578 2.259114e-09
579 1.481322e-09
580 9.918213e-10
581 6.694172e-10
582 4.469916e-10
583 2.895679e-10
584 1.791836e-10
585 4.378333e-08
586 3.586956e-08
587 2.746501e-08
588 1.997036e-08
589 1.401513e-08
590 9.378979e-09
591 5.948186e-09
592 3.786038e-09
593 2.415990e-09
594 1.580667e-09
595 1.057005e-09
596 7.133561e-10
597 4.769452e-10
598 3.097280e-10
599 1.922451e-10
600 3.911310e-08
601 3.188265e-08
602 2.435692e-08
603 1.769574e-08
604 1.237808e-08
605 8.272948e-09
606 5.278891e-09
607 3.359102e-09
608 2.152565e-09
609 1.409904e-09
610 9.418915e-10
611 6.340644e-10
612 4.222569e-10
613 2.729732e-10
614 1.687290e-10
615 4.261130e-08
616 3.507800e-08
617 2.702770e-08
618 1.974616e-08
619 1.388359e-08
620 9.344111e-09
621 5.978508e-09
622 3.792870e-09
623 2.421100e-09
624 1.577394e-09
625 1.048962e-09
626 7.048513e-10
627 4.699963e-10
628 3.051555e-10
629 1.898668e-10
630 4.548248e-08
631 3.769892e-08
632 2.921590e-08
633 2.142676e-08
634 1.511686e-08
635 1.022109e-08
636 6.549841e-09
637 4.147104e-09
638 2.640333e-09
639 1.713902e-09
640 1.136501e-09
641 7.627615e-10
642 5.090840e-10
643 3.314801e-10
644 2.071898e-10
645 4.799734e-08
646 4.000172e-08
647 3.113226e-08
648 2.290240e-08
649 1.619800e-08
650 1.098976e-08
651 7.051517e-09
652 4.458098e-09
653 2.832714e-09
654 1.834027e-09
655 1.213276e-09
656 8.135506e-10
657 5.434081e-10
658 3.546180e-10
659 2.223953e-10
660 5.118295e-08
661 4.291492e-08
662 3.356697e-08
663 2.476877e-08
664 1.756928e-08
665 1.196517e-08
666 7.687741e-09
667 4.852052e-09
668 3.076546e-09
669 1.986154e-09
670 1.310648e-09
671 8.779352e-10
672 5.868871e-10
673 3.839071e-10
674 2.416303e-10
675 4.713413e-08
676 3.933681e-08
677 3.069946e-08
678 2.264078e-08
679 1.603074e-08
680 1.089238e-08
681 7.024206e-09
682 4.440571e-09
683 2.824481e-09
684 1.824648e-09
685 1.203996e-09
686 8.052132e-10
687 5.367434e-10
688 3.499104e-10
689 2.194611e-10
690 5.087076e-08
691 4.285814e-08
692 3.373456e-08
693 2.503637e-08
694 1.781097e-08
695 1.217571e-08
696 7.891893e-09
697 4.977908e-09
698 3.159284e-09
699 2.029743e-09
700 1.332587e-09
701 8.882987e-10
702 5.919710e-10
703 3.869302e-10
704 2.439314e-10
705 5.413579e-08
706 4.593677e-08
707 3.638883e-08
708 2.712817e-08
709 1.936217e-08
710 1.329406e-08
711 8.647712e-09
712 5.446330e-09
713 3.450972e-09
714 2.208752e-09
715 1.444661e-09
716 9.607869e-10
717 6.401866e-10
718 4.192469e-10
719 2.653419e-10
720 5.827723e-08
721 4.983783e-08
722 3.975292e-08
723 2.978003e-08
724 2.133219e-08
725 1.471467e-08
726 9.607799e-09
727 6.040151e-09
728 3.820783e-09
729 2.435196e-09
730 1.586751e-09
731 1.052808e-09
732 7.013482e-10
733 4.602821e-10
734 2.924349e-10
735 5.556204e-08
736 4.739301e-08
737 3.776430e-08
738 2.829396e-08
739 2.026341e-08
740 1.395934e-08
741 9.130603e-09
742 5.757494e-09
743 3.643405e-09
744 2.323389e-09
745 1.513873e-09
746 1.003327e-09
747 6.670847e-10
748 4.368066e-10
749 2.769131e-10
750 5.968687e-08
751 5.138936e-08
752 4.131175e-08
753 3.117599e-08
754 2.243457e-08
755 1.553762e-08
756 1.022893e-08
757 6.449302e-09
758 4.072673e-09
759 2.583808e-09
760 1.674596e-09
761 1.105150e-09
762 7.335239e-10
763 4.808582e-10
764 3.060697e-10
765 6.492193e-08
766 5.644719e-08
767 4.580403e-08
768 3.481606e-08
769 2.517826e-08
770 1.753484e-08
771 1.161600e-08
772 7.323077e-09
773 4.614490e-09
774 2.912909e-09
775 1.877737e-09
776 1.233930e-09
777 8.175066e-10
778 5.366146e-10
779 3.428809e-10
780 6.478753e-08
781 5.643978e-08
782 4.591661e-08
783 3.500655e-08
784 2.537084e-08
785 1.769020e-08
786 1.175324e-08
787 7.435637e-09
788 4.679231e-09
789 2.952514e-09
790 1.899192e-09
791 1.244658e-09
792 8.227744e-10
793 5.392778e-10
794 3.444952e-10
795 7.130352e-08
796 6.289512e-08
797 5.181815e-08
798 3.992933e-08
799 2.915406e-08
800 2.046603e-08
801 1.372036e-08
802 8.711825e-09
803 5.463998e-09
804 3.430603e-09
805 2.189926e-09
806 1.424840e-09
807 9.378107e-10
808 6.144457e-10
809 3.938073e-10
810 7.992349e-08
811 7.168794e-08
812 6.012966e-08
813 4.711300e-08
814 3.482825e-08
815 2.468024e-08
816 1.675805e-08
817 1.076105e-08
818 6.723349e-09
819 4.203546e-09
820 2.652176e-09
821 1.704489e-09
822 1.111360e-09
823 7.250235e-10
824 4.653944e-10
825 5.128486e-07
826 4.101363e-07
827 3.092897e-07
828 2.346853e-07
829 1.585448e-07
830 9.942120e-08
831 6.237863e-08
832 3.884243e-08
833 0.000000e+00
834 0.000000e+00
835 0.000000e+00
836 0.000000e+00
837 0.000000e+00
838 0.000000e+00
839 0.000000e+00
840 6.552987e-07
841 5.272123e-07
842 3.978674e-07
843 3.018374e-07
844 2.059564e-07
845 1.288702e-07
846 8.107233e-08
847 5.037425e-08
848 0.000000e+00
849 0.000000e+00
850 0.000000e+00
851 0.000000e+00
852 0.000000e+00
853 0.000000e+00
854 0.000000e+00
855 7.518608e-07
856 6.065637e-07
857 4.578993e-07
858 3.473340e-07
859 2.380880e-07
860 1.488276e-07
861 9.374094e-08
862 5.819026e-08
863 0.000000e+00
864 0.000000e+00
865 0.000000e+00
866 0.000000e+00
867 0.000000e+00
868 0.000000e+00
869 0.000000e+00
870 8.250004e-07
871 6.666460e-07
872 5.033531e-07
873 3.818074e-07
874 2.624296e-07
875 1.639455e-07
876 1.033388e-07
877 6.411041e-08
878 0.000000e+00
879 0.000000e+00
880 0.000000e+00
881 0.000000e+00
882 0.000000e+00
883 0.000000e+00
884 0.000000e+00
885 8.843480e-07
886 7.154244e-07
887 5.402556e-07
888 4.097803e-07
889 2.821853e-07
890 1.762152e-07
891 1.111273e-07
892 6.891522e-08
893 0.000000e+00
894 0.000000e+00
895 0.000000e+00
896 0.000000e+00
897 0.000000e+00
898 0.000000e+00
899 0.000000e+00
900 9.332763e-07
901 7.556266e-07
902 5.706682e-07
903 4.328366e-07
904 2.984661e-07
905 1.863276e-07
906 1.175467e-07
907 7.287565e-08
908 0.000000e+00
909 0.000000e+00
910 0.000000e+00
911 0.000000e+00
912 0.000000e+00
913 0.000000e+00
914 0.000000e+00
915 9.761900e-07
916 7.908930e-07
917 5.973484e-07
918 4.530632e-07
919 3.127494e-07
920 1.951979e-07
921 1.231778e-07
922 7.634955e-08
923 0.000000e+00
924 0.000000e+00
925 0.000000e+00
926 0.000000e+00
927 0.000000e+00
928 0.000000e+00
929 0.000000e+00
930 1.030523e-06
931 8.355648e-07
932 6.311516e-07
933 4.786900e-07
934 3.308449e-07
935 2.064365e-07
936 1.303123e-07
937 8.075122e-08
938 0.000000e+00
939 0.000000e+00
940 0.000000e+00
941 0.000000e+00
942 0.000000e+00
943 0.000000e+00
944 0.000000e+00
945 2.379293e-07
946 2.234737e-07
947 1.830295e-07
948 1.367250e-07
949 1.048641e-07
950 7.394060e-08
951 4.523506e-08
952 2.796951e-08
953 1.712143e-08
954 0.000000e+00
955 0.000000e+00
956 0.000000e+00
957 0.000000e+00
958 0.000000e+00
959 0.000000e+00
960 3.436295e-07
961 3.241957e-07
962 2.668469e-07
963 1.996481e-07
964 1.528162e-07
965 1.086890e-07
966 6.625407e-08
967 4.118246e-08
968 2.516321e-08
969 0.000000e+00
970 0.000000e+00
971 0.000000e+00
972 0.000000e+00
973 0.000000e+00
974 0.000000e+00
975 4.233939e-07
976 4.001925e-07
977 3.300728e-07
978 2.471068e-07
979 1.889870e-07
980 1.348913e-07
981 8.210315e-08
982 5.114291e-08
983 3.122618e-08
984 0.000000e+00
985 0.000000e+00
986 0.000000e+00
987 0.000000e+00
988 0.000000e+00
989 0.000000e+00
990 4.881505e-07
991 4.618904e-07
992 3.814018e-07
993 2.856356e-07
994 2.183517e-07
995 1.561638e-07
996 9.497001e-08
997 5.922972e-08
998 3.614840e-08
999 0.000000e+00
1000 0.000000e+00
1001 0.000000e+00
1002 0.000000e+00
1003 0.000000e+00
1004 0.000000e+00
1005 5.415000e-07
1006 5.127186e-07
1007 4.236890e-07
1008 3.173773e-07
1009 2.425437e-07
1010 1.736891e-07
1011 1.055703e-07
1012 6.589176e-08
1013 4.020354e-08
1014 0.000000e+00
1015 0.000000e+00
1016 0.000000e+00
1017 0.000000e+00
1018 0.000000e+00
1019 0.000000e+00
1020 5.883136e-07
1021 5.573195e-07
1022 4.607951e-07
1023 3.452299e-07
1024 2.637717e-07
1025 1.890669e-07
1026 1.148718e-07
1027 7.173747e-08
1028 4.376185e-08
1029 0.000000e+00
1030 0.000000e+00
1031 0.000000e+00
1032 0.000000e+00
1033 0.000000e+00
1034 0.000000e+00
1035 6.476284e-07
1036 6.138289e-07
1037 5.078088e-07
1038 3.805195e-07
1039 2.906676e-07
1040 2.085525e-07
1041 1.266569e-07
1042 7.914410e-08
1043 4.827026e-08
1044 0.000000e+00
1045 0.000000e+00
1046 0.000000e+00
1047 0.000000e+00
1048 0.000000e+00
1049 0.000000e+00
1050 1.272392e-07
1051 1.299104e-07
1052 1.177034e-07
1053 9.283727e-08
1054 6.892802e-08
1055 5.349814e-08
1056 3.460430e-08
1057 2.209782e-08
1058 1.306358e-08
1059 7.880458e-09
1060 0.000000e+00
1061 0.000000e+00
1062 0.000000e+00
1063 0.000000e+00
1064 0.000000e+00
1065 2.055894e-07
1066 2.105915e-07
1067 1.916923e-07
1068 1.518504e-07
1069 1.127397e-07
1070 8.742453e-08
1071 5.717359e-08
1072 3.624957e-08
1073 2.146384e-08
1074 1.295443e-08
1075 0.000000e+00
1076 0.000000e+00
1077 0.000000e+00
1078 0.000000e+00
1079 0.000000e+00
1080 2.684676e-07
1081 2.753128e-07
1082 2.510178e-07
1083 1.991515e-07
1084 1.478498e-07
1085 1.146172e-07
1086 7.524555e-08
1087 4.759272e-08
1088 2.819289e-08
1089 1.701927e-08
1090 0.000000e+00
1091 0.000000e+00
1092 0.000000e+00
1093 0.000000e+00
1094 0.000000e+00
1095 3.202746e-07
1096 3.286419e-07
1097 2.999009e-07
1098 2.381163e-07
1099 1.767803e-07
1100 1.370238e-07
1101 9.013548e-08
1102 5.693779e-08
1103 3.373628e-08
1104 2.036839e-08
1105 0.000000e+00
1106 0.000000e+00
1107 0.000000e+00
1108 0.000000e+00
1109 0.000000e+00
1110 3.657251e-07
1111 3.754277e-07
1112 3.427863e-07
1113 2.723055e-07
1114 2.021612e-07
1115 1.566811e-07
1116 1.031985e-07
1117 6.513629e-08
1118 3.860008e-08
1119 2.330659e-08
1120 0.000000e+00
1121 0.000000e+00
1122 0.000000e+00
1123 0.000000e+00
1124 0.000000e+00
1125 4.233072e-07
1126 4.347146e-07
1127 3.971305e-07
1128 3.156066e-07
1129 2.343237e-07
1130 1.815908e-07
1131 1.197519e-07
1132 7.552535e-08
1133 4.476346e-08
1134 2.702987e-08
1135 0.000000e+00
1136 0.000000e+00
1137 0.000000e+00
1138 0.000000e+00
1139 0.000000e+00
1140 1.367664e-07
1141 1.468774e-07
1142 1.430646e-07
1143 1.216766e-07
1144 9.181243e-08
1145 6.935042e-08
1146 5.215705e-08
1147 3.065675e-08
1148 1.951785e-08
1149 1.157988e-08
1150 6.852986e-09
1151 0.000000e+00
1152 0.000000e+00
1153 0.000000e+00
1154 0.000000e+00
1155 1.857535e-07
1156 1.996509e-07
1157 1.947107e-07
1158 1.658531e-07
1159 1.252417e-07
1160 9.454335e-08
1161 7.122244e-08
1162 4.188258e-08
1163 2.671174e-08
1164 1.583730e-08
1165 9.360858e-09
1166 0.000000e+00
1167 0.000000e+00
1168 0.000000e+00
1169 0.000000e+00
1170 2.287308e-07
1171 2.459574e-07
1172 2.400117e-07
1173 2.046021e-07
1174 1.545704e-07
1175 1.166411e-07
1176 8.794470e-08
1177 5.172930e-08
1178 3.302338e-08
1179 1.957204e-08
1180 1.156115e-08
1181 0.000000e+00
1182 0.000000e+00
1183 0.000000e+00
1184 0.000000e+00
1185 2.831925e-07
1186 3.046215e-07
1187 2.974217e-07
1188 2.537003e-07
1189 1.917262e-07
1190 1.446408e-07
1191 1.091385e-07
1192 6.420868e-08
1193 4.102415e-08
1194 2.430526e-08
1195 1.434858e-08
1196 0.000000e+00
1197 0.000000e+00
1198 0.000000e+00
1199 0.000000e+00
1200 9.740321e-08
1201 1.080083e-07
1202 1.102392e-07
1203 9.966737e-08
1204 7.833154e-08
1205 5.810551e-08
1206 4.522064e-08
1207 2.879821e-08
1208 1.847147e-08
1209 1.069707e-08
1210 6.274259e-09
1211 0.000000e+00
1212 0.000000e+00
1213 0.000000e+00
1214 0.000000e+00
1215 1.375235e-07
1216 1.525919e-07
1217 1.558869e-07
1218 1.411225e-07
1219 1.110369e-07
1220 8.235632e-08
1221 6.408696e-08
1222 4.094022e-08
1223 2.621118e-08
1224 1.517720e-08
1225 8.907914e-09
1226 0.000000e+00
1227 0.000000e+00
1228 0.000000e+00
1229 0.000000e+00
1230 1.883677e-07
1231 2.090944e-07
1232 2.137391e-07
1233 1.936555e-07
1234 1.524844e-07
1235 1.130875e-07
1236 8.799619e-08
1237 5.632430e-08
1238 3.601906e-08
1239 2.085450e-08
1240 1.224532e-08
1241 0.000000e+00
1242 0.000000e+00
1243 0.000000e+00
1244 0.000000e+00
1245 7.513603e-08
1246 8.530890e-08
1247 9.007586e-08
1248 8.547476e-08
1249 7.042050e-08
1250 5.243238e-08
1251 4.020574e-08
1252 2.875580e-08
1253 1.703741e-08
1254 1.018990e-08
1255 5.995171e-09
1256 0.000000e+00
1257 0.000000e+00
1258 0.000000e+00
1259 0.000000e+00
1260 1.222467e-07
1261 1.388785e-07
1262 1.467597e-07
1263 1.394325e-07
1264 1.150298e-07
1265 8.568112e-08
1266 6.566046e-08
1267 4.708674e-08
1268 2.785034e-08
1269 1.669427e-08
1270 9.816045e-09
1271 0.000000e+00
1272 0.000000e+00
1273 0.000000e+00
1274 0.000000e+00
1275 7.540956e-08
1276 8.722075e-08
1277 9.452103e-08
1278 9.317482e-08
1279 8.032049e-08
1280 6.096069e-08
1281 4.579725e-08
1282 3.502503e-08
1283 2.040938e-08
1284 1.312597e-08
1285 7.585910e-09
1286 4.263012e-09
1287 0.000000e+00
1288 0.000000e+00
1289 0.000000e+00
1290 4.053025e-08
1291 4.757671e-08
1292 5.261811e-08
1293 5.343607e-08
1294 4.792390e-08
1295 3.737534e-08
1296 2.774598e-08
1297 2.163637e-08
1298 1.340446e-08
1299 8.678098e-09
1300 4.940753e-09
1301 2.785779e-09
1302 0.000000e+00
1303 0.000000e+00
1304 0.000000e+00
1305 3.940587e-05
1306 3.178849e-05
1307 2.393007e-05
1308 1.821502e-05
1309 1.249775e-05
1310 7.789480e-06
1311 4.899598e-06
1312 3.042981e-06
1313 0.000000e+00
1314 0.000000e+00
1315 0.000000e+00
1316 0.000000e+00
1317 0.000000e+00
1318 0.000000e+00
1319 0.000000e+00
1320 2.252345e-05
1321 2.138353e-05
1322 1.769588e-05
1323 1.323667e-05
1324 1.011618e-05
1325 7.290875e-06
1326 4.397525e-06
1327 2.742055e-06
1328 1.676049e-06
1329 0.000000e+00
1330 0.000000e+00
1331 0.000000e+00
1332 0.000000e+00
1333 0.000000e+00
1334 0.000000e+00
1335 1.469489e-05
1336 1.510995e-05
1337 1.382060e-05
1338 1.098644e-05
1339 8.147935e-06
1340 6.323625e-06
1341 4.172195e-06
1342 2.636679e-06
1343 1.556517e-06
1344 9.416150e-07
1345 0.000000e+00
1346 0.000000e+00
1347 0.000000e+00
1348 0.000000e+00
1349 0.000000e+00
1350 1.001316e-05
1351 1.078069e-05
1352 1.053877e-05
1353 8.999330e-06
1354 6.799923e-06
1355 5.126445e-06
1356 3.880869e-06
1357 2.272981e-06
1358 1.457269e-06
1359 8.630855e-07
1360 5.085649e-07
1361 0.000000e+00
1362 0.000000e+00
1363 0.000000e+00
1364 0.000000e+00
1365 7.094520e-06
1366 7.881320e-06
1367 8.065144e-06
1368 7.317040e-06
1369 5.765308e-06
1370 4.273267e-06
1371 3.327939e-06
1372 2.133148e-06
1373 1.365588e-06
1374 7.892824e-07
1375 4.640026e-07
1376 0.000000e+00
1377 0.000000e+00
1378 0.000000e+00
1379 0.000000e+00
1380 5.188951e-06
1381 5.899201e-06
1382 6.240262e-06
1383 5.936934e-06
1384 4.904067e-06
1385 3.652855e-06
1386 2.797878e-06
1387 2.013351e-06
1388 1.186941e-06
1389 7.119475e-07
1390 4.184884e-07
1391 0.000000e+00
1392 0.000000e+00
1393 0.000000e+00
1394 0.000000e+00
1395 3.886031e-06
1396 4.497889e-06
1397 4.879184e-06
1398 4.816536e-06
1399 4.158944e-06
1400 3.158679e-06
1401 2.371131e-06
1402 1.817574e-06
1403 1.058423e-06
1404 6.829652e-07
1405 3.945519e-07
1406 2.210788e-07
1407 0.000000e+00
1408 0.000000e+00
1409 0.000000e+00
1410 2.701128e-06
1411 3.173486e-06
1412 3.513887e-06
1413 3.574597e-06
1414 3.213114e-06
1415 2.509981e-06
1416 1.862240e-06
1417 1.453080e-06
1418 9.040477e-07
1419 5.848966e-07
1420 3.326371e-07
1421 1.878682e-07
1422 0.000000e+00
1423 0.000000e+00
1424 0.000000e+00
1425 1.550966e-06
1426 1.849254e-06
1427 2.088821e-06
1428 2.186952e-06
1429 2.047901e-06
1430 1.661933e-06
1431 1.232635e-06
1432 9.526603e-07
1433 6.578205e-07
1434 3.968083e-07
1435 2.282730e-07
1436 1.316424e-07
1437 0.000000e+00
1438 0.000000e+00
1439 0.000000e+00
1440 6.870354e-07
1441 8.306719e-07
1442 9.558747e-07
1443 1.027427e-06
1444 9.998176e-07
1445 8.475785e-07
1446 6.375316e-07
1447 4.826328e-07
1448 3.621512e-07
1449 2.083764e-07
1450 1.294081e-07
1451 7.361867e-08
1452 4.047786e-08
1453 0.000000e+00
1454 0.000000e+00
1455 1.227397e-06
1456 9.975765e-07
1457 7.537948e-07
1458 5.717032e-07
1459 3.965284e-07
1460 2.472353e-07
1461 1.562128e-07
1462 9.673048e-08
1463 0.000000e+00
1464 0.000000e+00
1465 0.000000e+00
1466 0.000000e+00
1467 0.000000e+00
1468 0.000000e+00
1469 0.000000e+00
1470 8.625629e-07
1471 8.187690e-07
1472 6.783859e-07
1473 5.085876e-07
1474 3.882856e-07
1475 2.792626e-07
1476 1.694324e-07
1477 1.060318e-07
1478 6.463452e-08
1479 0.000000e+00
1480 0.000000e+00
1481 0.000000e+00
1482 0.000000e+00
1483 0.000000e+00
1484 0.000000e+00
1485 6.321246e-07
1486 6.498098e-07
1487 5.943566e-07
1488 4.728846e-07
1489 3.510758e-07
1490 2.720171e-07
1491 1.798475e-07
1492 1.132478e-07
1493 6.713693e-08
1494 4.054492e-08
1495 0.000000e+00
1496 0.000000e+00
1497 0.000000e+00
1498 0.000000e+00
1499 0.000000e+00
1500 4.807473e-07
1501 5.175506e-07
1502 5.058284e-07
1503 4.319927e-07
1504 3.266501e-07
1505 2.463182e-07
1506 1.860877e-07
1507 1.095199e-07
1508 7.006547e-08
1509 4.149048e-08
1510 2.447120e-08
1511 0.000000e+00
1512 0.000000e+00
1513 0.000000e+00
1514 0.000000e+00
1515 3.729256e-07
1516 4.142599e-07
1517 4.238291e-07
1518 3.844481e-07
1519 3.030079e-07
1520 2.247062e-07
1521 1.748302e-07
1522 1.121976e-07
1523 7.163836e-08
1524 4.147311e-08
1525 2.436606e-08
1526 0.000000e+00
1527 0.000000e+00
1528 0.000000e+00
1529 0.000000e+00
1530 2.934183e-07
1531 3.335794e-07
1532 3.528075e-07
1533 3.355649e-07
1534 2.771744e-07
1535 2.065337e-07
1536 1.581842e-07
1537 1.137062e-07
1538 6.715331e-08
1539 4.033424e-08
1540 2.370300e-08
1541 0.000000e+00
1542 0.000000e+00
1543 0.000000e+00
1544 0.000000e+00
1545 2.334364e-07
1546 2.702024e-07
1547 2.930754e-07
1548 2.892449e-07
1549 2.497135e-07
1550 1.896920e-07
1551 1.424273e-07
1552 1.090633e-07
1553 6.363290e-08
1554 4.098951e-08
1555 2.367743e-08
1556 1.329081e-08
1557 0.000000e+00
1558 0.000000e+00
1559 0.000000e+00
1560 1.850501e-07
1561 2.174451e-07
1562 2.407813e-07
1563 2.449398e-07
1564 2.201805e-07
1565 1.720424e-07
1566 1.276715e-07
1567 9.956647e-08
1568 6.201780e-08
1569 4.005036e-08
1570 2.278437e-08
1571 1.287406e-08
1572 0.000000e+00
1573 0.000000e+00
1574 0.000000e+00
1575 1.390495e-07
1576 1.658224e-07
1577 1.873158e-07
1578 1.961204e-07
1579 1.836582e-07
1580 1.490741e-07
1581 1.105953e-07
1582 8.545501e-08
1583 5.901312e-08
1584 3.559606e-08
1585 2.050972e-08
1586 1.181828e-08
1587 0.000000e+00
1588 0.000000e+00
1589 0.000000e+00
1590 9.485632e-08
1591 1.148683e-07
1592 1.324368e-07
1593 1.427256e-07
1594 1.394354e-07
1595 1.188193e-07
1596 8.965765e-08
1597 6.773199e-08
1598 5.105888e-08
1599 2.952458e-08
1600 1.846195e-08
1601 1.048969e-08
1602 5.744740e-09
1603 0.000000e+00
1604 0.000000e+00
1605 7.067062e-09
1606 5.003871e-09
1607 3.408041e-09
1608 2.216598e-09
1609 1.433372e-09
1610 9.409271e-10
1611 6.319361e-10
1612 4.336789e-10
1613 3.001555e-10
1614 2.053673e-10
1615 1.362604e-10
1616 8.637722e-11
1617 5.184555e-11
1618 2.939475e-11
1619 1.580769e-11
1620 1.969633e-08
1621 1.464297e-08
1622 1.047708e-08
1623 7.215879e-09
1624 4.685518e-09
1625 2.996969e-09
1626 1.936022e-09
1627 1.277825e-09
1628 8.652235e-10
1629 5.954153e-10
1630 4.086046e-10
1631 2.738936e-10
1632 1.763102e-10
1633 1.077573e-10
1634 6.221552e-11
1635 3.117899e-08
1636 2.417700e-08
1637 1.774051e-08
1638 1.257619e-08
1639 8.527368e-09
1640 5.443102e-09
1641 3.484025e-09
1642 2.235946e-09
1643 1.474783e-09
1644 9.968764e-10
1645 6.824821e-10
1646 4.641712e-10
1647 3.075642e-10
1648 1.954954e-10
1649 1.180220e-10
1650 4.197036e-08
1651 3.375921e-08
1652 2.541826e-08
1653 1.830743e-08
1654 1.274157e-08
1655 8.359280e-09
1656 5.277138e-09
1657 3.368967e-09
1658 2.174780e-09
1659 1.440091e-09
1660 9.743423e-10
1661 6.628844e-10
1662 4.445953e-10
1663 2.888470e-10
1664 1.794716e-10
1665 5.239689e-08
1666 4.347593e-08
1667 3.359378e-08
1668 2.457584e-08
1669 1.736391e-08
1670 1.170326e-08
1671 7.414976e-09
1672 4.709265e-09
1673 2.988308e-09
1674 1.945716e-09
1675 1.297746e-09
1676 8.772802e-10
1677 5.904530e-10
1678 3.884462e-10
1679 2.461506e-10
1680 6.276288e-08
1681 5.349671e-08
1682 4.239431e-08
1683 3.155095e-08
1684 2.254606e-08
1685 1.550352e-08
1686 9.998042e-09
1687 6.286679e-09
1688 3.965655e-09
1689 2.542484e-09
1690 1.668489e-09
1691 1.116515e-09
1692 7.499553e-10
1693 4.965304e-10
1694 3.189063e-10
1695 7.332483e-08
1696 6.400961e-08
1697 5.196472e-08
1698 3.941208e-08
1699 2.847769e-08
1700 1.986697e-08
1701 1.309108e-08
1702 8.198805e-09
1703 5.167692e-09
1704 3.262749e-09
1705 2.107585e-09
1706 1.391889e-09
1707 9.291683e-10
1708 6.161392e-10
1709 3.991855e-10
1710 8.390734e-08
1711 7.481679e-08
1712 6.212000e-08
1713 4.804080e-08
1714 3.514443e-08
1715 2.478543e-08
1716 1.665472e-08
1717 1.050229e-08
1718 6.587642e-09
1719 4.112381e-09
1720 2.620860e-09
1721 1.707301e-09
1722 1.129006e-09
1723 7.467734e-10
1724 4.859478e-10
1725 9.495509e-08
1726 8.633889e-08
1727 7.324819e-08
1728 5.780426e-08
1729 4.288821e-08
1730 3.053924e-08
1731 2.086243e-08
1732 1.335264e-08
1733 8.319408e-09
1734 5.171413e-09
1735 3.250846e-09
1736 2.085039e-09
1737 1.362431e-09
1738 8.956263e-10
1739 5.831380e-10
1740 1.120113e-07
1741 1.045359e-07
1742 9.135729e-08
1743 7.430663e-08
1744 5.647814e-08
1745 4.083587e-08
1746 2.842529e-08
1747 1.869427e-08
1748 1.164061e-08
1749 7.220075e-09
1750 4.455718e-09
1751 2.795201e-09
1752 1.787072e-09
1753 1.156940e-09
1754 7.485181e-10
1755 2.107089e-07
1756 2.158247e-07
1757 2.101588e-07
1758 1.926644e-07
1759 1.648907e-07
1760 1.311748e-07
1761 9.773303e-08
1762 6.956183e-08
1763 4.749487e-08
1764 3.016311e-08
1765 1.823173e-08
1766 1.083848e-08
1767 6.362290e-09
1768 3.732305e-09
1769 2.209040e-09
