0 1.854861e-09
1 1.242940e-09
2 8.142435e-10
3 5.360211e-10
4 3.588460e-10
5 2.450137e-10
6 1.691186e-10
7 1.160552e-10
8 7.762617e-11
9 4.980882e-11
10 3.028527e-11
11 1.734804e-11
12 9.376498e-12
13 4.837491e-12
14 2.424498e-12
15 2.961757e-09
16 2.022126e-09
17 1.331845e-09
18 8.684413e-10
19 5.738360e-10
20 3.865537e-10
21 2.652322e-10
22 1.829061e-10
23 1.243670e-10
24 8.181856e-11
25 5.129775e-11
26 3.036266e-11
27 1.691305e-11
28 8.922004e-12
29 4.528437e-12
30 3.379271e-09
31 2.321021e-09
32 1.534621e-09
33 9.989453e-10
34 6.578115e-10
35 4.411369e-10
36 3.018391e-10
37 2.081205e-10
38 1.419662e-10
39 9.399524e-11
40 5.943975e-11
41 3.552410e-11
42 1.997799e-11
43 1.062340e-11
44 5.419324e-12
45 3.622653e-09
46 2.495487e-09
47 1.653242e-09
48 1.075349e-09
49 7.069351e-10
50 4.730849e-10
51 3.231606e-10
52 2.228614e-10
53 1.522807e-10
54 1.011230e-10
55 6.420083e-11
56 3.854178e-11
57 2.177663e-11
58 1.162132e-11
59 5.942743e-12
60 3.792836e-09
61 2.617340e-09
62 1.736245e-09
63 1.128701e-09
64 7.411344e-10
65 4.953503e-10
66 3.380721e-10
67 2.331140e-10
68 1.594551e-10
69 1.060944e-10
70 6.752308e-11
71 4.064976e-11
72 2.303058e-11
73 1.231776e-11
74 6.306405e-12
75 3.925353e-09
76 2.712484e-09
77 1.800747e-09
78 1.170247e-09
79 7.678019e-10
80 5.126867e-10
81 3.497119e-10
82 2.411527e-10
83 1.650579e-10
84 1.099693e-10
85 7.011427e-11
86 4.229447e-11
87 2.400566e-11
88 1.285883e-11
89 6.590373e-12
90 4.037517e-09
91 2.792326e-09
92 1.855015e-09
93 1.205273e-09
94 7.902198e-10
95 5.273145e-10
96 3.594752e-10
97 2.478514e-10
98 1.697690e-10
99 1.132135e-10
100 7.229135e-11
101 4.367042e-11
102 2.482541e-11
103 1.331349e-11
104 6.828727e-12
105 4.136111e-09
106 2.863060e-09
107 1.903255e-09
108 1.236363e-09
109 8.102539e-10
110 5.402728e-10
111 3.682022e-10
112 2.538704e-10
113 1.739454e-10
114 1.160904e-10
115 7.422471e-11
116 4.490527e-11
117 2.555727e-11
118 1.371961e-11
119 7.041169e-12
120 4.233562e-09
121 2.932836e-09
122 1.950314e-09
123 1.266759e-09
124 8.298134e-10
125 5.529974e-10
126 3.766965e-10
127 2.597124e-10
128 1.780509e-10
129 1.189629e-10
130 7.612164e-11
131 4.610041e-11
132 2.627284e-11
133 1.411426e-11
134 7.247571e-12
135 4.357117e-09
136 3.021961e-09
137 2.010426e-09
138 1.305358e-09
139 8.545448e-10
140 5.691203e-10
141 3.875040e-10
142 2.672215e-10
143 1.832784e-10
144 1.225762e-10
145 7.852941e-11
146 4.763312e-11
147 2.717854e-11
148 1.461801e-11
149 7.512051e-12
150 5.651789e-09
151 3.972530e-09
152 2.679163e-09
153 1.741527e-09
154 1.132721e-09
155 7.470451e-10
156 5.039862e-10
157 3.460802e-10
158 2.382068e-10
159 1.610294e-10
160 1.049022e-10
161 6.493434e-11
162 3.786671e-11
163 2.076389e-11
164 1.081994e-11
165 7.028367e-09
166 4.991317e-09
167 3.407951e-09
168 2.228691e-09
169 1.442251e-09
170 9.450510e-10
171 6.322200e-10
172 4.316003e-10
173 2.970978e-10
174 2.021521e-10
175 1.332751e-10
176 8.380071e-11
177 4.975328e-11
178 2.776506e-11
179 1.466652e-11
180 7.873750e-09
181 5.618735e-09
182 3.857915e-09
183 2.532577e-09
184 1.635627e-09
185 1.068770e-09
186 7.116066e-10
187 4.845190e-10
188 3.334473e-10
189 2.274569e-10
190 1.507523e-10
191 9.547395e-11
192 5.714855e-11
193 3.215404e-11
194 1.709955e-11
195 8.467914e-09
196 6.060204e-09
197 4.174646e-09
198 2.746461e-09
199 1.771888e-09
200 1.155840e-09
201 7.677099e-10
202 5.218472e-10
203 3.590161e-10
204 2.452956e-10
205 1.630588e-10
206 1.036778e-10
207 6.235841e-11
208 3.524950e-11
209 1.881691e-11
210 8.932412e-09
211 6.403875e-09
212 4.421561e-09
213 2.912884e-09
214 1.878054e-09
215 1.223502e-09
216 8.113451e-10
217 5.508150e-10
218 3.789200e-10
219 2.591659e-10
220 1.726083e-10
221 1.100749e-10
222 6.640523e-11
223 3.765077e-11
224 2.014847e-11
225 9.320272e-09
226 6.692135e-09
227 4.627906e-09
228 3.052051e-09
229 1.966650e-09
230 1.280300e-09
231 8.479873e-10
232 5.750972e-10
233 3.955227e-10
234 2.707443e-10
235 1.806541e-10
236 1.154567e-10
237 6.978875e-11
238 3.966838e-11
239 2.126466e-11
240 9.665038e-09
241 6.948288e-09
242 4.812127e-09
243 3.176416e-09
244 2.045567e-09
245 1.330568e-09
246 8.802771e-10
247 5.967727e-10
248 4.103928e-10
249 2.810472e-10
250 1.877511e-10
251 1.202003e-10
252 7.281352e-11
253 4.145257e-11
254 2.226316e-11
255 1.000452e-08
256 7.199666e-09
257 4.992966e-09
258 3.298089e-09
259 2.122903e-09
260 1.380293e-09
261 9.121648e-10
262 6.179224e-10
263 4.250276e-10
264 2.912493e-10
265 1.947914e-10
266 1.248911e-10
267 7.577260e-11
268 4.321661e-11
269 2.323441e-11
270 1.043595e-08
271 7.520162e-09
272 5.222922e-09
273 3.453596e-09
274 2.221842e-09
275 1.443367e-09
276 9.533182e-10
277 6.451043e-10
278 4.435033e-10
279 3.042472e-10
280 2.037230e-10
281 1.308576e-10
282 7.953959e-11
283 4.545457e-11
284 2.447483e-11
285 9.346353e-09
286 6.732580e-09
287 4.675835e-09
288 3.105171e-09
289 2.001788e-09
290 1.301801e-09
291 8.594748e-10
292 5.806837e-10
293 3.981455e-10
294 2.723538e-10
295 1.820150e-10
296 1.168051e-10
297 7.111039e-11
298 4.072232e-11
299 2.200091e-11
300 1.094082e-08
301 7.945459e-09
302 5.563581e-09
303 3.730302e-09
304 2.407474e-09
305 1.559093e-09
306 1.022860e-09
307 6.865008e-10
308 4.692529e-10
309 3.213489e-10
310 2.160189e-10
311 1.399684e-10
312 8.623585e-11
313 5.007582e-11
314 2.740229e-11
315 1.208806e-08
316 8.820937e-09
317 6.204855e-09
318 4.182597e-09
319 2.702858e-09
320 1.745764e-09
321 1.141401e-09
322 7.634706e-10
323 5.206135e-10
324 3.566786e-10
325 2.405485e-10
326 1.566936e-10
327 9.720715e-11
328 5.686712e-11
329 3.133648e-11
330 1.298349e-08
331 9.504956e-09
332 6.706889e-09
333 4.536595e-09
334 2.933899e-09
335 1.892332e-09
336 1.234244e-09
337 8.236385e-10
338 5.609103e-10
339 3.843191e-10
340 2.596868e-10
341 1.697737e-10
342 1.057429e-10
343 6.218672e-11
344 3.441697e-11
345 1.373458e-08
346 1.007771e-08
347 7.126448e-09
348 4.832326e-09
349 3.126829e-09
350 2.014410e-09
351 1.311940e-09
352 8.738592e-10
353 5.944958e-10
354 4.074931e-10
355 2.757968e-10
356 1.807452e-10
357 1.129572e-10
358 6.663331e-11
359 3.699609e-11
360 1.440167e-08
361 1.058777e-08
362 7.499942e-09
363 5.095410e-09
364 3.299148e-09
365 2.123332e-09
366 1.381028e-09
367 9.187344e-10
368 6.244612e-10
369 4.280965e-10
370 2.900496e-10
371 1.904469e-10
372 1.193211e-10
373 7.058286e-11
374 3.928214e-11
375 1.505777e-08
376 1.108703e-08
377 7.866127e-09
378 5.354351e-09
379 3.467813e-09
380 2.229934e-09
381 1.448853e-09
382 9.625609e-10
383 6.537982e-10
384 4.482777e-10
385 3.041025e-10
386 2.000218e-10
387 1.256116e-10
388 7.447707e-11
389 4.153729e-11
390 1.588957e-08
391 1.172170e-08
392 8.331471e-09
393 5.682265e-09
394 3.682338e-09
395 2.366111e-09
396 1.535466e-09
397 1.018505e-09
398 6.910448e-10
399 4.740076e-10
400 3.218607e-10
401 2.121542e-10
402 1.335498e-10
403 7.940769e-11
404 4.439755e-11
405 1.330373e-08
406 9.780008e-09
407 6.918933e-09
408 4.703664e-09
409 3.055477e-09
410 1.967432e-09
411 1.281735e-09
412 8.520917e-10
413 5.784571e-10
414 3.957490e-10
415 2.675823e-10
416 1.753786e-10
417 1.097712e-10
418 6.492786e-11
419 3.619155e-11
420 1.511830e-08
421 1.120658e-08
422 7.979614e-09
423 5.467793e-09
424 3.572876e-09
425 2.293487e-09
426 1.488582e-09
427 9.836860e-10
428 6.644764e-10
429 4.539649e-10
430 3.077623e-10
431 2.030180e-10
432 1.282382e-10
433 7.668431e-11
434 4.321753e-11
435 1.655270e-08
436 1.233647e-08
437 8.819536e-09
438 6.073920e-09
439 3.984523e-09
440 2.553364e-09
441 1.653538e-09
442 1.088317e-09
443 7.330635e-10
444 5.002096e-10
445 3.396500e-10
446 2.248854e-10
447 1.428277e-10
448 8.602012e-11
449 4.882200e-11
450 1.775639e-08
451 1.328551e-08
452 9.525689e-09
453 6.582868e-09
454 4.329990e-09
455 2.771489e-09
456 1.792138e-09
457 1.176154e-09
458 7.903857e-10
459 5.390745e-10
460 3.663884e-10
461 2.432618e-10
462 1.551414e-10
463 9.387489e-11
464 5.352331e-11
465 1.882651e-08
466 1.412916e-08
467 1.015279e-08
468 7.034578e-09
469 4.637102e-09
470 2.965189e-09
471 1.915085e-09
472 1.254205e-09
473 8.415404e-10
474 5.734531e-10
475 3.902026e-10
476 2.595935e-10
477 1.660795e-10
478 1.008268e-10
479 5.769290e-11
480 1.987832e-08
481 1.495594e-08
482 1.076791e-08
483 7.478619e-09
484 4.938689e-09
485 3.155797e-09
486 2.035715e-09
487 1.330802e-09
488 8.915693e-10
489 6.074400e-10
490 4.136002e-10
491 2.756966e-10
492 1.768193e-10
493 1.076714e-10
494 6.180898e-11
495 2.120998e-08
496 1.600558e-08
497 1.154998e-08
498 8.043079e-09
499 5.321639e-09
500 3.397618e-09
501 2.189505e-09
502 1.428166e-09
503 9.552015e-10
504 6.504553e-10
505 4.431482e-10
506 2.960291e-10
507 1.904028e-10
508 1.163489e-10
509 6.699465e-11
510 1.763251e-08
511 1.323133e-08
512 9.501579e-09
513 6.576349e-09
514 4.343113e-09
515 2.782448e-09
516 1.798430e-09
517 1.178264e-09
518 7.902234e-10
519 5.378972e-10
520 3.652389e-10
521 2.425955e-10
522 1.549393e-10
523 9.397276e-11
524 5.377763e-11
525 1.971346e-08
526 1.492375e-08
527 1.078169e-08
528 7.510814e-09
529 4.997921e-09
530 3.202425e-09
531 2.063490e-09
532 1.344845e-09
533 8.972523e-10
534 6.088084e-10
535 4.136144e-10
536 2.757286e-10
537 1.773474e-10
538 1.085808e-10
539 6.278050e-11
540 2.147121e-08
541 1.635559e-08
542 1.186632e-08
543 8.301692e-09
544 5.551468e-09
545 3.558202e-09
546 2.287893e-09
547 1.485726e-09
548 9.877050e-10
549 6.688482e-10
550 4.546521e-10
551 3.038941e-10
552 1.963674e-10
553 1.209256e-10
554 7.039396e-11
555 2.303040e-08
556 1.762698e-08
557 1.283011e-08
558 9.003949e-09
559 6.044550e-09
560 3.874344e-09
561 2.487501e-09
562 1.611039e-09
563 1.068229e-09
564 7.221976e-10
565 4.909406e-10
566 3.289627e-10
567 2.132852e-10
568 1.319438e-10
569 7.717391e-11
570 2.456867e-08
571 1.887765e-08
572 1.377384e-08
573 9.694337e-09
574 6.527047e-09
575 4.185393e-09
576 2.683061e-09
577 1.734058e-09
578 1.147263e-09
579 7.746399e-10
580 5.266713e-10
581 3.535025e-10
582 2.298481e-10
583 1.427083e-10
584 8.382605e-11
585 2.651005e-08
586 2.045935e-08
587 1.497454e-08
588 1.057000e-08
589 7.140310e-09
590 4.579495e-09
591 2.931871e-09
592 1.889980e-09
593 1.247539e-09
594 8.412150e-10
595 5.719415e-10
596 3.845635e-10
597 2.508815e-10
598 1.564254e-10
599 9.223361e-11
600 2.249847e-08
601 1.724948e-08
602 1.257078e-08
603 8.826185e-09
604 5.935735e-09
605 3.817295e-09
606 2.448734e-09
607 1.586166e-09
608 1.050486e-09
609 7.089856e-10
610 4.811861e-10
611 3.220055e-10
612 2.087855e-10
613 1.292895e-10
614 7.576604e-11
615 2.493464e-08
616 1.929757e-08
617 1.415963e-08
618 9.995391e-09
619 6.771617e-09
620 4.371403e-09
621 2.795107e-09
622 1.803996e-09
623 1.188053e-09
624 7.985019e-10
625 5.414036e-10
626 3.631140e-10
627 2.366887e-10
628 1.476668e-10
629 8.733877e-11
630 2.710258e-08
631 2.112730e-08
632 1.557554e-08
633 1.103952e-08
634 7.518413e-09
635 4.865834e-09
636 3.104393e-09
637 1.998382e-09
638 1.310963e-09
639 8.783522e-10
640 5.948888e-10
641 3.997976e-10
642 2.615759e-10
643 1.641203e-10
644 9.768561e-11
645 2.923845e-08
646 2.292221e-08
647 1.696598e-08
648 1.206378e-08
649 8.249634e-09
650 5.351721e-09
651 3.407738e-09
652 2.189475e-09
653 1.431426e-09
654 9.567424e-10
655 6.475292e-10
656 4.357396e-10
657 2.859633e-10
658 1.801989e-10
659 1.078295e-10
660 3.193486e-08
661 2.519495e-08
662 1.872713e-08
663 1.336325e-08
664 9.178800e-09
665 5.967559e-09
666 3.793101e-09
667 2.431328e-09
668 1.584313e-09
669 1.056195e-09
670 7.142842e-10
671 4.812246e-10
672 3.168813e-10
673 2.006628e-10
674 1.206627e-10
675 2.813694e-08
676 2.206771e-08
677 1.635155e-08
678 1.162628e-08
679 7.951151e-09
680 5.174398e-09
681 3.296749e-09
682 2.120090e-09
683 1.385142e-09
684 9.247388e-10
685 6.249900e-10
686 4.197856e-10
687 2.752033e-10
688 1.733201e-10
689 1.037372e-10
690 3.107618e-08
691 2.463028e-08
692 1.838913e-08
693 1.314879e-08
694 9.053257e-09
695 5.928985e-09
696 3.770697e-09
697 2.418245e-09
698 1.570805e-09
699 1.043216e-09
700 7.029720e-10
701 4.726255e-10
702 3.110442e-10
703 1.972142e-10
704 1.190486e-10
705 3.396584e-08
706 2.713956e-08
707 2.039038e-08
708 1.464281e-08
709 1.013405e-08
710 6.669931e-09
711 4.235960e-09
712 2.711165e-09
713 1.752838e-09
714 1.159384e-09
715 7.796842e-10
716 5.244492e-10
717 3.461946e-10
718 2.206550e-10
719 1.340904e-10
720 3.762648e-08
721 3.032988e-08
722 2.292642e-08
723 1.653743e-08
724 1.150645e-08
725 7.610202e-09
726 4.826853e-09
727 3.082366e-09
728 1.983800e-09
729 1.307007e-09
730 8.768413e-10
731 5.900793e-10
732 3.907925e-10
733 2.503874e-10
734 1.530962e-10
735 3.493358e-08
736 2.808517e-08
737 2.121568e-08
738 1.528892e-08
739 1.061573e-08
740 7.025693e-09
741 4.470570e-09
742 2.856353e-09
743 1.841254e-09
744 1.213500e-09
745 8.133839e-10
746 5.463173e-10
747 3.608531e-10
748 2.305774e-10
749 1.407061e-10
750 3.882309e-08
751 3.158343e-08
752 2.408964e-08
753 1.747813e-08
754 1.221526e-08
755 8.152331e-09
756 5.195481e-09
757 3.308746e-09
758 2.120807e-09
759 1.388969e-09
760 9.268062e-10
761 6.217070e-10
762 4.116616e-10
763 2.646042e-10
764 1.628309e-10
765 4.374893e-08
766 3.602140e-08
767 2.773956e-08
768 2.025476e-08
769 1.424472e-08
770 9.581073e-09
771 6.115266e-09
772 3.881671e-09
773 2.475414e-09
774 1.611630e-09
775 1.070557e-09
776 7.171796e-10
777 4.761014e-10
778 3.077589e-10
779 1.908269e-10
780 4.403611e-08
781 3.643296e-08
782 2.820734e-08
783 2.068329e-08
784 1.458108e-08
785 9.849152e-09
786 6.322867e-09
787 4.006429e-09
788 2.553825e-09
789 1.656640e-09
790 1.095884e-09
791 7.320474e-10
792 4.852722e-10
793 3.138364e-10
794 1.951419e-10
795 5.083579e-08
796 4.278574e-08
797 3.363642e-08
798 2.493499e-08
799 1.772818e-08
800 1.210971e-08
801 7.837871e-09
802 4.944929e-09
803 3.137658e-09
804 2.015999e-09
805 1.322149e-09
806 8.787925e-10
807 5.827913e-10
808 3.789857e-10
809 2.378144e-10
810 6.116100e-08
811 5.287596e-08
812 4.269088e-08
813 3.234378e-08
814 2.334236e-08
815 1.620796e-08
816 1.070803e-08
817 6.766377e-09
818 4.266451e-09
819 2.700820e-09
820 1.742153e-09
821 1.142462e-09
822 7.530150e-10
823 4.909281e-10
824 3.113482e-10
825 5.170782e-07
826 3.908177e-07
827 2.958632e-07
828 2.044880e-07
829 1.285927e-07
830 8.133842e-08
831 5.107402e-08
832 0.000000e+00
833 0.000000e+00
834 0.000000e+00
835 0.000000e+00
836 0.000000e+00
837 0.000000e+00
838 0.000000e+00
839 0.000000e+00
840 6.686483e-07
841 5.061659e-07
842 3.832117e-07
843 2.673933e-07
844 1.681074e-07
845 1.065482e-07
846 6.675115e-08
847 0.000000e+00
848 0.000000e+00
849 0.000000e+00
850 0.000000e+00
851 0.000000e+00
852 0.000000e+00
853 0.000000e+00
854 0.000000e+00
855 7.750674e-07
856 5.871874e-07
857 4.445677e-07
858 3.115878e-07
859 1.958954e-07
860 1.242710e-07
861 7.777110e-08
862 0.000000e+00
863 0.000000e+00
864 0.000000e+00
865 0.000000e+00
866 0.000000e+00
867 0.000000e+00
868 0.000000e+00
869 0.000000e+00
870 8.580515e-07
871 6.503674e-07
872 4.924099e-07
873 3.460456e-07
874 2.175543e-07
875 1.380855e-07
876 8.636406e-08
877 0.000000e+00
878 0.000000e+00
879 0.000000e+00
880 0.000000e+00
881 0.000000e+00
882 0.000000e+00
883 0.000000e+00
884 0.000000e+00
885 9.276169e-07
886 7.033228e-07
887 5.325156e-07
888 3.749278e-07
889 2.357151e-07
890 1.496658e-07
891 9.356551e-08
892 0.000000e+00
893 0.000000e+00
894 0.000000e+00
895 0.000000e+00
896 0.000000e+00
897 0.000000e+00
898 0.000000e+00
899 0.000000e+00
900 9.895280e-07
901 7.504519e-07
902 5.682089e-07
903 4.006352e-07
904 2.518777e-07
905 1.599733e-07
906 9.997477e-08
907 0.000000e+00
908 0.000000e+00
909 0.000000e+00
910 0.000000e+00
911 0.000000e+00
912 0.000000e+00
913 0.000000e+00
914 0.000000e+00
915 1.050352e-06
916 7.967574e-07
917 6.032748e-07
918 4.258861e-07
919 2.677560e-07
920 1.700985e-07
921 1.062725e-07
922 0.000000e+00
923 0.000000e+00
924 0.000000e+00
925 0.000000e+00
926 0.000000e+00
927 0.000000e+00
928 0.000000e+00
929 0.000000e+00
930 1.127590e-06
931 8.555622e-07
932 6.477924e-07
933 4.579505e-07
934 2.879184e-07
935 1.829568e-07
936 1.142691e-07
937 0.000000e+00
938 0.000000e+00
939 0.000000e+00
940 0.000000e+00
941 0.000000e+00
942 0.000000e+00
943 0.000000e+00
944 0.000000e+00
945 3.740575e-07
946 3.004786e-07
947 2.246224e-07
948 1.726431e-07
949 1.176105e-07
950 7.363669e-08
951 4.559447e-08
952 2.842240e-08
953 0.000000e+00
954 0.000000e+00
955 0.000000e+00
956 0.000000e+00
957 0.000000e+00
958 0.000000e+00
959 0.000000e+00
960 5.084933e-07
961 4.104907e-07
962 3.070853e-07
963 2.357797e-07
964 1.621182e-07
965 1.010954e-07
966 6.281192e-08
967 3.909924e-08
968 0.000000e+00
969 0.000000e+00
970 0.000000e+00
971 0.000000e+00
972 0.000000e+00
973 0.000000e+00
974 0.000000e+00
975 6.135025e-07
976 4.964496e-07
977 3.715370e-07
978 2.851129e-07
979 1.969133e-07
980 1.225721e-07
981 7.627903e-08
982 4.744907e-08
983 0.000000e+00
984 0.000000e+00
985 0.000000e+00
986 0.000000e+00
987 0.000000e+00
988 0.000000e+00
989 0.000000e+00
990 7.014568e-07
991 5.684512e-07
992 4.255221e-07
993 3.264423e-07
994 2.260555e-07
995 1.405573e-07
996 8.755811e-08
997 5.444165e-08
998 0.000000e+00
999 0.000000e+00
1000 0.000000e+00
1001 0.000000e+00
1002 0.000000e+00
1003 0.000000e+00
1004 0.000000e+00
1005 7.797203e-07
1006 6.325134e-07
1007 4.735544e-07
1008 3.632112e-07
1009 2.519848e-07
1010 1.565602e-07
1011 9.759370e-08
1012 6.066319e-08
1013 0.000000e+00
1014 0.000000e+00
1015 0.000000e+00
1016 0.000000e+00
1017 0.000000e+00
1018 0.000000e+00
1019 0.000000e+00
1020 8.566149e-07
1021 6.954512e-07
1022 5.207433e-07
1023 3.993325e-07
1024 2.774617e-07
1025 1.722839e-07
1026 1.074531e-07
1027 6.677657e-08
1028 0.000000e+00
1029 0.000000e+00
1030 0.000000e+00
1031 0.000000e+00
1032 0.000000e+00
1033 0.000000e+00
1034 0.000000e+00
1035 9.542693e-07
1036 7.753845e-07
1037 5.806793e-07
1038 4.452128e-07
1039 3.098109e-07
1040 1.922507e-07
1041 1.199755e-07
1042 7.454048e-08
1043 0.000000e+00
1044 0.000000e+00
1045 0.000000e+00
1046 0.000000e+00
1047 0.000000e+00
1048 0.000000e+00
1049 0.000000e+00
1050 3.051620e-07
1051 2.651609e-07
1052 2.034545e-07
1053 1.526980e-07
1054 1.164678e-07
1055 7.169574e-08
1056 4.656341e-08
1057 2.825136e-08
1058 1.747769e-08
1059 0.000000e+00
1060 0.000000e+00
1061 0.000000e+00
1062 0.000000e+00
1063 0.000000e+00
1064 0.000000e+00
1065 4.205757e-07
1066 3.669956e-07
1067 2.823874e-07
1068 2.117116e-07
1069 1.618196e-07
1070 1.001655e-07
1071 6.498767e-08
1072 3.938396e-08
1073 2.434957e-08
1074 0.000000e+00
1075 0.000000e+00
1076 0.000000e+00
1077 0.000000e+00
1078 0.000000e+00
1079 0.000000e+00
1080 5.171489e-07
1081 4.521946e-07
1082 3.484356e-07
1083 2.610903e-07
1084 1.997682e-07
1085 1.240022e-07
1086 8.040865e-08
1087 4.870196e-08
1088 3.010228e-08
1089 0.000000e+00
1090 0.000000e+00
1091 0.000000e+00
1092 0.000000e+00
1093 0.000000e+00
1094 0.000000e+00
1095 6.029813e-07
1096 5.279201e-07
1097 4.071501e-07
1098 3.049846e-07
1099 2.335077e-07
1100 1.451897e-07
1101 9.411590e-08
1102 5.698495e-08
1103 3.521541e-08
1104 0.000000e+00
1105 0.000000e+00
1106 0.000000e+00
1107 0.000000e+00
1108 0.000000e+00
1109 0.000000e+00
1110 6.873098e-07
1111 6.023285e-07
1112 4.648444e-07
1113 3.481141e-07
1114 2.666508e-07
1115 1.660059e-07
1116 1.075834e-07
1117 6.512374e-08
1118 4.023863e-08
1119 0.000000e+00
1120 0.000000e+00
1121 0.000000e+00
1122 0.000000e+00
1123 0.000000e+00
1124 0.000000e+00
1125 7.944196e-07
1126 6.968449e-07
1127 5.381172e-07
1128 4.028926e-07
1129 3.087493e-07
1130 1.924458e-07
1131 1.246883e-07
1132 7.546077e-08
1133 4.661946e-08
1134 0.000000e+00
1135 0.000000e+00
1136 0.000000e+00
1137 0.000000e+00
1138 0.000000e+00
1139 0.000000e+00
1140 1.537429e-07
1141 1.411064e-07
1142 1.128108e-07
1143 8.385281e-08
1144 6.485769e-08
1145 4.358413e-08
1146 2.736422e-08
1147 1.652451e-08
1148 1.018656e-08
1149 0.000000e+00
1150 0.000000e+00
1151 0.000000e+00
1152 0.000000e+00
1153 0.000000e+00
1154 0.000000e+00
1155 2.694585e-07
1156 2.489657e-07
1157 2.003616e-07
1158 1.490384e-07
1159 1.150439e-07
1160 7.845321e-08
1161 4.880305e-08
1162 2.961994e-08
1163 1.824011e-08
1164 0.000000e+00
1165 0.000000e+00
1166 0.000000e+00
1167 0.000000e+00
1168 0.000000e+00
1169 0.000000e+00
1170 3.708245e-07
1171 3.436470e-07
1172 2.773997e-07
1173 2.064376e-07
1174 1.591933e-07
1175 1.092659e-07
1176 6.770401e-08
1177 4.120152e-08
1178 2.535456e-08
1179 0.000000e+00
1180 0.000000e+00
1181 0.000000e+00
1182 0.000000e+00
1183 0.000000e+00
1184 0.000000e+00
1185 4.606439e-07
1186 4.275326e-07
1187 3.456427e-07
1188 2.572873e-07
1189 1.983004e-07
1190 1.365577e-07
1191 8.444704e-08
1192 5.146092e-08
1193 3.165759e-08
1194 0.000000e+00
1195 0.000000e+00
1196 0.000000e+00
1197 0.000000e+00
1198 0.000000e+00
1199 0.000000e+00
1200 5.488285e-07
1201 5.099070e-07
1202 4.126624e-07
1203 3.072169e-07
1204 2.367015e-07
1205 1.633547e-07
1206 1.008854e-07
1207 6.153358e-08
1208 3.784574e-08
1209 0.000000e+00
1210 0.000000e+00
1211 0.000000e+00
1212 0.000000e+00
1213 0.000000e+00
1214 0.000000e+00
1215 6.608418e-07
1216 6.145305e-07
1217 4.977670e-07
1218 3.706390e-07
1219 2.854728e-07
1220 1.974000e-07
1221 1.217684e-07
1222 7.432411e-08
1223 4.570454e-08
1224 0.000000e+00
1225 0.000000e+00
1226 0.000000e+00
1227 0.000000e+00
1228 0.000000e+00
1229 0.000000e+00
1230 1.503226e-07
1231 1.448089e-07
1232 1.217621e-07
1233 9.153076e-08
1234 6.947676e-08
1235 5.145130e-08
1236 3.063397e-08
1237 1.944171e-08
1238 1.180889e-08
1239 7.248304e-09
1240 0.000000e+00
1241 0.000000e+00
1242 0.000000e+00
1243 0.000000e+00
1244 0.000000e+00
1245 2.528457e-07
1246 2.446987e-07
1247 2.069179e-07
1248 1.559638e-07
1249 1.181061e-07
1250 8.806703e-08
1251 5.246350e-08
1252 3.349153e-08
1253 2.028581e-08
1254 1.240558e-08
1255 0.000000e+00
1256 0.000000e+00
1257 0.000000e+00
1258 0.000000e+00
1259 0.000000e+00
1260 3.450385e-07
1261 3.345932e-07
1262 2.836233e-07
1263 2.140479e-07
1264 1.619265e-07
1265 1.210810e-07
1266 7.217530e-08
1267 4.617986e-08
1268 2.793604e-08
1269 1.705910e-08
1270 0.000000e+00
1271 0.000000e+00
1272 0.000000e+00
1273 0.000000e+00
1274 0.000000e+00
1275 4.352861e-07
1276 4.225774e-07
1277 3.587007e-07
1278 2.708869e-07
1279 2.048112e-07
1280 1.533918e-07
1281 9.145828e-08
1282 5.859221e-08
1283 3.542053e-08
1284 2.161340e-08
1285 0.000000e+00
1286 0.000000e+00
1287 0.000000e+00
1288 0.000000e+00
1289 0.000000e+00
1290 5.498992e-07
1291 5.343402e-07
1292 4.540570e-07
1293 3.430882e-07
1294 2.592823e-07
1295 1.944217e-07
1296 1.159526e-07
1297 7.435841e-08
1298 4.492859e-08
1299 2.739728e-08
1300 0.000000e+00
1301 0.000000e+00
1302 0.000000e+00
1303 0.000000e+00
1304 0.000000e+00
1305 1.548618e-07
1306 1.549019e-07
1307 1.364951e-07
1308 1.053195e-07
1309 7.857148e-08
1310 6.071730e-08
1311 3.723372e-08
1312 2.431169e-08
1313 1.444802e-08
1314 8.686418e-09
1315 0.000000e+00
1316 0.000000e+00
1317 0.000000e+00
1318 0.000000e+00
1319 0.000000e+00
1320 2.485733e-07
1321 2.493984e-07
1322 2.206644e-07
1323 1.707997e-07
1324 1.273029e-07
1325 9.848454e-08
1326 6.084553e-08
1327 3.963624e-08
1328 2.352344e-08
1329 1.414896e-08
1330 0.000000e+00
1331 0.000000e+00
1332 0.000000e+00
1333 0.000000e+00
1334 0.000000e+00
1335 3.399609e-07
1336 3.415517e-07
1337 3.027521e-07
1338 2.346573e-07
1339 1.748325e-07
1340 1.353177e-07
1341 8.387989e-08
1342 5.458129e-08
1343 3.237438e-08
1344 1.947644e-08
1345 0.000000e+00
1346 0.000000e+00
1347 0.000000e+00
1348 0.000000e+00
1349 0.000000e+00
1350 4.558994e-07
1351 4.584581e-07
1352 4.068866e-07
1353 3.156715e-07
1354 2.351277e-07
1355 1.820410e-07
1356 1.130998e-07
1357 7.354083e-08
1358 4.360452e-08
1359 2.623577e-08
1360 0.000000e+00
1361 0.000000e+00
1362 0.000000e+00
1363 0.000000e+00
1364 0.000000e+00
1365 1.655243e-07
1366 1.706816e-07
1367 1.567818e-07
1368 1.251477e-07
1369 9.283723e-08
1370 7.195510e-08
1371 4.796993e-08
1372 3.008963e-08
1373 1.780622e-08
1374 1.077628e-08
1375 0.000000e+00
1376 0.000000e+00
1377 0.000000e+00
1378 0.000000e+00
1379 0.000000e+00
1380 2.577719e-07
1381 2.663055e-07
1382 2.452763e-07
1383 1.963009e-07
1384 1.456472e-07
1385 1.127961e-07
1386 7.568140e-08
1387 4.726234e-08
1388 2.801460e-08
1389 1.695376e-08
1390 0.000000e+00
1391 0.000000e+00
1392 0.000000e+00
1393 0.000000e+00
1394 0.000000e+00
1395 3.741937e-07
1396 3.869759e-07
1397 3.569386e-07
1398 2.860721e-07
1399 2.122748e-07
1400 1.643242e-07
1401 1.106330e-07
1402 6.892615e-08
1403 4.089158e-08
1404 2.474633e-08
1405 0.000000e+00
1406 0.000000e+00
1407 0.000000e+00
1408 0.000000e+00
1409 0.000000e+00
1410 9.334065e-08
1411 9.841794e-08
1412 9.332599e-08
1413 7.692754e-08
1414 5.733443e-08
1415 4.391638e-08
1416 3.147467e-08
1417 1.879194e-08
1418 1.144920e-08
1419 6.890834e-09
1420 0.000000e+00
1421 0.000000e+00
1422 0.000000e+00
1423 0.000000e+00
1424 0.000000e+00
1425 1.855848e-07
1426 1.962737e-07
1427 1.869461e-07
1428 1.548846e-07
1429 1.156309e-07
1430 8.836471e-08
1431 6.390549e-08
1432 3.797672e-08
1433 2.331434e-08
1434 1.399884e-08
1435 0.000000e+00
1436 0.000000e+00
1437 0.000000e+00
1438 0.000000e+00
1439 0.000000e+00
1440 3.019795e-07
1441 3.197701e-07
1442 3.051342e-07
1443 2.533233e-07
1444 1.892577e-07
1445 1.444928e-07
1446 1.048734e-07
1447 6.221446e-08
1448 3.831035e-08
1449 2.298140e-08
1450 0.000000e+00
1451 0.000000e+00
1452 0.000000e+00
1453 0.000000e+00
1454 0.000000e+00
1455 1.205985e-07
1456 1.301465e-07
1457 1.276682e-07
1458 1.095210e-07
1459 8.298560e-08
1460 6.245382e-08
1461 4.745252e-08
1462 2.791695e-08
1463 1.796818e-08
1464 1.061884e-08
1465 6.237332e-09
1466 0.000000e+00
1467 0.000000e+00
1468 0.000000e+00
1469 0.000000e+00
1470 2.368728e-07
1471 2.560751e-07
1472 2.518543e-07
1473 2.167693e-07
1474 1.645652e-07
1475 1.236914e-07
1476 9.425642e-08
1477 5.559291e-08
1478 3.588340e-08
1479 2.117438e-08
1480 1.241157e-08
1481 0.000000e+00
1482 0.000000e+00
1483 0.000000e+00
1484 0.000000e+00
1485 1.764646e-07
1486 1.944087e-07
1487 1.965566e-07
1488 1.754178e-07
1489 1.364350e-07
1490 1.014230e-07
1491 7.883428e-08
1492 4.885018e-08
1493 3.170901e-08
1494 1.842649e-08
1495 1.074888e-08
1496 0.000000e+00
1497 0.000000e+00
1498 0.000000e+00
1499 0.000000e+00
1500 7.061762e-05
1501 5.317301e-05
1502 4.062652e-05
1503 2.870037e-05
1504 1.785809e-05
1505 1.132763e-05
1506 7.086403e-06
1507 0.000000e+00
1508 0.000000e+00
1509 0.000000e+00
1510 0.000000e+00
1511 0.000000e+00
1512 0.000000e+00
1513 0.000000e+00
1514 0.000000e+00
1515 5.596488e-05
1516 4.542339e-05
1517 3.387230e-05
1518 2.608600e-05
1519 1.817650e-05
1520 1.124151e-05
1521 6.956829e-06
1522 4.337908e-06
1523 0.000000e+00
1524 0.000000e+00
1525 0.000000e+00
1526 0.000000e+00
1527 0.000000e+00
1528 0.000000e+00
1529 0.000000e+00
1530 4.414988e-05
1531 3.878176e-05
1532 2.989450e-05
1533 2.233437e-05
1534 1.724633e-05
1535 1.061989e-05
1536 6.971388e-06
1537 4.206423e-06
1538 2.586971e-06
1539 0.000000e+00
1540 0.000000e+00
1541 0.000000e+00
1542 0.000000e+00
1543 0.000000e+00
1544 0.000000e+00
1545 3.566955e-05
1546 3.323266e-05
1547 2.692174e-05
1548 2.000387e-05
1549 1.543437e-05
1550 1.070191e-05
1551 6.585662e-06
1552 3.992223e-06
1553 2.463320e-06
1554 0.000000e+00
1555 0.000000e+00
1556 0.000000e+00
1557 0.000000e+00
1558 0.000000e+00
1559 0.000000e+00
1560 2.942158e-05
1561 2.864025e-05
1562 2.436484e-05
1563 1.839011e-05
1564 1.388556e-05
1565 1.047397e-05
1566 6.185800e-06
1567 3.987238e-06
1568 2.409240e-06
1569 1.466548e-06
1570 0.000000e+00
1571 0.000000e+00
1572 0.000000e+00
1573 0.000000e+00
1574 0.000000e+00
1575 2.455855e-05
1576 2.473801e-05
1577 2.199144e-05
1578 1.706001e-05
1579 1.268946e-05
1580 9.860005e-06
1581 6.103159e-06
1582 3.998126e-06
1583 2.365850e-06
1584 1.419199e-06
1585 0.000000e+00
1586 0.000000e+00
1587 0.000000e+00
1588 0.000000e+00
1589 0.000000e+00
1590 2.067440e-05
1591 2.141411e-05
1592 1.978825e-05
1593 1.587193e-05
1594 1.176479e-05
1595 9.116261e-06
1596 6.154614e-06
1597 3.831573e-06
1598 2.263017e-06
1599 1.373496e-06
1600 0.000000e+00
1601 0.000000e+00
1602 0.000000e+00
1603 0.000000e+00
1604 0.000000e+00
1605 1.747534e-05
1606 1.853174e-05
1607 1.771721e-05
1608 1.473027e-05
1609 1.100009e-05
1610 8.393547e-06
1611 6.122355e-06
1612 3.610480e-06
1613 2.224005e-06
1614 1.334015e-06
1615 0.000000e+00
1616 0.000000e+00
1617 0.000000e+00
1618 0.000000e+00
1619 0.000000e+00
1620 1.472511e-05
1621 1.594108e-05
1622 1.570864e-05
1623 1.354709e-05
1624 1.028817e-05
1625 7.724129e-06
1626 5.910094e-06
1627 3.472021e-06
1628 2.253532e-06
1629 1.329027e-06
1630 7.756560e-07
1631 0.000000e+00
1632 0.000000e+00
1633 0.000000e+00
1634 0.000000e+00
1635 1.221658e-05
1636 1.347825e-05
1637 1.365457e-05
1638 1.221642e-05
1639 9.513958e-06
1640 7.065140e-06
1641 5.502244e-06
1642 3.415900e-06
1643 2.223473e-06
1644 1.289952e-06
1645 7.520599e-07
1646 0.000000e+00
1647 0.000000e+00
1648 0.000000e+00
1649 0.000000e+00
1650 1.340299e-06
1651 1.017721e-06
1652 7.706659e-07
1653 5.464904e-07
1654 3.435954e-07
1655 2.184673e-07
1656 1.363525e-07
1657 0.000000e+00
1658 0.000000e+00
1659 0.000000e+00
1660 0.000000e+00
1661 0.000000e+00
1662 0.000000e+00
1663 0.000000e+00
1664 0.000000e+00
1665 1.223401e-06
1666 9.958934e-07
1667 7.460998e-07
1668 5.718715e-07
1669 3.991494e-07
1670 2.473911e-07
1671 1.545564e-07
1672 9.598043e-08
1673 0.000000e+00
1674 0.000000e+00
1675 0.000000e+00
1676 0.000000e+00
1677 0.000000e+00
1678 0.000000e+00
1679 0.000000e+00
1680 1.089763e-06
1681 9.576258e-07
1682 7.403761e-07
1683 5.541279e-07
1684 4.249809e-07
1685 2.654373e-07
1686 1.719186e-07
1687 1.040015e-07
1688 6.423607e-08
1689 0.000000e+00
1690 0.000000e+00
1691 0.000000e+00
1692 0.000000e+00
1693 0.000000e+00
1694 0.000000e+00
1695 9.694671e-07
1696 9.029746e-07
1697 7.325096e-07
1698 5.455851e-07
1699 4.200474e-07
1700 2.913572e-07
1701 1.793997e-07
1702 1.096669e-07
1703 6.739885e-08
1704 0.000000e+00
1705 0.000000e+00
1706 0.000000e+00
1707 0.000000e+00
1708 0.000000e+00
1709 0.000000e+00
1710 8.660154e-07
1711 8.427064e-07
1712 7.172373e-07
1713 5.423855e-07
1714 4.096559e-07
1715 3.077167e-07
1716 1.835788e-07
1717 1.178875e-07
1718 7.117796e-08
1719 4.336701e-08
1720 0.000000e+00
1721 0.000000e+00
1722 0.000000e+00
1723 0.000000e+00
1724 0.000000e+00
1725 7.757450e-07
1726 7.811220e-07
1727 6.943745e-07
1728 5.393434e-07
1729 4.016154e-07
1730 3.110621e-07
1731 1.937830e-07
1732 1.258901e-07
1733 7.461016e-08
1734 4.489868e-08
1735 0.000000e+00
1736 0.000000e+00
1737 0.000000e+00
1738 0.000000e+00
1739 0.000000e+00
1740 6.954357e-07
1741 7.200854e-07
1742 6.652463e-07
1743 5.339666e-07
1744 3.962733e-07
1745 3.066278e-07
1746 2.071593e-07
1747 1.287568e-07
1748 7.645574e-08
1749 4.626770e-08
1750 0.000000e+00
1751 0.000000e+00
1752 0.000000e+00
1753 0.000000e+00
1754 0.000000e+00
1755 6.230296e-07
1756 6.605250e-07
1757 6.312723e-07
1758 5.249832e-07
1759 3.924470e-07
1760 2.994019e-07
1761 2.179226e-07
1762 1.291042e-07
1763 7.969224e-08
1764 4.776950e-08
1765 0.000000e+00
1766 0.000000e+00
1767 0.000000e+00
1768 0.000000e+00
1769 0.000000e+00
1770 5.564328e-07
1771 6.022634e-07
1772 5.932655e-07
1773 5.116127e-07
1774 3.888335e-07
1775 2.920592e-07
1776 2.229147e-07
1777 1.316682e-07
1778 8.512329e-08
1779 5.018780e-08
1780 2.938323e-08
1781 0.000000e+00
1782 0.000000e+00
1783 0.000000e+00
1784 0.000000e+00
1785 4.935656e-07
1786 5.444572e-07
1787 5.514137e-07
1788 4.932169e-07
1789 3.842888e-07
1790 2.855628e-07
1791 2.220253e-07
1792 1.382125e-07
1793 8.954863e-08
1794 5.200068e-08
1795 3.036430e-08
1796 0.000000e+00
1797 0.000000e+00
1798 0.000000e+00
1799 0.000000e+00
1800 4.699021e-09
1801 3.266419e-09
1802 2.177307e-09
1803 1.413081e-09
1804 9.241476e-10
1805 6.149266e-10
1806 4.188509e-10
1807 2.895436e-10
1808 1.996720e-10
1809 1.346821e-10
1810 8.738184e-11
1811 5.390378e-11
1812 3.145209e-11
1813 1.737896e-11
1814 9.154846e-12
1815 1.162625e-08
1816 8.404798e-09
1817 5.857426e-09
1818 3.882354e-09
1819 2.494998e-09
1820 1.618490e-09
1821 1.066673e-09
1822 7.217840e-10
1823 4.975157e-10
1824 3.432092e-10
1825 2.321639e-10
1826 1.512554e-10
1827 9.371964e-11
1828 5.488486e-11
1829 3.039663e-11
1830 1.819129e-08
1831 1.347874e-08
1832 9.618136e-09
1833 6.590528e-09
1834 4.274584e-09
1835 2.741535e-09
1836 1.774934e-09
1837 1.174844e-09
1838 7.972577e-10
1839 5.488951e-10
1840 3.759500e-10
1841 2.510921e-10
1842 1.608836e-10
1843 9.783570e-11
1844 5.623614e-11
1845 2.489616e-08
1846 1.891181e-08
1847 1.370938e-08
1848 9.601302e-09
1849 6.379230e-09
1850 4.065610e-09
1851 2.614522e-09
1852 1.699114e-09
1853 1.134117e-09
1854 7.736058e-10
1855 5.307020e-10
1856 3.588596e-10
1857 2.348195e-10
1858 1.466887e-10
1859 8.681192e-11
1860 3.188919e-08
1861 2.483820e-08
1862 1.829173e-08
1863 1.299010e-08
1864 8.835646e-09
1865 5.669223e-09
1866 3.619567e-09
1867 2.323371e-09
1868 1.527598e-09
1869 1.029530e-09
1870 7.035216e-10
1871 4.782805e-10
1872 3.172774e-10
1873 2.021957e-10
1874 1.225328e-10
1875 3.940872e-08
1876 3.148453e-08
1877 2.359831e-08
1878 1.695487e-08
1879 1.174627e-08
1880 7.670346e-09
1881 4.857068e-09
1882 3.101826e-09
1883 2.009796e-09
1884 1.335638e-09
1885 9.054833e-10
1886 6.158817e-10
1887 4.121213e-10
1888 2.667075e-10
1889 1.649015e-10
1890 4.773953e-08
1891 3.913107e-08
1892 2.993585e-08
1893 2.177174e-08
1894 1.529579e-08
1895 1.020581e-08
1896 6.456894e-09
1897 4.109360e-09
1898 2.624378e-09
1899 1.719473e-09
1900 1.152917e-09
1901 7.813134e-10
1902 5.251718e-10
1903 3.438636e-10
1904 2.162921e-10
1905 5.735172e-08
1906 4.826684e-08
1907 3.780490e-08
1908 2.791231e-08
1909 1.984370e-08
1910 1.352124e-08
1911 8.651027e-09
1912 5.464333e-09
1913 3.456085e-09
1914 2.231199e-09
1915 1.475081e-09
1916 9.916807e-10
1917 6.667204e-10
1918 4.401229e-10
1919 2.809323e-10
1920 6.961209e-08
1921 6.031961e-08
1922 4.862339e-08
1923 3.667255e-08
1924 2.641626e-08
1925 1.835011e-08
1926 1.201815e-08
1927 7.538956e-09
1928 4.752243e-09
1929 3.014058e-09
1930 1.955664e-09
1931 1.296421e-09
1932 8.668401e-10
1933 5.744502e-10
1934 3.711764e-10
1935 9.149218e-08
1936 8.280781e-08
1937 6.994717e-08
1938 5.503045e-08
1939 4.078128e-08
1940 2.900651e-08
1941 1.975061e-08
1942 1.264265e-08
1943 7.898104e-09
1944 4.918777e-09
1945 3.097506e-09
1946 1.990368e-09
1947 1.301284e-09
1948 8.548835e-10
1949 5.555866e-10
1950 2.107089e-07
1951 2.158247e-07
1952 2.101588e-07
1953 1.926644e-07
1954 1.648907e-07
1955 1.311748e-07
1956 9.773303e-08
1957 6.956183e-08
1958 4.749487e-08
1959 3.016311e-08
1960 1.823173e-08
1961 1.083848e-08
1962 6.362290e-09
1963 3.732305e-09
1964 2.209040e-09
