0 3.675355e-09
1 2.576721e-09
2 1.742074e-09
3 1.154433e-09
4 7.637020e-10
5 5.069745e-10
6 3.424210e-10
7 2.332769e-10
8 1.586427e-10
9 1.060180e-10
10 6.864419e-11
11 4.264436e-11
12 2.529994e-11
13 1.432925e-11
14 7.773057e-12
15 5.260412e-09
16 3.726309e-09
17 2.540731e-09
18 1.678274e-09
19 1.097975e-09
20 7.246818e-10
21 4.855489e-10
22 3.310465e-10
23 2.266450e-10
24 1.533453e-10
25 1.008404e-10
26 6.364685e-11
27 3.826917e-11
28 2.188220e-11
29 1.193138e-11
30 6.196527e-09
31 4.439283e-09
32 3.058536e-09
33 2.041765e-09
34 1.337534e-09
35 8.764324e-10
36 5.831338e-10
37 3.944262e-10
38 2.690564e-10
39 1.824273e-10
40 1.209379e-10
41 7.733020e-11
42 4.726607e-11
43 2.751275e-11
44 1.525985e-11
45 7.151273e-09
46 5.188823e-09
47 3.610739e-09
48 2.432905e-09
49 1.605229e-09
50 1.047346e-09
51 6.921554e-10
52 4.642072e-10
53 3.150042e-10
54 2.134584e-10
55 1.422088e-10
56 9.183554e-11
57 5.691571e-11
58 3.367691e-11
59 1.900683e-11
60 7.969863e-09
61 5.858200e-09
62 4.120106e-09
63 2.799984e-09
64 1.863614e-09
65 1.219504e-09
66 8.004536e-10
67 5.334263e-10
68 3.594347e-10
69 2.426753e-10
70 1.618466e-10
71 1.051478e-10
72 6.584906e-11
73 3.951097e-11
74 2.266483e-11
75 8.715325e-09
76 6.496432e-09
77 4.626608e-09
78 3.174574e-09
79 2.131664e-09
80 1.405683e-09
81 9.187999e-10
82 6.086843e-10
83 4.066042e-10
84 2.728847e-10
85 1.816857e-10
86 1.184272e-10
87 7.477549e-11
88 4.542903e-11
89 2.647333e-11
90 9.459451e-09
91 7.155693e-09
92 5.167419e-09
93 3.584601e-09
94 2.428034e-09
95 1.616102e-09
96 1.057279e-09
97 6.954154e-10
98 4.608347e-10
99 3.070485e-10
100 2.036339e-10
101 1.328621e-10
102 8.439807e-11
103 5.182520e-11
104 3.064447e-11
105 1.013324e-08
106 7.768949e-09
107 5.686571e-09
108 3.988245e-09
109 2.723512e-09
110 1.827809e-09
111 1.201527e-09
112 7.849848e-10
113 5.172607e-10
114 3.420246e-10
115 2.256578e-10
116 1.470960e-10
117 9.377765e-11
118 5.804483e-11
119 3.472430e-11
120 1.084942e-08
121 8.440234e-09
122 6.274093e-09
123 4.461104e-09
124 3.076919e-09
125 2.083451e-09
126 1.381067e-09
127 8.990466e-10
128 5.887471e-10
129 3.856850e-10
130 2.526974e-10
131 1.641553e-10
132 1.047964e-10
133 6.526617e-11
134 3.946030e-11
135 1.123977e-08
136 8.895676e-09
137 6.742196e-09
138 4.886073e-09
139 3.419612e-09
140 2.342666e-09
141 1.572239e-09
142 1.027159e-09
143 6.664720e-10
144 4.324284e-10
145 2.801353e-10
146 1.804659e-10
147 1.148657e-10
148 7.176283e-11
149 4.378496e-11
150 7.875908e-09
151 5.635694e-09
152 3.880947e-09
153 2.557458e-09
154 1.655459e-09
155 1.082061e-09
156 7.197781e-10
157 4.898438e-10
158 3.373724e-10
159 2.309929e-10
160 1.542956e-10
161 9.899649e-11
162 6.038527e-11
163 3.487675e-11
164 1.911030e-11
165 9.383217e-09
166 6.773451e-09
167 4.711863e-09
168 3.136401e-09
169 2.028791e-09
170 1.319525e-09
171 8.711573e-10
172 5.887094e-10
173 4.040202e-10
174 2.771526e-10
175 1.864845e-10
176 1.209941e-10
177 7.482659e-11
178 4.385403e-11
179 2.436341e-11
180 1.074923e-08
181 7.819519e-09
182 5.476929e-09
183 3.671383e-09
184 2.380149e-09
185 1.543412e-09
186 1.013708e-09
187 6.812322e-10
188 4.660434e-10
189 3.198611e-10
190 2.160895e-10
191 1.412254e-10
192 8.816046e-11
193 5.220871e-11
194 2.930610e-11
195 1.177839e-08
196 8.622729e-09
197 6.073790e-09
198 4.092344e-09
199 2.662169e-09
200 1.726611e-09
201 1.129686e-09
202 7.562806e-10
203 5.155807e-10
204 3.534430e-10
205 2.391525e-10
206 1.569318e-10
207 9.856745e-11
208 5.881071e-11
209 3.328491e-11
210 1.260816e-08
211 9.288309e-09
212 6.580982e-09
213 4.456772e-09
214 2.910038e-09
215 1.892553e-09
216 1.235127e-09
217 8.240822e-10
218 5.594980e-10
219 3.826927e-10
220 2.589350e-10
221 1.703104e-10
222 1.074555e-10
223 6.452648e-11
224 3.680545e-11
225 1.337496e-08
226 9.918420e-09
227 7.072249e-09
228 4.816259e-09
229 3.158222e-09
230 2.061774e-09
231 1.345240e-09
232 8.939696e-10
233 6.045873e-10
234 4.121104e-10
235 2.785026e-10
236 1.833870e-10
237 1.161254e-10
238 7.012934e-11
239 4.030424e-11
240 1.403012e-08
241 1.046821e-08
242 7.511685e-09
243 5.144329e-09
244 3.387960e-09
245 2.220312e-09
246 1.451399e-09
247 9.608056e-10
248 6.475911e-10
249 4.397359e-10
250 2.965285e-10
251 1.953000e-10
252 1.239543e-10
253 7.519307e-11
254 4.349630e-11
255 1.468869e-08
256 1.103593e-08
257 7.978972e-09
258 5.504530e-09
259 3.645588e-09
260 2.400886e-09
261 1.575467e-09
262 1.040171e-09
263 6.980698e-10
264 4.716281e-10
265 3.169328e-10
266 2.084844e-10
267 1.325078e-10
268 8.070739e-11
269 4.699604e-11
270 1.479752e-08
271 1.120908e-08
272 8.184863e-09
273 5.706701e-09
274 3.815748e-09
275 2.532119e-09
276 1.673586e-09
277 1.106317e-09
278 7.377333e-10
279 4.951202e-10
280 3.303659e-10
281 2.163192e-10
282 1.373122e-10
283 8.384726e-11
284 4.913153e-11
285 1.165721e-08
286 8.518383e-09
287 5.993855e-09
288 4.051086e-09
289 2.626736e-09
290 1.697445e-09
291 1.110311e-09
292 7.428010e-10
293 5.067053e-10
294 3.478320e-10
295 2.357749e-10
296 1.550132e-10
297 9.751906e-11
298 5.823570e-11
299 3.294026e-11
300 1.377438e-08
301 1.016623e-08
302 7.212518e-09
303 4.922053e-09
304 3.209729e-09
305 2.065725e-09
306 1.344153e-09
307 8.923415e-10
308 6.054452e-10
309 4.151601e-10
310 2.825011e-10
311 1.872369e-10
312 1.191141e-10
313 7.204695e-11
314 4.128286e-11
315 1.532141e-08
316 1.138223e-08
317 8.116511e-09
318 5.570524e-09
319 3.648400e-09
320 2.344728e-09
321 1.521058e-09
322 1.005224e-09
323 6.794741e-10
324 4.652593e-10
325 3.171216e-10
326 2.110915e-10
327 1.351566e-10
328 8.235464e-11
329 4.756007e-11
330 1.651328e-08
331 1.232884e-08
332 8.827393e-09
333 6.084933e-09
334 3.998191e-09
335 2.569870e-09
336 1.663852e-09
337 1.096111e-09
338 7.386102e-10
339 5.050708e-10
340 3.444413e-10
341 2.298743e-10
342 1.477808e-10
343 9.053254e-11
344 5.258822e-11
345 1.756067e-08
346 1.316816e-08
347 9.463248e-09
348 6.547447e-09
349 4.314547e-09
350 2.775371e-09
351 1.795527e-09
352 1.179380e-09
353 7.928117e-10
354 5.411710e-10
355 3.690801e-10
356 2.467429e-10
357 1.591130e-10
358 9.787482e-11
359 5.711160e-11
360 1.841589e-08
361 1.385819e-08
362 9.991464e-09
363 6.934504e-09
364 4.581141e-09
365 2.949275e-09
366 1.908489e-09
367 1.250891e-09
368 8.389821e-10
369 5.718067e-10
370 3.897530e-10
371 2.607944e-10
372 1.685413e-10
373 1.039862e-10
374 6.090633e-11
375 1.923114e-08
376 1.452447e-08
377 1.050726e-08
378 7.318567e-09
379 4.847687e-09
380 3.126025e-09
381 2.024836e-09
382 1.324882e-09
383 8.867828e-10
384 6.030328e-10
385 4.106271e-10
386 2.748378e-10
387 1.778400e-10
388 1.100003e-10
389 6.465170e-11
390 1.921364e-08
391 1.456126e-08
392 1.057380e-08
393 7.395334e-09
394 4.918535e-09
395 3.180859e-09
396 2.065916e-09
397 1.351865e-09
398 9.022540e-10
399 6.118176e-10
400 4.154682e-10
401 2.776034e-10
402 1.796327e-10
403 1.112666e-10
404 6.557601e-11
405 1.682970e-08
406 1.259740e-08
407 9.030176e-09
408 6.237809e-09
409 4.112679e-09
410 2.636417e-09
411 1.706802e-09
412 1.121243e-09
413 7.541740e-10
414 5.153901e-10
415 3.516988e-10
416 2.351505e-10
417 1.515803e-10
418 9.315907e-11
419 5.428672e-11
420 1.916696e-08
421 1.448494e-08
422 1.045267e-08
423 7.272925e-09
424 4.832937e-09
425 3.097344e-09
426 1.998165e-09
427 1.304668e-09
428 8.727629e-10
429 5.943905e-10
430 4.058535e-10
431 2.725631e-10
432 1.770187e-10
433 1.098351e-10
434 6.467561e-11
435 2.096751e-08
436 1.594732e-08
437 1.156073e-08
438 8.080923e-09
439 5.397657e-09
440 3.460091e-09
441 2.226916e-09
442 1.448507e-09
443 9.652762e-10
444 6.559225e-10
445 4.479486e-10
446 3.016401e-10
447 1.968325e-10
448 1.228733e-10
449 7.283720e-11
450 2.251174e-08
451 1.720666e-08
452 1.251386e-08
453 8.776652e-09
454 5.885082e-09
455 3.773556e-09
456 2.424726e-09
457 1.572751e-09
458 1.045295e-09
459 7.089670e-10
460 4.841943e-10
461 3.266692e-10
462 2.138812e-10
463 1.340932e-10
464 7.986353e-11
465 2.374325e-08
466 1.820810e-08
467 1.327325e-08
468 9.331212e-09
469 6.273939e-09
470 4.023212e-09
471 2.582502e-09
472 1.672155e-09
473 1.109099e-09
474 7.514299e-10
475 5.131281e-10
476 3.466781e-10
477 2.275074e-10
478 1.430590e-10
479 8.547849e-11
480 2.489404e-08
481 1.914610e-08
482 1.398134e-08
483 9.850173e-09
484 6.635991e-09
485 4.257589e-09
486 2.730511e-09
487 1.765003e-09
488 1.169055e-09
489 7.909521e-10
490 5.402739e-10
491 3.653377e-10
492 2.402070e-10
493 1.514220e-10
494 9.071785e-11
495 2.487411e-08
496 1.916877e-08
497 1.402064e-08
498 9.891082e-09
499 6.677258e-09
500 4.286383e-09
501 2.748759e-09
502 1.775224e-09
503 1.174033e-09
504 7.935428e-10
505 5.416129e-10
506 3.663262e-10
507 2.410876e-10
508 1.522027e-10
509 9.135752e-11
510 2.235177e-08
511 1.712722e-08
512 1.247727e-08
513 8.757388e-09
514 5.887122e-09
515 3.785943e-09
516 2.429805e-09
517 1.575533e-09
518 1.045283e-09
519 7.077633e-10
520 4.827186e-10
521 3.255221e-10
522 2.132370e-10
523 1.338848e-10
524 7.992657e-11
525 2.493047e-08
526 1.929548e-08
527 1.415591e-08
528 9.993996e-09
529 6.769486e-09
530 4.370759e-09
531 2.795537e-09
532 1.805465e-09
533 1.190648e-09
534 8.024476e-10
535 5.465272e-10
536 3.693472e-10
537 2.432525e-10
538 1.539233e-10
539 9.273933e-11
540 2.714267e-08
541 2.115823e-08
542 1.559887e-08
543 1.105762e-08
544 7.531013e-09
545 4.874241e-09
546 3.110596e-09
547 2.003489e-09
548 1.316084e-09
549 8.840272e-10
550 6.013945e-10
551 4.070276e-10
552 2.690541e-10
553 1.711512e-10
554 1.037588e-10
555 2.891019e-08
556 2.264418e-08
557 1.674752e-08
558 1.190630e-08
559 8.136767e-09
560 5.276038e-09
561 3.361742e-09
562 2.161552e-09
563 1.415738e-09
564 9.490029e-10
565 6.451802e-10
566 4.370940e-10
567 2.896432e-10
568 1.848977e-10
569 1.125510e-10
570 3.054738e-08
571 2.402485e-08
572 1.781822e-08
573 1.269474e-08
574 8.700444e-09
575 5.650292e-09
576 3.595721e-09
577 2.308582e-09
578 1.508640e-09
579 1.009480e-09
580 6.858195e-10
581 4.650418e-10
582 3.087784e-10
583 1.976713e-10
584 1.207215e-10
585 3.072328e-08
586 2.423594e-08
587 1.801406e-08
588 1.285432e-08
589 8.831762e-09
590 5.745551e-09
591 3.654075e-09
592 2.343656e-09
593 1.528764e-09
594 1.021222e-09
595 6.931077e-10
596 4.699911e-10
597 3.124311e-10
598 2.004072e-10
599 1.227054e-10
600 2.837817e-08
601 2.228253e-08
602 1.652403e-08
603 1.175570e-08
604 8.045572e-09
605 5.239976e-09
606 3.338652e-09
607 2.147576e-09
608 1.404057e-09
609 9.391872e-10
610 6.372132e-10
611 4.311001e-10
612 2.855585e-10
613 1.824170e-10
614 1.112426e-10
615 3.144395e-08
616 2.495614e-08
617 1.865505e-08
618 1.335118e-08
619 9.200828e-09
620 6.032029e-09
621 3.837061e-09
622 2.460790e-09
623 1.599068e-09
624 1.063572e-09
625 7.193425e-10
626 4.868009e-10
627 3.236431e-10
628 2.080827e-10
629 1.279569e-10
630 3.389824e-08
631 2.709531e-08
632 2.036552e-08
633 1.463014e-08
634 1.012831e-08
635 6.668778e-09
636 4.238156e-09
637 2.712979e-09
638 1.755840e-09
639 1.163700e-09
640 7.853186e-10
641 5.315277e-10
642 3.542118e-10
643 2.286819e-10
644 1.413756e-10
645 3.617692e-08
646 2.908964e-08
647 2.195869e-08
648 1.582499e-08
649 1.099325e-08
650 7.263971e-09
651 4.613704e-09
652 2.949182e-09
653 1.902611e-09
654 1.257272e-09
655 8.470055e-10
656 5.732581e-10
657 3.827145e-10
658 2.478787e-10
659 1.538803e-10
660 3.672605e-08
661 2.967475e-08
662 2.248363e-08
663 1.624279e-08
664 1.132077e-08
665 7.506754e-09
666 4.767611e-09
667 3.044418e-09
668 1.958895e-09
669 1.290846e-09
670 8.678314e-10
671 5.870494e-10
672 3.923348e-10
673 2.547306e-10
674 1.586802e-10
675 3.548059e-08
676 2.857954e-08
677 2.162077e-08
678 1.560035e-08
679 1.084405e-08
680 7.187074e-09
681 4.575204e-09
682 2.922637e-09
683 1.884195e-09
684 1.243148e-09
685 8.358402e-10
686 5.647887e-10
687 3.767147e-10
688 2.439951e-10
689 1.516200e-10
690 3.879407e-08
691 3.157379e-08
692 2.409028e-08
693 1.748402e-08
694 1.222300e-08
695 8.159434e-09
696 5.203544e-09
697 3.314260e-09
698 2.126224e-09
699 1.395103e-09
700 9.339588e-10
701 6.301542e-10
702 4.210562e-10
703 2.739748e-10
704 1.714022e-10
705 4.189486e-08
706 3.437185e-08
707 2.640650e-08
708 1.925476e-08
709 1.351820e-08
710 9.074572e-09
711 5.795550e-09
712 3.683528e-09
713 2.354743e-09
714 1.538353e-09
715 1.026144e-09
716 6.915150e-10
717 4.626299e-10
718 3.020620e-10
719 1.899369e-10
720 4.300910e-08
721 3.554736e-08
722 2.747403e-08
723 2.011047e-08
724 1.417678e-08
725 9.567648e-09
726 6.122696e-09
727 3.885069e-09
728 2.475993e-09
729 1.610911e-09
730 1.070827e-09
731 7.203089e-10
732 4.821335e-10
733 3.156346e-10
734 1.993253e-10
735 4.300789e-08
736 3.547722e-08
737 2.739254e-08
738 2.004716e-08
739 1.411262e-08
740 9.512478e-09
741 6.098834e-09
742 3.868478e-09
743 2.470000e-09
744 1.607960e-09
745 1.069135e-09
746 7.188680e-10
747 4.807090e-10
748 3.142801e-10
749 1.981870e-10
750 4.702645e-08
751 3.921266e-08
752 3.057508e-08
753 2.253287e-08
754 1.594822e-08
755 1.083023e-08
756 6.977868e-09
757 4.413333e-09
758 2.808613e-09
759 1.817015e-09
760 1.201168e-09
761 8.051055e-10
762 5.384703e-10
763 3.532217e-10
764 2.240663e-10
765 4.885815e-08
766 4.114347e-08
767 3.236310e-08
768 2.399377e-08
769 1.706647e-08
770 1.166893e-08
771 7.555687e-09
772 4.767980e-09
773 3.025749e-09
774 1.946672e-09
775 1.279821e-09
776 8.548792e-10
777 5.714889e-10
778 3.758228e-10
779 2.395956e-10
780 5.221302e-08
781 4.417714e-08
782 3.493128e-08
783 2.602249e-08
784 1.855954e-08
785 1.272350e-08
786 8.279559e-09
787 5.225694e-09
788 3.314416e-09
789 2.124996e-09
790 1.392523e-09
791 9.275130e-10
792 6.191450e-10
793 4.072161e-10
794 2.600321e-10
795 5.517583e-08
796 4.732790e-08
797 3.792839e-08
798 2.855033e-08
799 2.051112e-08
800 1.418553e-08
801 9.322566e-09
802 5.882219e-09
803 3.718916e-09
804 2.365238e-09
805 1.536783e-09
806 1.016698e-09
807 6.766347e-10
808 4.456308e-10
809 2.860983e-10
810 5.988822e-08
811 5.242577e-08
812 4.292203e-08
813 3.292830e-08
814 2.397370e-08
815 1.678457e-08
816 1.122409e-08
817 7.136622e-09
818 4.485597e-09
819 2.826392e-09
820 1.810266e-09
821 1.181245e-09
822 7.791658e-10
823 5.120777e-10
824 3.302444e-10
825 6.055584e-07
826 4.586669e-07
827 3.465851e-07
828 2.399262e-07
829 1.514054e-07
830 9.582354e-08
831 6.010627e-08
832 0.000000e+00
833 0.000000e+00
834 0.000000e+00
835 0.000000e+00
836 0.000000e+00
837 0.000000e+00
838 0.000000e+00
839 0.000000e+00
840 7.470255e-07
841 5.664272e-07
842 4.281445e-07
843 2.982899e-07
844 1.882363e-07
845 1.192621e-07
846 7.470425e-08
847 0.000000e+00
848 0.000000e+00
849 0.000000e+00
850 0.000000e+00
851 0.000000e+00
852 0.000000e+00
853 0.000000e+00
854 0.000000e+00
855 8.449104e-07
856 6.410251e-07
857 4.845283e-07
858 3.386810e-07
859 2.137434e-07
860 1.354957e-07
861 8.480738e-08
862 0.000000e+00
863 0.000000e+00
864 0.000000e+00
865 0.000000e+00
866 0.000000e+00
867 0.000000e+00
868 0.000000e+00
869 0.000000e+00
870 9.173986e-07
871 6.962865e-07
872 5.263835e-07
873 3.687230e-07
874 2.327206e-07
875 1.475781e-07
876 9.232418e-08
877 0.000000e+00
878 0.000000e+00
879 0.000000e+00
880 0.000000e+00
881 0.000000e+00
882 0.000000e+00
883 0.000000e+00
884 0.000000e+00
885 9.796847e-07
886 7.437739e-07
887 5.623874e-07
888 3.945107e-07
889 2.490086e-07
890 1.579485e-07
891 9.877598e-08
892 0.000000e+00
893 0.000000e+00
894 0.000000e+00
895 0.000000e+00
896 0.000000e+00
897 0.000000e+00
898 0.000000e+00
899 0.000000e+00
900 1.029251e-06
901 7.815643e-07
902 5.909832e-07
903 4.150326e-07
904 2.619708e-07
905 1.662014e-07
906 1.039104e-07
907 0.000000e+00
908 0.000000e+00
909 0.000000e+00
910 0.000000e+00
911 0.000000e+00
912 0.000000e+00
913 0.000000e+00
914 0.000000e+00
915 1.075287e-06
916 8.166512e-07
917 6.174706e-07
918 4.340841e-07
919 2.740098e-07
920 1.738665e-07
921 1.086791e-07
922 0.000000e+00
923 0.000000e+00
924 0.000000e+00
925 0.000000e+00
926 0.000000e+00
927 0.000000e+00
928 0.000000e+00
929 0.000000e+00
930 1.064801e-06
931 8.088170e-07
932 6.115242e-07
933 4.301618e-07
934 2.715517e-07
935 1.723238e-07
936 1.077006e-07
937 0.000000e+00
938 0.000000e+00
939 0.000000e+00
940 0.000000e+00
941 0.000000e+00
942 0.000000e+00
943 0.000000e+00
944 0.000000e+00
945 2.910011e-07
946 2.353426e-07
947 1.759921e-07
948 1.352054e-07
949 9.328423e-08
950 5.809064e-08
951 3.609133e-08
952 2.246241e-08
953 0.000000e+00
954 0.000000e+00
955 0.000000e+00
956 0.000000e+00
957 0.000000e+00
958 0.000000e+00
959 0.000000e+00
960 4.563706e-07
961 3.716291e-07
962 2.783118e-07
963 2.134067e-07
964 1.490924e-07
965 9.237515e-08
966 5.768924e-08
967 3.582662e-08
968 0.000000e+00
969 0.000000e+00
970 0.000000e+00
971 0.000000e+00
972 0.000000e+00
973 0.000000e+00
974 0.000000e+00
975 5.772517e-07
976 4.715229e-07
977 3.533883e-07
978 2.707248e-07
979 1.901226e-07
980 1.175918e-07
981 7.360109e-08
982 4.566147e-08
983 0.000000e+00
984 0.000000e+00
985 0.000000e+00
986 0.000000e+00
987 0.000000e+00
988 0.000000e+00
989 0.000000e+00
990 6.712169e-07
991 5.491894e-07
992 4.117706e-07
993 3.152954e-07
994 2.220660e-07
995 1.372163e-07
996 8.598970e-08
997 5.331715e-08
998 0.000000e+00
999 0.000000e+00
1000 0.000000e+00
1001 0.000000e+00
1002 0.000000e+00
1003 0.000000e+00
1004 0.000000e+00
1005 7.517368e-07
1006 6.157610e-07
1007 4.618122e-07
1008 3.534986e-07
1009 2.494455e-07
1010 1.540369e-07
1011 9.660819e-08
1012 5.988024e-08
1013 0.000000e+00
1014 0.000000e+00
1015 0.000000e+00
1016 0.000000e+00
1017 0.000000e+00
1018 0.000000e+00
1019 0.000000e+00
1020 8.158518e-07
1021 6.687697e-07
1022 5.016588e-07
1023 3.839187e-07
1024 2.712365e-07
1025 1.674308e-07
1026 1.050634e-07
1027 6.510537e-08
1028 0.000000e+00
1029 0.000000e+00
1030 0.000000e+00
1031 0.000000e+00
1032 0.000000e+00
1033 0.000000e+00
1034 0.000000e+00
1035 8.754400e-07
1036 7.180360e-07
1037 5.386921e-07
1038 4.121910e-07
1039 2.914983e-07
1040 1.798790e-07
1041 1.129218e-07
1042 6.996158e-08
1043 0.000000e+00
1044 0.000000e+00
1045 0.000000e+00
1046 0.000000e+00
1047 0.000000e+00
1048 0.000000e+00
1049 0.000000e+00
1050 8.856129e-07
1051 7.267719e-07
1052 5.453224e-07
1053 4.171974e-07
1054 2.953155e-07
1055 1.821751e-07
1056 1.144072e-07
1057 7.086935e-08
1058 0.000000e+00
1059 0.000000e+00
1060 0.000000e+00
1061 0.000000e+00
1062 0.000000e+00
1063 0.000000e+00
1064 0.000000e+00
1065 2.438310e-07
1066 2.143517e-07
1067 1.657096e-07
1068 1.239655e-07
1069 9.518342e-08
1070 5.940235e-08
1071 3.852781e-08
1072 2.328801e-08
1073 1.437996e-08
1074 0.000000e+00
1075 0.000000e+00
1076 0.000000e+00
1077 0.000000e+00
1078 0.000000e+00
1079 0.000000e+00
1080 3.687555e-07
1081 3.259388e-07
1082 2.530016e-07
1083 1.890589e-07
1084 1.454068e-07
1085 9.154570e-08
1086 5.919293e-08
1087 3.575011e-08
1088 2.206637e-08
1089 0.000000e+00
1090 0.000000e+00
1091 0.000000e+00
1092 0.000000e+00
1093 0.000000e+00
1094 0.000000e+00
1095 4.692163e-07
1096 4.157809e-07
1097 3.233573e-07
1098 2.415203e-07
1099 1.858941e-07
1100 1.175235e-07
1101 7.587042e-08
1102 4.581164e-08
1103 2.827147e-08
1104 0.000000e+00
1105 0.000000e+00
1106 0.000000e+00
1107 0.000000e+00
1108 0.000000e+00
1109 0.000000e+00
1110 5.551523e-07
1111 4.926263e-07
1112 3.835305e-07
1113 2.863894e-07
1114 2.205132e-07
1115 1.397316e-07
1116 9.012952e-08
1117 5.441394e-08
1118 3.357660e-08
1119 0.000000e+00
1120 0.000000e+00
1121 0.000000e+00
1122 0.000000e+00
1123 0.000000e+00
1124 0.000000e+00
1125 6.236148e-07
1126 5.538476e-07
1127 4.314975e-07
1128 3.221578e-07
1129 2.480938e-07
1130 1.574251e-07
1131 1.014898e-07
1132 6.126742e-08
1133 3.780320e-08
1134 0.000000e+00
1135 0.000000e+00
1136 0.000000e+00
1137 0.000000e+00
1138 0.000000e+00
1139 0.000000e+00
1140 6.872273e-07
1141 6.107711e-07
1142 4.760420e-07
1143 3.553731e-07
1144 2.737203e-07
1145 1.738648e-07
1146 1.120451e-07
1147 6.763529e-08
1148 4.173033e-08
1149 0.000000e+00
1150 0.000000e+00
1151 0.000000e+00
1152 0.000000e+00
1153 0.000000e+00
1154 0.000000e+00
1155 7.130576e-07
1156 6.341182e-07
1157 4.944709e-07
1158 3.690894e-07
1159 2.843306e-07
1160 1.807875e-07
1161 1.164610e-07
1162 7.029713e-08
1163 4.337080e-08
1164 0.000000e+00
1165 0.000000e+00
1166 0.000000e+00
1167 0.000000e+00
1168 0.000000e+00
1169 0.000000e+00
1170 2.331783e-07
1171 2.179865e-07
1172 1.774962e-07
1173 1.322369e-07
1174 1.016674e-07
1175 7.112648e-08
1176 4.353682e-08
1177 2.667324e-08
1178 1.639464e-08
1179 0.000000e+00
1180 0.000000e+00
1181 0.000000e+00
1182 0.000000e+00
1183 0.000000e+00
1184 0.000000e+00
1185 3.427754e-07
1186 3.216559e-07
1187 2.629459e-07
1188 1.960848e-07
1189 1.505296e-07
1190 1.061065e-07
1191 6.468829e-08
1192 3.979997e-08
1193 2.442904e-08
1194 0.000000e+00
1195 0.000000e+00
1196 0.000000e+00
1197 0.000000e+00
1198 0.000000e+00
1199 0.000000e+00
1200 4.361359e-07
1201 4.099564e-07
1202 3.357350e-07
1203 2.504761e-07
1204 1.921541e-07
1205 1.359034e-07
1206 8.270986e-08
1207 5.098337e-08
1208 3.127425e-08
1209 0.000000e+00
1210 0.000000e+00
1211 0.000000e+00
1212 0.000000e+00
1213 0.000000e+00
1214 0.000000e+00
1215 5.105470e-07
1216 4.803410e-07
1217 3.937467e-07
1218 2.938245e-07
1219 2.253280e-07
1220 1.596508e-07
1221 9.707564e-08
1222 5.989634e-08
1223 3.672958e-08
1224 0.000000e+00
1225 0.000000e+00
1226 0.000000e+00
1227 0.000000e+00
1228 0.000000e+00
1229 0.000000e+00
1230 5.796961e-07
1231 5.457355e-07
1232 4.476500e-07
1233 3.341032e-07
1234 2.561525e-07
1235 1.817166e-07
1236 1.104214e-07
1237 6.818019e-08
1238 4.179862e-08
1239 0.000000e+00
1240 0.000000e+00
1241 0.000000e+00
1242 0.000000e+00
1243 0.000000e+00
1244 0.000000e+00
1245 6.191754e-07
1246 5.832532e-07
1247 4.787289e-07
1248 3.573549e-07
1249 2.739133e-07
1250 1.945484e-07
1251 1.181450e-07
1252 7.299636e-08
1253 4.474230e-08
1254 0.000000e+00
1255 0.000000e+00
1256 0.000000e+00
1257 0.000000e+00
1258 0.000000e+00
1259 0.000000e+00
1260 2.268668e-07
1261 2.219942e-07
1262 1.902174e-07
1263 1.442936e-07
1264 1.086745e-07
1265 8.230077e-08
1266 4.912063e-08
1267 3.175578e-08
1268 1.911263e-08
1269 1.159573e-08
1270 0.000000e+00
1271 0.000000e+00
1272 0.000000e+00
1273 0.000000e+00
1274 0.000000e+00
1275 3.223300e-07
1276 3.160938e-07
1277 2.715956e-07
1278 2.063575e-07
1279 1.552606e-07
1280 1.178567e-07
1281 7.049450e-08
1282 4.564415e-08
1283 2.743488e-08
1284 1.662491e-08
1285 0.000000e+00
1286 0.000000e+00
1287 0.000000e+00
1288 0.000000e+00
1289 0.000000e+00
1290 3.982115e-07
1291 3.908866e-07
1292 3.362710e-07
1293 2.556785e-07
1294 1.922830e-07
1295 1.461114e-07
1296 8.747763e-08
1297 5.668086e-08
1298 3.404756e-08
1299 2.062109e-08
1300 0.000000e+00
1301 0.000000e+00
1302 0.000000e+00
1303 0.000000e+00
1304 0.000000e+00
1305 4.687450e-07
1306 4.604057e-07
1307 3.963861e-07
1308 3.015224e-07
1309 2.266954e-07
1310 1.723742e-07
1311 1.032634e-07
1312 6.693804e-08
1313 4.019539e-08
1314 2.433556e-08
1315 0.000000e+00
1316 0.000000e+00
1317 0.000000e+00
1318 0.000000e+00
1319 0.000000e+00
1320 5.177259e-07
1321 5.087981e-07
1322 4.383571e-07
1323 3.335958e-07
1324 2.507365e-07
1325 1.907736e-07
1326 1.143477e-07
1327 7.414928e-08
1328 4.451086e-08
1329 2.694105e-08
1330 0.000000e+00
1331 0.000000e+00
1332 0.000000e+00
1333 0.000000e+00
1334 0.000000e+00
1335 1.428630e-07
1336 1.435050e-07
1337 1.271975e-07
1338 9.861607e-08
1339 7.349012e-08
1340 5.682878e-08
1341 3.529262e-08
1342 2.292031e-08
1343 1.359447e-08
1344 8.190049e-09
1345 0.000000e+00
1346 0.000000e+00
1347 0.000000e+00
1348 0.000000e+00
1349 0.000000e+00
1350 2.391806e-07
1351 2.411790e-07
1352 2.148873e-07
1353 1.672803e-07
1354 1.245372e-07
1355 9.640190e-08
1356 6.046001e-08
1357 3.911497e-08
1358 2.317179e-08
1359 1.396801e-08
1360 0.000000e+00
1361 0.000000e+00
1362 0.000000e+00
1363 0.000000e+00
1364 0.000000e+00
1365 3.159259e-07
1366 3.190127e-07
1367 2.847924e-07
1368 2.220406e-07
1369 1.652487e-07
1370 1.279588e-07
1371 8.054848e-08
1372 5.203286e-08
1373 3.081275e-08
1374 1.857776e-08
1375 0.000000e+00
1376 0.000000e+00
1377 0.000000e+00
1378 0.000000e+00
1379 0.000000e+00
1380 3.871652e-07
1381 3.912823e-07
1382 3.496945e-07
1383 2.728738e-07
1384 2.030407e-07
1385 1.572530e-07
1386 9.919362e-08
1387 6.402187e-08
1388 3.790534e-08
1389 2.285664e-08
1390 0.000000e+00
1391 0.000000e+00
1392 0.000000e+00
1393 0.000000e+00
1394 0.000000e+00
1395 4.428685e-07
1396 4.478774e-07
1397 4.006428e-07
1398 3.128546e-07
1399 2.327520e-07
1400 1.802930e-07
1401 1.139229e-07
1402 7.347701e-08
1403 4.349585e-08
1404 2.623015e-08
1405 0.000000e+00
1406 0.000000e+00
1407 0.000000e+00
1408 0.000000e+00
1409 0.000000e+00
1410 1.556479e-07
1411 1.612977e-07
1412 1.492157e-07
1413 1.199326e-07
1414 8.901251e-08
1415 6.884241e-08
1416 4.667400e-08
1417 2.893488e-08
1418 1.719616e-08
1419 1.040631e-08
1420 0.000000e+00
1421 0.000000e+00
1422 0.000000e+00
1423 0.000000e+00
1424 0.000000e+00
1425 2.326852e-07
1426 2.415787e-07
1427 2.240795e-07
1428 1.805883e-07
1429 1.340755e-07
1430 1.035958e-07
1431 7.067645e-08
1432 4.362645e-08
1433 2.598663e-08
1434 1.572001e-08
1435 0.000000e+00
1436 0.000000e+00
1437 0.000000e+00
1438 0.000000e+00
1439 0.000000e+00
1440 3.037437e-07
1441 3.156225e-07
1442 2.931179e-07
1443 2.365170e-07
1444 1.756262e-07
1445 1.356420e-07
1446 9.280235e-08
1447 5.717266e-08
1448 3.409100e-08
1449 2.061907e-08
1450 0.000000e+00
1451 0.000000e+00
1452 0.000000e+00
1453 0.000000e+00
1454 0.000000e+00
1455 3.652822e-07
1456 3.798106e-07
1457 3.530523e-07
1458 2.851393e-07
1459 2.117554e-07
1460 1.634928e-07
1461 1.120938e-07
1462 6.895748e-08
1463 4.114688e-08
1464 2.488535e-08
1465 0.000000e+00
1466 0.000000e+00
1467 0.000000e+00
1468 0.000000e+00
1469 0.000000e+00
1470 8.635243e-08
1471 9.134032e-08
1472 8.702014e-08
1473 7.211023e-08
1474 5.383526e-08
1475 4.113558e-08
1476 2.976684e-08
1477 1.767697e-08
1478 1.085660e-08
1479 6.517656e-09
1480 0.000000e+00
1481 0.000000e+00
1482 0.000000e+00
1483 0.000000e+00
1484 0.000000e+00
1485 1.595087e-07
1486 1.691830e-07
1487 1.618259e-07
1488 1.347159e-07
1489 1.007391e-07
1490 7.681369e-08
1491 5.602062e-08
1492 3.314995e-08
1493 2.049926e-08
1494 1.228057e-08
1495 0.000000e+00
1496 0.000000e+00
1497 0.000000e+00
1498 0.000000e+00
1499 0.000000e+00
1500 2.275280e-07
1501 2.415833e-07
1502 2.314359e-07
1503 1.929980e-07
1504 1.444179e-07
1505 1.100296e-07
1506 8.047540e-08
1507 4.756492e-08
1508 2.949035e-08
1509 1.765241e-08
1510 0.000000e+00
1511 0.000000e+00
1512 0.000000e+00
1513 0.000000e+00
1514 0.000000e+00
1515 2.909590e-07
1516 3.091405e-07
1517 2.964461e-07
1518 2.475063e-07
1519 1.852833e-07
1520 1.410918e-07
1521 1.033850e-07
1522 6.105923e-08
1523 3.791949e-08
1524 2.268627e-08
1525 0.000000e+00
1526 0.000000e+00
1527 0.000000e+00
1528 0.000000e+00
1529 0.000000e+00
1530 8.699365e-08
1531 9.390405e-08
1532 9.215068e-08
1533 7.908757e-08
1534 5.994031e-08
1535 4.510134e-08
1536 3.428505e-08
1537 2.017300e-08
1538 1.299207e-08
1539 7.676770e-09
1540 4.506655e-09
1541 0.000000e+00
1542 0.000000e+00
1543 0.000000e+00
1544 0.000000e+00
1545 1.435921e-07
1546 1.552424e-07
1547 1.526972e-07
1548 1.314410e-07
1549 9.979201e-08
1550 7.500248e-08
1551 5.716183e-08
1552 3.371361e-08
1553 2.176622e-08
1554 1.284366e-08
1555 7.526442e-09
1556 0.000000e+00
1557 0.000000e+00
1558 0.000000e+00
1559 0.000000e+00
1560 1.989388e-07
1561 2.152395e-07
1562 2.119416e-07
1563 1.826919e-07
1564 1.388141e-07
1565 1.042759e-07
1566 7.956825e-08
1567 4.697894e-08
1568 3.036576e-08
1569 1.790674e-08
1570 1.048459e-08
1571 0.000000e+00
1572 0.000000e+00
1573 0.000000e+00
1574 0.000000e+00
1575 5.636392e-08
1576 6.199053e-08
1577 6.252092e-08
1578 5.560846e-08
1579 4.313568e-08
1580 3.208810e-08
1581 2.492783e-08
1582 1.533816e-08
1583 9.981602e-09
1584 5.808090e-09
1585 3.382530e-09
1586 0.000000e+00
1587 0.000000e+00
1588 0.000000e+00
1589 0.000000e+00
1590 8.837893e-08
1591 9.729484e-08
1592 9.826537e-08
1593 8.757049e-08
1594 6.803343e-08
1595 5.059060e-08
1596 3.931304e-08
1597 2.428780e-08
1598 1.578109e-08
1599 9.176915e-09
1600 5.348780e-09
1601 0.000000e+00
1602 0.000000e+00
1603 0.000000e+00
1604 0.000000e+00
1605 6.535889e-05
1606 4.925010e-05
1607 3.761992e-05
1608 2.630225e-05
1609 1.647089e-05
1610 1.042635e-05
1611 6.525601e-06
1612 0.000000e+00
1613 0.000000e+00
1614 0.000000e+00
1615 0.000000e+00
1616 0.000000e+00
1617 0.000000e+00
1618 0.000000e+00
1619 0.000000e+00
1620 5.179883e-05
1621 4.244844e-05
1622 3.171161e-05
1623 2.433997e-05
1624 1.728122e-05
1625 1.057951e-05
1626 6.602913e-06
1627 4.106418e-06
1628 0.000000e+00
1629 0.000000e+00
1630 0.000000e+00
1631 0.000000e+00
1632 0.000000e+00
1633 0.000000e+00
1634 0.000000e+00
1635 3.809678e-05
1636 3.394776e-05
1637 2.644277e-05
1638 1.968743e-05
1639 1.526933e-05
1640 9.628234e-06
1641 6.276782e-06
1642 3.768977e-06
1643 2.319195e-06
1644 0.000000e+00
1645 0.000000e+00
1646 0.000000e+00
1647 0.000000e+00
1648 0.000000e+00
1649 0.000000e+00
1650 3.401153e-05
1651 3.210331e-05
1652 2.636045e-05
1653 1.963766e-05
1654 1.506683e-05
1655 1.074963e-05
1656 6.487385e-06
1657 3.989443e-06
1658 2.451643e-06
1659 0.000000e+00
1660 0.000000e+00
1661 0.000000e+00
1662 0.000000e+00
1663 0.000000e+00
1664 0.000000e+00
1665 2.826675e-05
1666 2.782328e-05
1667 2.399661e-05
1668 1.824471e-05
1669 1.369851e-05
1670 1.047630e-05
1671 6.224820e-06
1672 4.066515e-06
1673 2.440618e-06
1674 1.470760e-06
1675 0.000000e+00
1676 0.000000e+00
1677 0.000000e+00
1678 0.000000e+00
1679 0.000000e+00
1680 2.226218e-05
1681 2.258215e-05
1682 2.026848e-05
1683 1.584485e-05
1684 1.176535e-05
1685 9.150267e-06
1686 5.779513e-06
1687 3.751908e-06
1688 2.212765e-06
1689 1.332604e-06
1690 0.000000e+00
1691 0.000000e+00
1692 0.000000e+00
1693 0.000000e+00
1694 0.000000e+00
1695 1.930836e-05
1696 2.011188e-05
1697 1.873546e-05
1698 1.514899e-05
1699 1.123865e-05
1700 8.682346e-06
1701 5.977340e-06
1702 3.667206e-06
1703 2.179159e-06
1704 1.321423e-06
1705 0.000000e+00
1706 0.000000e+00
1707 0.000000e+00
1708 0.000000e+00
1709 0.000000e+00
1710 1.563049e-05
1711 1.663707e-05
1712 1.599241e-05
1713 1.337856e-05
1714 1.001305e-05
1715 7.617827e-06
1716 5.615556e-06
1717 3.294239e-06
1718 2.050051e-06
1719 1.225792e-06
1720 0.000000e+00
1721 0.000000e+00
1722 0.000000e+00
1723 0.000000e+00
1724 0.000000e+00
1725 9.284303e-06
1726 1.005750e-05
1727 9.920245e-06
1728 8.565417e-06
1729 6.509174e-06
1730 4.884607e-06
1731 3.741614e-06
1732 2.199636e-06
1733 1.429540e-06
1734 8.426492e-07
1735 4.912661e-07
1736 0.000000e+00
1737 0.000000e+00
1738 0.000000e+00
1739 0.000000e+00
1740 2.434432e-06
1741 2.681879e-06
1742 2.711220e-06
1743 2.418503e-06
1744 1.879067e-06
1745 1.396205e-06
1746 1.086969e-06
1747 6.705309e-07
1748 4.375854e-07
1749 2.541816e-07
1750 1.479185e-07
1751 0.000000e+00
1752 0.000000e+00
1753 0.000000e+00
1754 0.000000e+00
1755 1.319074e-06
1756 1.002697e-06
1757 7.582900e-07
1758 5.352034e-07
1759 3.378700e-07
1760 2.145547e-07
1761 1.339795e-07
1762 0.000000e+00
1763 0.000000e+00
1764 0.000000e+00
1765 0.000000e+00
1766 0.000000e+00
1767 0.000000e+00
1768 0.000000e+00
1769 0.000000e+00
1770 1.197412e-06
1771 9.831422e-07
1772 7.376338e-07
1773 5.637648e-07
1774 4.000045e-07
1775 2.466217e-07
1776 1.551062e-07
1777 9.608408e-08
1778 0.000000e+00
1779 0.000000e+00
1780 0.000000e+00
1781 0.000000e+00
1782 0.000000e+00
1783 0.000000e+00
1784 0.000000e+00
1785 1.097490e-06
1786 9.602702e-07
1787 7.430576e-07
1788 5.509865e-07
1789 4.222452e-07
1790 2.695360e-07
1791 1.739662e-07
1792 1.056668e-07
1793 6.559314e-08
1794 0.000000e+00
1795 0.000000e+00
1796 0.000000e+00
1797 0.000000e+00
1798 0.000000e+00
1799 0.000000e+00
1800 9.483416e-07
1801 8.940247e-07
1802 7.345858e-07
1803 5.485202e-07
1804 4.201732e-07
1805 2.990680e-07
1806 1.814063e-07
1807 1.122421e-07
1808 6.877875e-08
1809 0.000000e+00
1810 0.000000e+00
1811 0.000000e+00
1812 0.000000e+00
1813 0.000000e+00
1814 0.000000e+00
1815 8.460101e-07
1816 8.313831e-07
1817 7.169744e-07
1818 5.457726e-07
1819 4.099054e-07
1820 3.120394e-07
1821 1.872394e-07
1822 1.214960e-07
1823 7.291016e-08
1824 4.412759e-08
1825 0.000000e+00
1826 0.000000e+00
1827 0.000000e+00
1828 0.000000e+00
1829 0.000000e+00
1830 7.715699e-07
1831 7.798503e-07
1832 6.980310e-07
1833 5.454397e-07
1834 4.054938e-07
1835 3.139270e-07
1836 1.988807e-07
1837 1.281077e-07
1838 7.584840e-08
1839 4.577260e-08
1840 0.000000e+00
1841 0.000000e+00
1842 0.000000e+00
1843 0.000000e+00
1844 0.000000e+00
1845 6.894318e-07
1846 7.168173e-07
1847 6.663722e-07
1848 5.383916e-07
1849 3.999687e-07
1850 3.085641e-07
1851 2.118338e-07
1852 1.301091e-07
1853 7.773927e-08
1854 4.701301e-08
1855 0.000000e+00
1856 0.000000e+00
1857 0.000000e+00
1858 0.000000e+00
1859 0.000000e+00
1860 6.630748e-07
1861 6.905237e-07
1862 6.507141e-07
1863 5.400518e-07
1864 4.046938e-07
1865 3.039706e-07
1866 2.216090e-07
1867 1.311430e-07
1868 8.153291e-08
1869 4.894649e-08
1870 0.000000e+00
1871 0.000000e+00
1872 0.000000e+00
1873 0.000000e+00
1874 0.000000e+00
1875 7.787511e-07
1876 7.726859e-07
1877 6.983139e-07
1878 5.765341e-07
1879 4.393371e-07
1880 3.127680e-07
1881 2.296876e-07
1882 1.366178e-07
1883 8.742970e-08
1884 5.258368e-08
1885 3.186688e-08
1886 0.000000e+00
1887 0.000000e+00
1888 0.000000e+00
1889 0.000000e+00
1890 1.438881e-06
1891 1.147755e-06
1892 8.861537e-07
1893 6.535828e-07
1894 4.696690e-07
1895 3.300261e-07
1896 2.323426e-07
1897 1.506703e-07
1898 9.943643e-08
1899 6.270616e-08
1900 3.930295e-08
1901 0.000000e+00
1902 0.000000e+00
1903 0.000000e+00
1904 0.000000e+00
1905 1.116959e-08
1906 8.360030e-09
1907 5.953991e-09
1908 4.101178e-09
1909 2.756616e-09
1910 1.779079e-09
1911 1.161501e-09
1912 7.622626e-10
1913 5.104866e-10
1914 3.450390e-10
1915 2.322799e-10
1916 1.533824e-10
1917 9.804210e-11
1918 6.011041e-11
1919 3.516665e-11
1920 1.683182e-08
1921 1.259267e-08
1922 9.038086e-09
1923 6.192316e-09
1924 4.074434e-09
1925 2.649123e-09
1926 1.711261e-09
1927 1.131760e-09
1928 7.626707e-10
1929 5.201586e-10
1930 3.535260e-10
1931 2.349446e-10
1932 1.504118e-10
1933 9.186252e-11
1934 5.333343e-11
1935 2.310757e-08
1936 1.756793e-08
1937 1.275760e-08
1938 8.924865e-09
1939 5.930522e-09
1940 3.812665e-09
1941 2.451685e-09
1942 1.597930e-09
1943 1.065135e-09
1944 7.245586e-10
1945 4.952002e-10
1946 3.335932e-10
1947 2.176143e-10
1948 1.357075e-10
1949 8.033104e-11
1950 3.093470e-08
1951 2.405757e-08
1952 1.770219e-08
1953 1.256234e-08
1954 8.531084e-09
1955 5.475340e-09
1956 3.499163e-09
1957 2.247770e-09
1958 1.479223e-09
1959 9.974249e-10
1960 6.814384e-10
1961 4.629048e-10
1962 3.066982e-10
1963 1.951680e-10
1964 1.181022e-10
1965 3.922019e-08
1966 3.132164e-08
1967 2.346932e-08
1968 1.686089e-08
1969 1.167751e-08
1970 7.623675e-09
1971 4.829486e-09
1972 3.084092e-09
1973 1.998799e-09
1974 1.328650e-09
1975 9.007677e-10
1976 6.126192e-10
1977 4.098476e-10
1978 2.651535e-10
1979 1.638833e-10
1980 4.824354e-08
1981 3.962565e-08
1982 3.037904e-08
1983 2.212762e-08
1984 1.556196e-08
1985 1.040266e-08
1986 6.592315e-09
1987 4.192562e-09
1988 2.676125e-09
1989 1.750821e-09
1990 1.172205e-09
1991 7.936701e-10
1992 5.333269e-10
1993 3.493576e-10
1994 2.199899e-10
1995 5.829724e-08
1996 4.920926e-08
1997 3.866360e-08
1998 2.861924e-08
1999 2.037932e-08
2000 1.391656e-08
2001 8.929475e-09
2002 5.638018e-09
2003 3.565219e-09
2004 2.296508e-09
2005 1.515031e-09
2006 1.016692e-09
2007 6.829365e-10
2008 4.509176e-10
2009 2.881651e-10
2010 6.827740e-08
2011 5.899461e-08
2012 4.740937e-08
2013 3.568126e-08
2014 2.566922e-08
2015 1.780012e-08
2016 1.162764e-08
2017 7.297071e-09
2018 4.600316e-09
2019 2.923108e-09
2020 1.899874e-09
2021 1.261616e-09
2022 8.441999e-10
2023 5.593407e-10
2024 3.610274e-10
2025 8.020965e-08
2026 7.108198e-08
2027 5.865432e-08
2028 4.513123e-08
2029 3.291924e-08
2030 2.314430e-08
2031 1.547473e-08
2032 9.751094e-09
2033 6.123216e-09
2034 3.835685e-09
2035 2.452579e-09
2036 1.602776e-09
2037 1.062116e-09
2038 7.026705e-10
2039 4.565148e-10
2040 9.331524e-08
2041 8.552531e-08
2042 7.330053e-08
2043 5.850527e-08
2044 4.382168e-08
2045 3.139012e-08
2046 2.160348e-08
2047 1.399814e-08
2048 8.723428e-09
2049 5.422141e-09
2050 3.383211e-09
2051 2.149915e-09
2052 1.391633e-09
2053 9.084138e-10
2054 5.893685e-10
2055 2.107089e-07
2056 2.158247e-07
2057 2.101588e-07
2058 1.926644e-07
2059 1.648907e-07
2060 1.311748e-07
2061 9.773303e-08
2062 6.956183e-08
2063 4.749487e-08
2064 3.016311e-08
2065 1.823173e-08
2066 1.083848e-08
2067 6.362290e-09
2068 3.732305e-09
2069 2.209040e-09
