0 2.998052e-09
1 2.053633e-09
2 1.357558e-09
3 8.850871e-10
4 5.842548e-10
5 3.926361e-10
6 2.688420e-10
7 1.851755e-10
8 1.259372e-10
9 8.301057e-11
10 5.224713e-11
11 3.107222e-11
12 1.740805e-11
13 9.231606e-12
14 4.704020e-12
15 4.892150e-09
16 3.422532e-09
17 2.300812e-09
18 1.495596e-09
19 9.749126e-10
20 6.451373e-10
21 4.364915e-10
22 2.999242e-10
23 2.060084e-10
24 1.386593e-10
25 8.978174e-11
26 5.520480e-11
27 3.197974e-11
28 1.744065e-11
29 9.048955e-12
30 5.464865e-09
31 3.838055e-09
32 2.591976e-09
33 1.685126e-09
34 1.095311e-09
35 7.227322e-10
36 4.875452e-10
37 3.346316e-10
38 2.301843e-10
39 1.555500e-10
40 1.012696e-10
41 6.268598e-11
42 3.656110e-11
43 2.005496e-11
44 1.044622e-11
45 5.784531e-09
46 4.070353e-09
47 2.754541e-09
48 1.791200e-09
49 1.162511e-09
50 7.660607e-10
51 5.160676e-10
52 3.540036e-10
53 2.436998e-10
54 1.649414e-10
55 1.076909e-10
56 6.685671e-11
57 3.911585e-11
58 2.151342e-11
59 1.122443e-11
60 6.000399e-09
61 4.227948e-09
62 2.864538e-09
63 1.862604e-09
64 1.208049e-09
65 7.953144e-10
66 5.353313e-10
67 3.671000e-10
68 2.528252e-10
69 1.713143e-10
70 1.120248e-10
71 6.968186e-11
72 4.084219e-11
73 2.250235e-11
74 1.175288e-11
75 6.164025e-09
76 4.347185e-09
77 2.948076e-09
78 1.916932e-09
79 1.242517e-09
80 8.175141e-10
81 5.498896e-10
82 3.770407e-10
83 2.597005e-10
84 1.761281e-10
85 1.153257e-10
86 7.183122e-11
87 4.215684e-11
88 2.324394e-11
89 1.215089e-11
90 6.296609e-09
91 4.443199e-09
92 3.015230e-09
93 1.960904e-09
94 1.270530e-09
95 8.355621e-10
96 5.617873e-10
97 3.850849e-10
98 2.653516e-10
99 1.800782e-10
100 1.179824e-10
101 7.355001e-11
102 4.321651e-11
103 2.385552e-11
104 1.247571e-11
105 6.406331e-09
106 4.522921e-09
107 3.071193e-09
108 1.997121e-09
109 1.293577e-09
110 8.503173e-10
111 5.715397e-10
112 3.916571e-10
113 2.699402e-10
114 1.832843e-10
115 1.202032e-10
116 7.498742e-11
117 4.409404e-11
118 2.435418e-11
119 1.274172e-11
120 6.501135e-09
121 4.591652e-09
122 3.120268e-09
123 2.028981e-09
124 1.313393e-09
125 8.634104e-10
126 5.799943e-10
127 3.974757e-10
128 2.739789e-10
129 1.860855e-10
130 1.221195e-10
131 7.624298e-11
132 4.486649e-11
133 2.479540e-11
134 1.297760e-11
135 6.624322e-09
136 4.682039e-09
137 3.182038e-09
138 2.069393e-09
139 1.339436e-09
140 8.799852e-10
141 5.910057e-10
142 4.049740e-10
143 2.792056e-10
144 1.897190e-10
145 1.245528e-10
146 7.784275e-11
147 4.584018e-11
148 2.535035e-11
149 1.327345e-11
150 1.041663e-08
151 7.543252e-09
152 5.268954e-09
153 3.521629e-09
154 2.269740e-09
155 1.472539e-09
156 9.671953e-10
157 6.508460e-10
158 4.454537e-10
159 3.050694e-10
160 2.047265e-10
161 1.322964e-10
162 8.119914e-11
163 4.694005e-11
164 2.557181e-11
165 1.287287e-08
166 9.422096e-09
167 6.648099e-09
168 4.500531e-09
169 2.910086e-09
170 1.876914e-09
171 1.224103e-09
172 8.165461e-10
173 5.559537e-10
174 3.809247e-10
175 2.574329e-10
176 1.682936e-10
177 1.048976e-10
178 6.170754e-11
179 3.415537e-11
180 1.423275e-08
181 1.046252e-08
182 7.411401e-09
183 5.041674e-09
184 3.263290e-09
185 2.099612e-09
186 1.365208e-09
187 9.079344e-10
188 6.168896e-10
189 4.228724e-10
190 2.865770e-10
191 1.881703e-10
192 1.179934e-10
193 6.984432e-11
194 3.889400e-11
195 1.515256e-08
196 1.116645e-08
197 7.927248e-09
198 5.408082e-09
199 3.502949e-09
200 2.250436e-09
201 1.461165e-09
202 9.699164e-10
203 6.582220e-10
204 4.512468e-10
205 3.062428e-10
206 2.016924e-10
207 1.268737e-10
208 7.536194e-11
209 4.210955e-11
210 1.584912e-08
211 1.169860e-08
212 8.317413e-09
213 5.685160e-09
214 3.684202e-09
215 2.365083e-09
216 1.533877e-09
217 1.016892e-09
218 6.895330e-10
219 4.727368e-10
220 3.212096e-10
221 2.119089e-10
222 1.335853e-10
223 7.954338e-11
224 4.453352e-11
225 1.641751e-08
226 1.213270e-08
227 8.635932e-09
228 5.910332e-09
229 3.831039e-09
230 2.457800e-09
231 1.592720e-09
232 1.054914e-09
233 7.148615e-10
234 4.902427e-10
235 3.333593e-10
236 2.201981e-10
237 1.390578e-10
238 8.295213e-11
239 4.651033e-11
240 1.688378e-08
241 1.248927e-08
242 8.897992e-09
243 6.096756e-09
244 3.952895e-09
245 2.534293e-09
246 1.641333e-09
247 1.086300e-09
248 7.358472e-10
249 5.046985e-10
250 3.433704e-10
251 2.270689e-10
252 1.435502e-10
253 8.574489e-11
254 4.813074e-11
255 1.729635e-08
256 1.280471e-08
257 9.128422e-09
258 6.260192e-09
259 4.059072e-09
260 2.601657e-09
261 1.684012e-09
262 1.113836e-09
263 7.543167e-10
264 5.173374e-10
265 3.521596e-10
266 2.330697e-10
267 1.474885e-10
268 8.819525e-11
269 4.956745e-11
270 1.781162e-08
271 1.319948e-08
272 9.418067e-09
273 6.465003e-09
274 4.194110e-09
275 2.687389e-09
276 1.738475e-09
277 1.148892e-09
278 7.775874e-10
279 5.333163e-10
280 3.632160e-10
281 2.406684e-10
282 1.525028e-10
283 9.130796e-11
284 5.138546e-11
285 1.742755e-08
286 1.305996e-08
287 9.369604e-09
288 6.479627e-09
289 4.274730e-09
290 2.737530e-09
291 1.770451e-09
292 1.160787e-09
293 7.789984e-10
294 5.305850e-10
295 3.603064e-10
296 2.391472e-10
297 1.525971e-10
298 9.245062e-11
299 5.282783e-11
300 2.018428e-08
301 1.529051e-08
302 1.105217e-08
303 7.704516e-09
304 5.129774e-09
305 3.282341e-09
306 2.115254e-09
307 1.376951e-09
308 9.184685e-10
309 6.234808e-10
310 4.237779e-10
311 2.828624e-10
312 1.821146e-10
313 1.115963e-10
314 6.457598e-11
315 2.203430e-08
316 1.678794e-08
317 1.217793e-08
318 8.525279e-09
319 5.702527e-09
320 3.645776e-09
321 2.345453e-09
322 1.521328e-09
323 1.011528e-09
324 6.855073e-10
325 4.663180e-10
326 3.120717e-10
327 2.018581e-10
328 1.244072e-10
329 7.243700e-11
330 2.343920e-08
331 1.792286e-08
332 1.303187e-08
333 9.147672e-09
334 6.135126e-09
335 3.921848e-09
336 2.520298e-09
337 1.630918e-09
338 1.082155e-09
339 7.325803e-10
340 4.985015e-10
341 3.342506e-10
342 2.168364e-10
343 1.341178e-10
344 7.837735e-11
345 2.458472e-08
346 1.884376e-08
347 1.372539e-08
348 9.651654e-09
349 6.487558e-09
350 4.146328e-09
351 2.662052e-09
352 1.719708e-09
353 1.139579e-09
354 7.708500e-10
355 5.247346e-10
356 3.522820e-10
357 2.290418e-10
358 1.420272e-10
359 8.321669e-11
360 2.551955e-08
361 1.960237e-08
362 1.429636e-08
363 1.006864e-08
364 6.779139e-09
365 4.331514e-09
366 2.778819e-09
367 1.793046e-09
368 1.186871e-09
369 8.024022e-10
370 5.462361e-10
371 3.671780e-10
372 2.390674e-10
373 1.485390e-10
374 8.720634e-11
375 2.634493e-08
376 2.027111e-08
377 1.479913e-08
378 1.043484e-08
379 7.033714e-09
380 4.493102e-09
381 2.881656e-09
382 1.857192e-09
383 1.228295e-09
384 8.300037e-10
385 5.652432e-10
386 3.801623e-10
387 2.478477e-10
388 1.542484e-10
389 9.069576e-11
390 2.738753e-08
391 2.111410e-08
392 1.543402e-08
393 1.089638e-08
394 7.355844e-09
395 4.698872e-09
396 3.011012e-09
397 1.938679e-09
398 1.280950e-09
399 8.651055e-10
400 5.891980e-10
401 3.966815e-10
402 2.590271e-10
403 1.614809e-10
404 9.512791e-11
405 2.445474e-08
406 1.889857e-08
407 1.385112e-08
408 9.768805e-09
409 6.610945e-09
410 4.265163e-09
411 2.728392e-09
412 1.761923e-09
413 1.161512e-09
414 7.812427e-10
415 5.296041e-10
416 3.551756e-10
417 2.312932e-10
418 1.441289e-10
419 8.511279e-11
420 2.742047e-08
421 2.141993e-08
422 1.581468e-08
423 1.122090e-08
424 7.653907e-09
425 4.962604e-09
426 3.162966e-09
427 2.035832e-09
428 1.333470e-09
429 8.925252e-10
430 6.040805e-10
431 4.059336e-10
432 2.658214e-10
433 1.670010e-10
434 9.958253e-11
435 2.965777e-08
436 2.331578e-08
437 1.728907e-08
438 1.230759e-08
439 8.434244e-09
440 5.483191e-09
441 3.487002e-09
442 2.240125e-09
443 1.462147e-09
444 9.756961e-10
445 6.597613e-10
446 4.439354e-10
447 2.916671e-10
448 1.841506e-10
449 1.104321e-10
450 3.147421e-08
451 2.485677e-08
452 1.848875e-08
453 1.319283e-08
454 9.068536e-09
455 5.907054e-09
456 3.750541e-09
457 2.405985e-09
458 1.566576e-09
459 1.043353e-09
460 7.050812e-10
461 4.748431e-10
462 3.127318e-10
463 1.980773e-10
464 1.192536e-10
465 3.296973e-08
466 2.612427e-08
467 1.947448e-08
468 1.392182e-08
469 9.591826e-09
470 6.256288e-09
471 3.967805e-09
472 2.542786e-09
473 1.652682e-09
474 1.098993e-09
475 7.423828e-10
476 5.003475e-10
477 3.300467e-10
478 2.095672e-10
479 1.264908e-10
480 3.428043e-08
481 2.723806e-08
482 2.034158e-08
483 1.456262e-08
484 1.005116e-08
485 6.562805e-09
486 4.158690e-09
487 2.662902e-09
488 1.728438e-09
489 1.148045e-09
490 7.751964e-10
491 5.226805e-10
492 3.451946e-10
493 2.195959e-10
494 1.328866e-10
495 3.593565e-08
496 2.863885e-08
497 2.143517e-08
498 1.536787e-08
499 1.063172e-08
500 6.951153e-09
501 4.400482e-09
502 2.815162e-09
503 1.824117e-09
504 1.209966e-09
505 8.165637e-10
506 5.509962e-10
507 3.645244e-10
508 2.324020e-10
509 1.409208e-10
510 3.161818e-08
511 2.512446e-08
512 1.879775e-08
513 1.346193e-08
514 9.282727e-09
515 6.093087e-09
516 3.875122e-09
517 2.484121e-09
518 1.610656e-09
519 1.068297e-09
520 7.191697e-10
521 4.833268e-10
522 3.183089e-10
523 2.021059e-10
524 1.222410e-10
525 3.482535e-08
526 2.795631e-08
527 2.108616e-08
528 1.518190e-08
529 1.053330e-08
530 6.961366e-09
531 4.424083e-09
532 2.828538e-09
533 1.823747e-09
534 1.203466e-09
535 8.074784e-10
536 5.426300e-10
537 3.585433e-10
538 2.290176e-10
539 1.396108e-10
540 3.741777e-08
541 3.024330e-08
542 2.292853e-08
543 1.656453e-08
544 1.153868e-08
545 7.659183e-09
546 4.863804e-09
547 3.105165e-09
548 1.994839e-09
549 1.311988e-09
550 8.784892e-10
551 5.903884e-10
552 3.908643e-10
553 2.506781e-10
554 1.535961e-10
555 3.955058e-08
556 3.212806e-08
557 2.444873e-08
558 1.770657e-08
559 1.236882e-08
560 8.236003e-09
561 5.226899e-09
562 3.333289e-09
563 2.135828e-09
564 1.401341e-09
565 9.370844e-10
566 6.297926e-10
567 4.176380e-10
568 2.685564e-10
569 1.651153e-10
570 4.141918e-08
571 3.378231e-08
572 2.577982e-08
573 1.870720e-08
574 1.309562e-08
575 8.740206e-09
576 5.544629e-09
577 3.533152e-09
578 2.259301e-09
579 1.479810e-09
580 9.885725e-10
581 6.642666e-10
582 4.410266e-10
583 2.842070e-10
584 1.752161e-10
585 4.378716e-08
586 3.587322e-08
587 2.746833e-08
588 1.997320e-08
589 1.401741e-08
590 9.380936e-09
591 5.949900e-09
592 3.787333e-09
593 2.416219e-09
594 1.579218e-09
595 1.053460e-09
596 7.080217e-10
597 4.706826e-10
598 3.040720e-10
599 1.880249e-10
600 3.911662e-08
601 3.188601e-08
602 2.435990e-08
603 1.769828e-08
604 1.238018e-08
605 8.274694e-09
606 5.280323e-09
607 3.360149e-09
608 2.152570e-09
609 1.408419e-09
610 9.385642e-10
611 6.291071e-10
612 4.166257e-10
613 2.679423e-10
614 1.650397e-10
615 4.261500e-08
616 3.508155e-08
617 2.703092e-08
618 1.974890e-08
619 1.388588e-08
620 9.345979e-09
621 5.980024e-09
622 3.794146e-09
623 2.421352e-09
624 1.575932e-09
625 1.045549e-09
626 6.996268e-10
627 4.638993e-10
628 2.996507e-10
629 1.857733e-10
630 4.548634e-08
631 3.770266e-08
632 2.921933e-08
633 2.142975e-08
634 1.511931e-08
635 1.022299e-08
636 6.551534e-09
637 4.148407e-09
638 2.640703e-09
639 1.712600e-09
640 1.132894e-09
641 7.573844e-10
642 5.027812e-10
643 3.256275e-10
644 2.027536e-10
645 4.800134e-08
646 4.000564e-08
647 3.113585e-08
648 2.290423e-08
649 1.620058e-08
650 1.099191e-08
651 7.053311e-09
652 4.459410e-09
653 2.833169e-09
654 1.832749e-09
655 1.209740e-09
656 8.079497e-10
657 5.367054e-10
658 3.484173e-10
659 2.176319e-10
660 5.118711e-08
661 4.291902e-08
662 3.357074e-08
663 2.477205e-08
664 1.757194e-08
665 1.196746e-08
666 7.689662e-09
667 4.853249e-09
668 3.077067e-09
669 1.984794e-09
670 1.306920e-09
671 8.721367e-10
672 5.798173e-10
673 3.772655e-10
674 2.365049e-10
675 4.713805e-08
676 3.934063e-08
677 3.070295e-08
678 2.264379e-08
679 1.603327e-08
680 1.089450e-08
681 7.026004e-09
682 4.441947e-09
683 2.824899e-09
684 1.823269e-09
685 1.200466e-09
686 7.996810e-10
687 5.301470e-10
688 3.438413e-10
689 2.148352e-10
690 5.087486e-08
691 4.286215e-08
692 3.373829e-08
693 2.503965e-08
694 1.781370e-08
695 1.217762e-08
696 7.893782e-09
697 4.979373e-09
698 3.159744e-09
699 2.028331e-09
700 1.328852e-09
701 8.825796e-10
702 5.850578e-10
703 3.803866e-10
704 2.388465e-10
705 5.414006e-08
706 4.594102e-08
707 3.639275e-08
708 2.713169e-08
709 1.936506e-08
710 1.329648e-08
711 8.649572e-09
712 5.447816e-09
713 3.451631e-09
714 2.207518e-09
715 1.440993e-09
716 9.548172e-10
717 6.328903e-10
718 4.123434e-10
719 2.599010e-10
720 5.828169e-08
721 4.984227e-08
722 3.975710e-08
723 2.978369e-08
724 2.133521e-08
725 1.471727e-08
726 9.609766e-09
727 6.041856e-09
728 3.821930e-09
729 2.434080e-09
730 1.582881e-09
731 1.046557e-09
732 6.936278e-10
733 4.528650e-10
734 2.864595e-10
735 5.556634e-08
736 4.739726e-08
737 3.776805e-08
738 2.829748e-08
739 2.026639e-08
740 1.396183e-08
741 9.132675e-09
742 5.759098e-09
743 3.644055e-09
744 2.322146e-09
745 1.510039e-09
746 9.973175e-10
747 6.597109e-10
748 4.296863e-10
749 2.712787e-10
750 5.969136e-08
751 5.139386e-08
752 4.131599e-08
753 3.117980e-08
754 2.243774e-08
755 1.554028e-08
756 1.023007e-08
757 6.450940e-09
758 4.073244e-09
759 2.582664e-09
760 1.670834e-09
761 1.098830e-09
762 7.256474e-10
763 4.732549e-10
764 3.000135e-10
765 6.492664e-08
766 5.645194e-08
767 4.580856e-08
768 3.482010e-08
769 2.518161e-08
770 1.753773e-08
771 1.161843e-08
772 7.324628e-09
773 4.615504e-09
774 2.911972e-09
775 1.873772e-09
776 1.227160e-09
777 8.092052e-10
778 5.284407e-10
779 3.361741e-10
780 6.479221e-08
781 5.644451e-08
782 4.592111e-08
783 3.501057e-08
784 2.537535e-08
785 1.769306e-08
786 1.175570e-08
787 7.437418e-09
788 4.680092e-09
789 2.951916e-09
790 1.895359e-09
791 1.238097e-09
792 8.144457e-10
793 5.310900e-10
794 3.378087e-10
795 7.130845e-08
796 6.290016e-08
797 5.182298e-08
798 3.993369e-08
799 2.915772e-08
800 2.046920e-08
801 1.372300e-08
802 8.713813e-09
803 5.465050e-09
804 3.429761e-09
805 2.185907e-09
806 1.417723e-09
807 9.289596e-10
808 6.055294e-10
809 3.864231e-10
810 7.992869e-08
811 7.169332e-08
812 6.013488e-08
813 4.711781e-08
814 3.483231e-08
815 2.468376e-08
816 1.676098e-08
817 1.076325e-08
818 6.724557e-09
819 4.202870e-09
820 2.648115e-09
821 1.697148e-09
822 1.101785e-09
823 7.152078e-10
824 4.570664e-10
825 5.128486e-07
826 4.101363e-07
827 3.092897e-07
828 2.346853e-07
829 1.585448e-07
830 9.942120e-08
831 6.237863e-08
832 3.884243e-08
833 0.000000e+00
834 0.000000e+00
835 0.000000e+00
836 0.000000e+00
837 0.000000e+00
838 0.000000e+00
839 0.000000e+00
840 6.552987e-07
841 5.272123e-07
842 3.978674e-07
843 3.018374e-07
844 2.059564e-07
845 1.288702e-07
846 8.107233e-08
847 5.037425e-08
848 0.000000e+00
849 0.000000e+00
850 0.000000e+00
851 0.000000e+00
852 0.000000e+00
853 0.000000e+00
854 0.000000e+00
855 7.518608e-07
856 6.065637e-07
857 4.578993e-07
858 3.473340e-07
859 2.380880e-07
860 1.488276e-07
861 9.374094e-08
862 5.819026e-08
863 0.000000e+00
864 0.000000e+00
865 0.000000e+00
866 0.000000e+00
867 0.000000e+00
868 0.000000e+00
869 0.000000e+00
870 8.250004e-07
871 6.666460e-07
872 5.033531e-07
873 3.818074e-07
874 2.624296e-07
875 1.639455e-07
876 1.033388e-07
877 6.411041e-08
878 0.000000e+00
879 0.000000e+00
880 0.000000e+00
881 0.000000e+00
882 0.000000e+00
883 0.000000e+00
884 0.000000e+00
885 8.843480e-07
886 7.154244e-07
887 5.402556e-07
888 4.097803e-07
889 2.821853e-07
890 1.762152e-07
891 1.111273e-07
892 6.891522e-08
893 0.000000e+00
894 0.000000e+00
895 0.000000e+00
896 0.000000e+00
897 0.000000e+00
898 0.000000e+00
899 0.000000e+00
900 9.332763e-07
901 7.556266e-07
902 5.706682e-07
903 4.328366e-07
904 2.984661e-07
905 1.863276e-07
906 1.175467e-07
907 7.287565e-08
908 0.000000e+00
909 0.000000e+00
910 0.000000e+00
911 0.000000e+00
912 0.000000e+00
913 0.000000e+00
914 0.000000e+00
915 9.761900e-07
916 7.908930e-07
917 5.973484e-07
918 4.530632e-07
919 3.127494e-07
920 1.951979e-07
921 1.231778e-07
922 7.634955e-08
923 0.000000e+00
924 0.000000e+00
925 0.000000e+00
926 0.000000e+00
927 0.000000e+00
928 0.000000e+00
929 0.000000e+00
930 1.030523e-06
931 8.355648e-07
932 6.311516e-07
933 4.786900e-07
934 3.308449e-07
935 2.064365e-07
936 1.303123e-07
937 8.075122e-08
938 0.000000e+00
939 0.000000e+00
940 0.000000e+00
941 0.000000e+00
942 0.000000e+00
943 0.000000e+00
944 0.000000e+00
945 2.379293e-07
946 2.234737e-07
947 1.830295e-07
948 1.367250e-07
949 1.048641e-07
950 7.394060e-08
951 4.523506e-08
952 2.796951e-08
953 1.712143e-08
954 0.000000e+00
955 0.000000e+00
956 0.000000e+00
957 0.000000e+00
958 0.000000e+00
959 0.000000e+00
960 3.436295e-07
961 3.241957e-07
962 2.668469e-07
963 1.996481e-07
964 1.528162e-07
965 1.086890e-07
966 6.625407e-08
967 4.118246e-08
968 2.516321e-08
969 0.000000e+00
970 0.000000e+00
971 0.000000e+00
972 0.000000e+00
973 0.000000e+00
974 0.000000e+00
975 4.233939e-07
976 4.001925e-07
977 3.300728e-07
978 2.471068e-07
979 1.889870e-07
980 1.348913e-07
981 8.210315e-08
982 5.114291e-08
983 3.122618e-08
984 0.000000e+00
985 0.000000e+00
986 0.000000e+00
987 0.000000e+00
988 0.000000e+00
989 0.000000e+00
990 4.881505e-07
991 4.618904e-07
992 3.814018e-07
993 2.856356e-07
994 2.183517e-07
995 1.561638e-07
996 9.497001e-08
997 5.922972e-08
998 3.614840e-08
999 0.000000e+00
1000 0.000000e+00
1001 0.000000e+00
1002 0.000000e+00
1003 0.000000e+00
1004 0.000000e+00
1005 5.415000e-07
1006 5.127186e-07
1007 4.236890e-07
1008 3.173773e-07
1009 2.425437e-07
1010 1.736891e-07
1011 1.055703e-07
1012 6.589176e-08
1013 4.020354e-08
1014 0.000000e+00
1015 0.000000e+00
1016 0.000000e+00
1017 0.000000e+00
1018 0.000000e+00
1019 0.000000e+00
1020 5.883136e-07
1021 5.573195e-07
1022 4.607951e-07
1023 3.452299e-07
1024 2.637717e-07
1025 1.890669e-07
1026 1.148718e-07
1027 7.173747e-08
1028 4.376185e-08
1029 0.000000e+00
1030 0.000000e+00
1031 0.000000e+00
1032 0.000000e+00
1033 0.000000e+00
1034 0.000000e+00
1035 6.476284e-07
1036 6.138289e-07
1037 5.078088e-07
1038 3.805195e-07
1039 2.906676e-07
1040 2.085525e-07
1041 1.266569e-07
1042 7.914410e-08
1043 4.827026e-08
1044 0.000000e+00
1045 0.000000e+00
1046 0.000000e+00
1047 0.000000e+00
1048 0.000000e+00
1049 0.000000e+00
1050 1.272392e-07
1051 1.299104e-07
1052 1.177034e-07
1053 9.283727e-08
1054 6.892802e-08
1055 5.349814e-08
1056 3.460430e-08
1057 2.209782e-08
1058 1.306358e-08
1059 7.880458e-09
1060 0.000000e+00
1061 0.000000e+00
1062 0.000000e+00
1063 0.000000e+00
1064 0.000000e+00
1065 2.055894e-07
1066 2.105915e-07
1067 1.916923e-07
1068 1.518504e-07
1069 1.127397e-07
1070 8.742453e-08
1071 5.717359e-08
1072 3.624957e-08
1073 2.146384e-08
1074 1.295443e-08
1075 0.000000e+00
1076 0.000000e+00
1077 0.000000e+00
1078 0.000000e+00
1079 0.000000e+00
1080 2.684676e-07
1081 2.753128e-07
1082 2.510178e-07
1083 1.991515e-07
1084 1.478498e-07
1085 1.146172e-07
1086 7.524555e-08
1087 4.759272e-08
1088 2.819289e-08
1089 1.701927e-08
1090 0.000000e+00
1091 0.000000e+00
1092 0.000000e+00
1093 0.000000e+00
1094 0.000000e+00
1095 3.202746e-07
1096 3.286419e-07
1097 2.999009e-07
1098 2.381163e-07
1099 1.767803e-07
1100 1.370238e-07
1101 9.013548e-08
1102 5.693779e-08
1103 3.373628e-08
1104 2.036839e-08
1105 0.000000e+00
1106 0.000000e+00
1107 0.000000e+00
1108 0.000000e+00
1109 0.000000e+00
1110 3.657251e-07
1111 3.754277e-07
1112 3.427863e-07
1113 2.723055e-07
1114 2.021612e-07
1115 1.566811e-07
1116 1.031985e-07
1117 6.513629e-08
1118 3.860008e-08
1119 2.330659e-08
1120 0.000000e+00
1121 0.000000e+00
1122 0.000000e+00
1123 0.000000e+00
1124 0.000000e+00
1125 4.233072e-07
1126 4.347146e-07
1127 3.971305e-07
1128 3.156066e-07
1129 2.343237e-07
1130 1.815908e-07
1131 1.197519e-07
1132 7.552535e-08
1133 4.476346e-08
1134 2.702987e-08
1135 0.000000e+00
1136 0.000000e+00
1137 0.000000e+00
1138 0.000000e+00
1139 0.000000e+00
1140 1.367664e-07
1141 1.468774e-07
1142 1.430646e-07
1143 1.216766e-07
1144 9.181243e-08
1145 6.935042e-08
1146 5.215705e-08
1147 3.065675e-08
1148 1.951785e-08
1149 1.157988e-08
1150 6.852986e-09
1151 0.000000e+00
1152 0.000000e+00
1153 0.000000e+00
1154 0.000000e+00
1155 1.857535e-07
1156 1.996509e-07
1157 1.947107e-07
1158 1.658531e-07
1159 1.252417e-07
1160 9.454335e-08
1161 7.122244e-08
1162 4.188258e-08
1163 2.671174e-08
1164 1.583730e-08
1165 9.360858e-09
1166 0.000000e+00
1167 0.000000e+00
1168 0.000000e+00
1169 0.000000e+00
1170 2.287308e-07
1171 2.459574e-07
1172 2.400117e-07
1173 2.046021e-07
1174 1.545704e-07
1175 1.166411e-07
1176 8.794470e-08
1177 5.172930e-08
1178 3.302338e-08
1179 1.957204e-08
1180 1.156115e-08
1181 0.000000e+00
1182 0.000000e+00
1183 0.000000e+00
1184 0.000000e+00
1185 2.831925e-07
1186 3.046215e-07
1187 2.974217e-07
1188 2.537003e-07
1189 1.917262e-07
1190 1.446408e-07
1191 1.091385e-07
1192 6.420868e-08
1193 4.102415e-08
1194 2.430526e-08
1195 1.434858e-08
1196 0.000000e+00
1197 0.000000e+00
1198 0.000000e+00
1199 0.000000e+00
1200 9.740321e-08
1201 1.080083e-07
1202 1.102392e-07
1203 9.966737e-08
1204 7.833154e-08
1205 5.810551e-08
1206 4.522064e-08
1207 2.879821e-08
1208 1.847147e-08
1209 1.069707e-08
1210 6.274259e-09
1211 0.000000e+00
1212 0.000000e+00
1213 0.000000e+00
1214 0.000000e+00
1215 1.375235e-07
1216 1.525919e-07
1217 1.558869e-07
1218 1.411225e-07
1219 1.110369e-07
1220 8.235632e-08
1221 6.408696e-08
1222 4.094022e-08
1223 2.621118e-08
1224 1.517720e-08
1225 8.907914e-09
1226 0.000000e+00
1227 0.000000e+00
1228 0.000000e+00
1229 0.000000e+00
1230 1.883677e-07
1231 2.090944e-07
1232 2.137391e-07
1233 1.936555e-07
1234 1.524844e-07
1235 1.130875e-07
1236 8.799619e-08
1237 5.632430e-08
1238 3.601906e-08
1239 2.085450e-08
1240 1.224532e-08
1241 0.000000e+00
1242 0.000000e+00
1243 0.000000e+00
1244 0.000000e+00
1245 7.513603e-08
1246 8.530890e-08
1247 9.007586e-08
1248 8.547476e-08
1249 7.042050e-08
1250 5.243238e-08
1251 4.020574e-08
1252 2.875580e-08
1253 1.703741e-08
1254 1.018990e-08
1255 5.995171e-09
1256 0.000000e+00
1257 0.000000e+00
1258 0.000000e+00
1259 0.000000e+00
1260 1.222467e-07
1261 1.388785e-07
1262 1.467597e-07
1263 1.394325e-07
1264 1.150298e-07
1265 8.568112e-08
1266 6.566046e-08
1267 4.708674e-08
1268 2.785034e-08
1269 1.669427e-08
1270 9.816045e-09
1271 0.000000e+00
1272 0.000000e+00
1273 0.000000e+00
1274 0.000000e+00
1275 7.540956e-08
1276 8.722075e-08
1277 9.452103e-08
1278 9.317482e-08
1279 8.032049e-08
1280 6.096069e-08
1281 4.579725e-08
1282 3.502503e-08
1283 2.040938e-08
1284 1.312597e-08
1285 7.585910e-09
1286 4.263012e-09
1287 0.000000e+00
1288 0.000000e+00
1289 0.000000e+00
1290 4.053025e-08
1291 4.757671e-08
1292 5.261811e-08
1293 5.343607e-08
1294 4.792390e-08
1295 3.737534e-08
1296 2.774598e-08
1297 2.163637e-08
1298 1.340446e-08
1299 8.678098e-09
1300 4.940753e-09
1301 2.785779e-09
1302 0.000000e+00
1303 0.000000e+00
1304 0.000000e+00
1305 3.940587e-05
1306 3.178849e-05
1307 2.393007e-05
1308 1.821502e-05
1309 1.249775e-05
1310 7.789480e-06
1311 4.899598e-06
1312 3.042981e-06
1313 0.000000e+00
1314 0.000000e+00
1315 0.000000e+00
1316 0.000000e+00
1317 0.000000e+00
1318 0.000000e+00
1319 0.000000e+00
1320 2.252345e-05
1321 2.138353e-05
1322 1.769588e-05
1323 1.323667e-05
1324 1.011618e-05
1325 7.290875e-06
1326 4.397525e-06
1327 2.742055e-06
1328 1.676049e-06
1329 0.000000e+00
1330 0.000000e+00
1331 0.000000e+00
1332 0.000000e+00
1333 0.000000e+00
1334 0.000000e+00
1335 1.469489e-05
1336 1.510995e-05
1337 1.382060e-05
1338 1.098644e-05
1339 8.147935e-06
1340 6.323625e-06
1341 4.172195e-06
1342 2.636679e-06
1343 1.556517e-06
1344 9.416150e-07
1345 0.000000e+00
1346 0.000000e+00
1347 0.000000e+00
1348 0.000000e+00
1349 0.000000e+00
1350 1.001316e-05
1351 1.078069e-05
1352 1.053877e-05
1353 8.999330e-06
1354 6.799923e-06
1355 5.126445e-06
1356 3.880869e-06
1357 2.272981e-06
1358 1.457269e-06
1359 8.630855e-07
1360 5.085649e-07
1361 0.000000e+00
1362 0.000000e+00
1363 0.000000e+00
1364 0.000000e+00
1365 7.094520e-06
1366 7.881320e-06
1367 8.065144e-06
1368 7.317040e-06
1369 5.765308e-06
1370 4.273267e-06
1371 3.327939e-06
1372 2.133148e-06
1373 1.365588e-06
1374 7.892824e-07
1375 4.640026e-07
1376 0.000000e+00
1377 0.000000e+00
1378 0.000000e+00
1379 0.000000e+00
1380 5.188951e-06
1381 5.899201e-06
1382 6.240262e-06
1383 5.936934e-06
1384 4.904067e-06
1385 3.652855e-06
1386 2.797878e-06
1387 2.013351e-06
1388 1.186941e-06
1389 7.119475e-07
1390 4.184884e-07
1391 0.000000e+00
1392 0.000000e+00
1393 0.000000e+00
1394 0.000000e+00
1395 3.886031e-06
1396 4.497889e-06
1397 4.879184e-06
1398 4.816536e-06
1399 4.158944e-06
1400 3.158679e-06
1401 2.371131e-06
1402 1.817574e-06
1403 1.058423e-06
1404 6.829652e-07
1405 3.945519e-07
1406 2.210788e-07
1407 0.000000e+00
1408 0.000000e+00
1409 0.000000e+00
1410 2.701128e-06
1411 3.173486e-06
1412 3.513887e-06
1413 3.574597e-06
1414 3.213114e-06
1415 2.509981e-06
1416 1.862240e-06
1417 1.453080e-06
1418 9.040477e-07
1419 5.848966e-07
1420 3.326371e-07
1421 1.878682e-07
1422 0.000000e+00
1423 0.000000e+00
1424 0.000000e+00
1425 1.550966e-06
1426 1.849254e-06
1427 2.088821e-06
1428 2.186952e-06
1429 2.047901e-06
1430 1.661933e-06
1431 1.232635e-06
1432 9.526603e-07
1433 6.578205e-07
1434 3.968083e-07
1435 2.282730e-07
1436 1.316424e-07
1437 0.000000e+00
1438 0.000000e+00
1439 0.000000e+00
1440 6.870354e-07
1441 8.306719e-07
1442 9.558747e-07
1443 1.027427e-06
1444 9.998176e-07
1445 8.475785e-07
1446 6.375316e-07
1447 4.826328e-07
1448 3.621512e-07
1449 2.083764e-07
1450 1.294081e-07
1451 7.361867e-08
1452 4.047786e-08
1453 0.000000e+00
1454 0.000000e+00
1455 1.227397e-06
1456 9.975765e-07
1457 7.537948e-07
1458 5.717032e-07
1459 3.965284e-07
1460 2.472353e-07
1461 1.562128e-07
1462 9.673048e-08
1463 0.000000e+00
1464 0.000000e+00
1465 0.000000e+00
1466 0.000000e+00
1467 0.000000e+00
1468 0.000000e+00
1469 0.000000e+00
1470 8.625629e-07
1471 8.187690e-07
1472 6.783859e-07
1473 5.085876e-07
1474 3.882856e-07
1475 2.792626e-07
1476 1.694324e-07
1477 1.060318e-07
1478 6.463452e-08
1479 0.000000e+00
1480 0.000000e+00
1481 0.000000e+00
1482 0.000000e+00
1483 0.000000e+00
1484 0.000000e+00
1485 6.321246e-07
1486 6.498098e-07
1487 5.943566e-07
1488 4.728846e-07
1489 3.510758e-07
1490 2.720171e-07
1491 1.798475e-07
1492 1.132478e-07
1493 6.713693e-08
1494 4.054492e-08
1495 0.000000e+00
1496 0.000000e+00
1497 0.000000e+00
1498 0.000000e+00
1499 0.000000e+00
1500 4.807473e-07
1501 5.175506e-07
1502 5.058284e-07
1503 4.319927e-07
1504 3.266501e-07
1505 2.463182e-07
1506 1.860877e-07
1507 1.095199e-07
1508 7.006547e-08
1509 4.149048e-08
1510 2.447120e-08
1511 0.000000e+00
1512 0.000000e+00
1513 0.000000e+00
1514 0.000000e+00
1515 3.729256e-07
1516 4.142599e-07
1517 4.238291e-07
1518 3.844481e-07
1519 3.030079e-07
1520 2.247062e-07
1521 1.748302e-07
1522 1.121976e-07
1523 7.163836e-08
1524 4.147311e-08
1525 2.436606e-08
1526 0.000000e+00
1527 0.000000e+00
1528 0.000000e+00
1529 0.000000e+00
1530 2.934183e-07
1531 3.335794e-07
1532 3.528075e-07
1533 3.355649e-07
1534 2.771744e-07
1535 2.065337e-07
1536 1.581842e-07
1537 1.137062e-07
1538 6.715331e-08
1539 4.033424e-08
1540 2.370300e-08
1541 0.000000e+00
1542 0.000000e+00
1543 0.000000e+00
1544 0.000000e+00
1545 2.334364e-07
1546 2.702024e-07
1547 2.930754e-07
1548 2.892449e-07
1549 2.497135e-07
1550 1.896920e-07
1551 1.424273e-07
1552 1.090633e-07
1553 6.363290e-08
1554 4.098951e-08
1555 2.367743e-08
1556 1.329081e-08
1557 0.000000e+00
1558 0.000000e+00
1559 0.000000e+00
1560 1.850501e-07
1561 2.174451e-07
1562 2.407813e-07
1563 2.449398e-07
1564 2.201805e-07
1565 1.720424e-07
1566 1.276715e-07
1567 9.956647e-08
1568 6.201780e-08
1569 4.005036e-08
1570 2.278437e-08
1571 1.287406e-08
1572 0.000000e+00
1573 0.000000e+00
1574 0.000000e+00
1575 1.390495e-07
1576 1.658224e-07
1577 1.873158e-07
1578 1.961204e-07
1579 1.836582e-07
1580 1.490741e-07
1581 1.105953e-07
1582 8.545501e-08
1583 5.901312e-08
1584 3.559606e-08
1585 2.050972e-08
1586 1.181828e-08
1587 0.000000e+00
1588 0.000000e+00
1589 0.000000e+00
1590 9.485632e-08
1591 1.148683e-07
1592 1.324368e-07
1593 1.427256e-07
1594 1.394354e-07
1595 1.188193e-07
1596 8.965765e-08
1597 6.773199e-08
1598 5.105888e-08
1599 2.952458e-08
1600 1.846195e-08
1601 1.048969e-08
1602 5.744740e-09
1603 0.000000e+00
1604 0.000000e+00
1605 7.067062e-09
1606 5.003871e-09
1607 3.408041e-09
1608 2.216598e-09
1609 1.433372e-09
1610 9.409271e-10
1611 6.319361e-10
1612 4.336789e-10
1613 3.001555e-10
1614 2.053673e-10
1615 1.362604e-10
1616 8.637722e-11
1617 5.184555e-11
1618 2.939475e-11
1619 1.580769e-11
1620 1.969633e-08
1621 1.464297e-08
1622 1.047708e-08
1623 7.215879e-09
1624 4.685518e-09
1625 2.996969e-09
1626 1.936022e-09
1627 1.277825e-09
1628 8.652235e-10
1629 5.954153e-10
1630 4.086046e-10
1631 2.738936e-10
1632 1.763102e-10
1633 1.077573e-10
1634 6.221552e-11
1635 3.117899e-08
1636 2.417700e-08
1637 1.774051e-08
1638 1.257619e-08
1639 8.527368e-09
1640 5.443102e-09
1641 3.484025e-09
1642 2.235946e-09
1643 1.474783e-09
1644 9.968764e-10
1645 6.824821e-10
1646 4.641712e-10
1647 3.075642e-10
1648 1.954954e-10
1649 1.180220e-10
1650 4.197036e-08
1651 3.375921e-08
1652 2.541826e-08
1653 1.830743e-08
1654 1.274157e-08
1655 8.359280e-09
1656 5.277138e-09
1657 3.368967e-09
1658 2.174780e-09
1659 1.440091e-09
1660 9.743423e-10
1661 6.628844e-10
1662 4.445953e-10
1663 2.888470e-10
1664 1.794716e-10
1665 5.239689e-08
1666 4.347593e-08
1667 3.359378e-08
1668 2.457584e-08
1669 1.736391e-08
1670 1.170326e-08
1671 7.414976e-09
1672 4.709265e-09
1673 2.988308e-09
1674 1.945716e-09
1675 1.297746e-09
1676 8.772802e-10
1677 5.904530e-10
1678 3.884462e-10
1679 2.461506e-10
1680 6.276288e-08
1681 5.349671e-08
1682 4.239431e-08
1683 3.155095e-08
1684 2.254606e-08
1685 1.550352e-08
1686 9.998042e-09
1687 6.286679e-09
1688 3.965655e-09
1689 2.542484e-09
1690 1.668489e-09
1691 1.116515e-09
1692 7.499553e-10
1693 4.965304e-10
1694 3.189063e-10
1695 7.332483e-08
1696 6.400961e-08
1697 5.196472e-08
1698 3.941208e-08
1699 2.847769e-08
1700 1.986697e-08
1701 1.309108e-08
1702 8.198805e-09
1703 5.167692e-09
1704 3.262749e-09
1705 2.107585e-09
1706 1.391889e-09
1707 9.291683e-10
1708 6.161392e-10
1709 3.991855e-10
1710 8.390734e-08
1711 7.481679e-08
1712 6.212000e-08
1713 4.804080e-08
1714 3.514443e-08
1715 2.478543e-08
1716 1.665472e-08
1717 1.050229e-08
1718 6.587642e-09
1719 4.112381e-09
1720 2.620860e-09
1721 1.707301e-09
1722 1.129006e-09
1723 7.467734e-10
1724 4.859478e-10
1725 9.495509e-08
1726 8.633889e-08
1727 7.324819e-08
1728 5.780426e-08
1729 4.288821e-08
1730 3.053924e-08
1731 2.086243e-08
1732 1.335264e-08
1733 8.319408e-09
1734 5.171413e-09
1735 3.250846e-09
1736 2.085039e-09
1737 1.362431e-09
1738 8.956263e-10
1739 5.831380e-10
1740 1.120113e-07
1741 1.045359e-07
1742 9.135729e-08
1743 7.430663e-08
1744 5.647814e-08
1745 4.083587e-08
1746 2.842529e-08
1747 1.869427e-08
1748 1.164061e-08
1749 7.220075e-09
1750 4.455718e-09
1751 2.795201e-09
1752 1.787072e-09
1753 1.156940e-09
1754 7.485181e-10
1755 2.107089e-07
1756 2.158247e-07
1757 2.101588e-07
1758 1.926644e-07
1759 1.648907e-07
1760 1.311748e-07
1761 9.773303e-08
1762 6.956183e-08
1763 4.749487e-08
1764 3.016311e-08
1765 1.823173e-08
1766 1.083848e-08
1767 6.362290e-09
1768 3.732305e-09
1769 2.209040e-09
