0 2.995255e-09
1 2.051257e-09
2 1.355540e-09
3 8.834018e-10
4 5.829290e-10
5 3.917769e-10
6 2.685246e-10
7 1.854835e-10
8 1.269477e-10
9 8.462551e-11
10 5.419915e-11
11 3.303844e-11
12 1.907628e-11
13 1.044453e-11
14 5.465522e-12
15 4.888276e-09
16 3.419230e-09
17 2.298036e-09
18 1.493311e-09
19 9.730371e-10
20 6.437944e-10
21 4.357249e-10
22 2.998615e-10
23 2.068422e-10
24 1.403903e-10
25 9.218749e-11
26 5.789339e-11
27 3.444503e-11
28 1.938064e-11
29 1.035549e-11
30 5.460698e-09
31 3.834486e-09
32 2.588973e-09
33 1.682652e-09
34 1.093270e-09
35 7.211810e-10
36 4.866345e-10
37 3.344827e-10
38 2.310434e-10
39 1.572461e-10
40 1.037761e-10
41 6.555049e-11
42 3.925550e-11
43 2.220437e-11
44 1.191607e-11
45 5.780176e-09
46 4.066651e-09
47 2.751432e-09
48 1.788610e-09
49 1.160400e-09
50 7.644277e-10
51 5.150972e-10
52 3.537961e-10
53 2.444848e-10
54 1.666723e-10
55 1.102509e-10
56 6.981709e-11
57 4.193852e-11
58 2.378581e-11
59 1.278786e-11
60 5.995925e-09
61 4.224141e-09
62 2.861304e-09
63 1.859976e-09
64 1.205863e-09
65 7.936213e-10
66 5.342870e-10
67 3.668511e-10
68 2.535236e-10
69 1.730492e-10
70 1.146220e-10
71 7.271308e-11
72 4.374942e-11
73 2.484952e-11
74 1.337529e-11
75 6.159467e-09
76 4.343296e-09
77 2.944829e-09
78 1.914248e-09
79 1.240317e-09
80 8.158526e-10
81 5.488443e-10
82 3.767619e-10
83 2.603923e-10
84 1.778455e-10
85 1.179274e-10
86 7.491445e-11
87 4.512653e-11
88 2.565761e-11
89 1.382193e-11
90 6.291979e-09
91 4.439256e-09
92 3.011928e-09
93 1.958182e-09
94 1.268270e-09
95 8.337953e-10
96 5.607008e-10
97 3.847799e-10
98 2.660215e-10
99 1.817854e-10
100 1.206366e-10
101 7.668913e-11
102 4.623703e-11
103 2.631297e-11
104 1.418442e-11
105 6.401642e-09
106 4.518924e-09
107 3.067844e-09
108 1.994350e-09
109 1.291291e-09
110 8.485603e-10
111 5.704342e-10
112 3.913631e-10
113 2.706837e-10
114 1.850287e-10
115 1.228576e-10
116 7.815637e-11
117 4.716425e-11
118 2.685584e-11
119 1.448186e-11
120 6.496398e-09
121 4.587612e-09
122 3.116889e-09
123 2.026201e-09
124 1.311090e-09
125 8.616220e-10
126 5.788347e-10
127 3.971413e-10
128 2.746054e-10
129 1.877950e-10
130 1.247728e-10
131 7.942576e-11
132 4.794812e-11
133 2.732098e-11
134 1.473787e-11
135 6.619527e-09
136 4.677942e-09
137 3.178607e-09
138 2.066572e-09
139 1.337064e-09
140 8.781503e-10
141 5.898885e-10
142 4.046104e-10
143 2.798345e-10
144 1.914524e-10
145 1.272786e-10
146 8.108449e-11
147 4.899131e-11
148 2.793333e-11
149 1.507482e-11
150 1.041045e-08
151 7.537901e-09
152 5.264441e-09
153 3.517932e-09
154 2.266676e-09
155 1.469994e-09
156 9.655250e-10
157 6.499227e-10
158 4.456761e-10
159 3.065589e-10
160 2.076669e-10
161 1.362026e-10
162 8.538598e-11
163 5.067332e-11
164 2.839287e-11
165 1.286590e-08
166 9.415991e-09
167 6.642958e-09
168 4.496300e-09
169 2.906605e-09
170 1.873969e-09
171 1.221985e-09
172 8.154550e-10
173 5.559410e-10
174 3.823588e-10
175 2.604594e-10
176 1.725731e-10
177 1.097016e-10
178 6.612107e-11
179 3.761675e-11
180 1.422529e-08
181 1.045602e-08
182 7.405884e-09
183 5.037121e-09
184 3.259572e-09
185 2.096517e-09
186 1.362803e-09
187 9.066902e-10
188 6.166478e-10
189 4.241725e-10
190 2.895917e-10
191 1.926895e-10
192 1.231291e-10
193 7.465653e-11
194 4.270996e-11
195 1.514481e-08
196 1.115964e-08
197 7.921505e-09
198 5.403328e-09
199 3.499290e-09
200 2.247147e-09
201 1.458667e-09
202 9.683924e-10
203 6.578963e-10
204 4.525593e-10
205 3.093003e-10
206 2.063320e-10
207 1.322395e-10
208 8.044596e-11
209 4.615998e-11
210 1.584116e-08
211 1.169159e-08
212 8.311489e-09
213 5.680314e-09
214 3.680156e-09
215 2.361815e-09
216 1.531097e-09
217 1.015141e-09
218 6.891635e-10
219 4.740798e-10
220 3.243010e-10
221 2.166370e-10
222 1.391383e-10
223 8.482386e-11
224 4.877101e-11
225 1.640936e-08
226 1.212555e-08
227 8.629822e-09
228 5.905348e-09
229 3.827440e-09
230 2.454334e-09
231 1.589894e-09
232 1.053051e-09
233 7.145128e-10
234 4.914568e-10
235 3.364882e-10
236 2.250159e-10
237 1.447328e-10
238 8.837598e-11
239 5.089317e-11
240 1.687548e-08
241 1.248197e-08
242 8.891766e-09
243 6.091626e-09
244 3.948679e-09
245 2.530782e-09
246 1.638698e-09
247 1.084502e-09
248 7.353010e-10
249 5.058310e-10
250 3.464749e-10
251 2.319279e-10
252 1.493622e-10
253 9.131636e-11
254 5.264417e-11
255 1.728790e-08
256 1.279724e-08
257 9.122114e-09
258 6.254976e-09
259 4.054781e-09
260 2.598082e-09
261 1.681106e-09
262 1.111947e-09
263 7.538780e-10
264 5.184840e-10
265 3.553256e-10
266 2.380262e-10
267 1.534173e-10
268 9.389907e-11
269 5.418235e-11
270 1.780301e-08
271 1.319189e-08
272 9.411591e-09
273 6.459699e-09
274 4.189757e-09
275 2.683121e-09
276 1.735529e-09
277 1.146688e-09
278 7.769102e-10
279 5.343928e-10
280 3.664486e-10
281 2.456433e-10
282 1.585174e-10
283 9.713061e-11
284 5.611752e-11
285 1.741942e-08
286 1.305273e-08
287 9.363459e-09
288 6.474548e-09
289 4.270409e-09
290 2.733721e-09
291 1.767868e-09
292 1.159049e-09
293 7.784808e-10
294 5.317781e-10
295 3.634036e-10
296 2.439117e-10
297 1.583120e-10
298 9.799741e-11
299 5.739125e-11
300 2.017546e-08
301 1.528266e-08
302 1.104538e-08
303 7.698902e-09
304 5.125041e-09
305 3.278278e-09
306 2.112268e-09
307 1.374984e-09
308 9.176446e-10
309 6.244363e-10
310 4.268407e-10
311 2.878806e-10
312 1.883246e-10
313 1.178226e-10
314 6.979531e-11
315 2.202503e-08
316 1.677963e-08
317 1.217080e-08
318 8.519310e-09
319 5.697001e-09
320 3.641676e-09
321 2.342097e-09
322 1.519046e-09
323 1.010672e-09
324 6.864190e-10
325 4.694140e-10
326 3.173066e-10
327 2.084387e-10
328 1.310628e-10
329 7.809766e-11
330 2.342962e-08
331 1.791422e-08
332 1.302446e-08
333 9.141549e-09
334 6.130006e-09
335 3.917718e-09
336 2.516688e-09
337 1.628250e-09
338 1.081149e-09
339 7.334938e-10
340 5.016695e-10
341 3.396371e-10
342 2.236825e-10
343 1.411056e-10
344 8.438381e-11
345 2.457483e-08
346 1.883489e-08
347 1.371769e-08
348 9.645305e-09
349 6.482871e-09
350 4.141682e-09
351 2.658342e-09
352 1.717142e-09
353 1.138418e-09
354 7.717027e-10
355 5.278812e-10
356 3.577884e-10
357 2.360802e-10
358 1.492766e-10
359 8.949444e-11
360 2.550946e-08
361 1.959327e-08
362 1.428846e-08
363 1.006200e-08
364 6.773837e-09
365 4.327109e-09
366 2.775072e-09
367 1.790283e-09
368 1.185603e-09
369 8.031087e-10
370 5.494307e-10
371 3.727207e-10
372 2.462679e-10
373 1.560128e-10
374 9.372398e-11
375 2.633463e-08
376 2.026177e-08
377 1.479109e-08
378 1.042810e-08
379 7.028196e-09
380 4.488887e-09
381 2.877806e-09
382 1.854426e-09
383 1.227120e-09
384 8.307604e-10
385 5.683571e-10
386 3.858417e-10
387 2.552421e-10
388 1.619098e-10
389 9.737870e-11
390 2.737698e-08
391 2.110455e-08
392 1.542573e-08
393 1.088976e-08
394 7.350049e-09
395 4.693499e-09
396 3.007080e-09
397 1.935655e-09
398 1.279363e-09
399 8.657301e-10
400 5.924074e-10
401 4.024608e-10
402 2.665914e-10
403 1.693763e-10
404 1.020912e-10
405 2.444507e-08
406 1.888986e-08
407 1.384353e-08
408 9.762498e-09
409 6.605365e-09
410 4.260934e-09
411 2.725174e-09
412 1.759506e-09
413 1.160298e-09
414 7.819582e-10
415 5.326927e-10
416 3.605296e-10
417 2.381792e-10
418 1.512735e-10
419 9.131115e-11
420 2.741023e-08
421 2.141062e-08
422 1.580659e-08
423 1.121409e-08
424 7.647642e-09
425 4.958081e-09
426 3.159153e-09
427 2.032941e-09
428 1.332120e-09
429 8.931333e-10
430 6.072380e-10
431 4.115020e-10
432 2.731718e-10
433 1.747244e-10
434 1.064387e-10
435 2.964712e-08
436 2.330602e-08
437 1.728060e-08
438 1.230189e-08
439 8.427432e-09
440 5.478423e-09
441 3.483155e-09
442 2.236854e-09
443 1.460517e-09
444 9.763026e-10
445 6.629386e-10
446 4.497519e-10
447 2.993970e-10
448 1.923606e-10
449 1.177929e-10
450 3.146318e-08
451 2.484667e-08
452 1.847991e-08
453 1.318548e-08
454 9.062440e-09
455 5.902022e-09
456 3.746220e-09
457 2.402846e-09
458 1.564924e-09
459 1.043926e-09
460 7.082112e-10
461 4.807927e-10
462 3.207313e-10
463 2.066732e-10
464 1.270007e-10
465 3.295840e-08
466 2.611388e-08
467 1.946535e-08
468 1.391411e-08
469 9.585017e-09
470 6.251068e-09
471 3.963229e-09
472 2.539463e-09
473 1.650859e-09
474 1.099461e-09
475 7.454827e-10
476 5.063547e-10
477 3.382654e-10
478 2.184668e-10
479 1.346050e-10
480 3.426886e-08
481 2.722736e-08
482 2.033221e-08
483 1.455466e-08
484 1.004400e-08
485 6.557612e-09
486 4.154212e-09
487 2.659468e-09
488 1.726492e-09
489 1.148498e-09
490 7.782880e-10
491 5.287962e-10
492 3.536881e-10
493 2.288092e-10
494 1.412723e-10
495 3.592377e-08
496 2.862789e-08
497 2.142546e-08
498 1.535968e-08
499 1.062512e-08
500 6.945664e-09
501 4.395819e-09
502 2.811420e-09
503 1.821881e-09
504 1.210214e-09
505 8.197235e-10
506 5.572530e-10
507 3.731915e-10
508 2.419256e-10
509 1.497028e-10
510 3.160725e-08
511 2.511442e-08
512 1.878897e-08
513 1.345447e-08
514 9.276590e-09
515 6.088192e-09
516 3.870927e-09
517 2.480804e-09
518 1.608951e-09
519 1.068789e-09
520 7.223409e-10
521 4.891730e-10
522 3.262493e-10
523 2.106660e-10
524 1.299871e-10
525 3.481392e-08
526 2.794572e-08
527 2.107685e-08
528 1.517402e-08
529 1.052580e-08
530 6.955761e-09
531 4.419659e-09
532 2.824948e-09
533 1.821727e-09
534 1.203753e-09
535 8.106615e-10
536 5.487553e-10
537 3.669174e-10
538 2.381847e-10
539 1.480533e-10
540 3.740588e-08
541 3.023226e-08
542 2.291876e-08
543 1.655632e-08
544 1.153183e-08
545 7.653691e-09
546 4.859146e-09
547 3.101381e-09
548 1.992553e-09
549 1.312210e-09
550 8.816520e-10
551 5.966425e-10
552 3.996615e-10
553 2.603276e-10
554 1.625809e-10
555 3.953835e-08
556 3.211666e-08
557 2.443859e-08
558 1.769793e-08
559 1.236168e-08
560 8.230115e-09
561 5.222153e-09
562 3.329191e-09
563 2.133475e-09
564 1.401412e-09
565 9.402076e-10
566 6.361547e-10
567 4.266671e-10
568 2.786210e-10
569 1.745761e-10
570 4.140666e-08
571 3.377054e-08
572 2.576936e-08
573 1.869822e-08
574 1.308819e-08
575 8.734078e-09
576 5.539683e-09
577 3.528958e-09
578 2.256763e-09
579 1.479831e-09
580 9.915462e-10
581 6.708417e-10
582 4.503774e-10
583 2.946432e-10
584 1.850506e-10
585 4.377426e-08
586 3.586111e-08
587 2.745749e-08
588 1.996536e-08
589 1.400984e-08
590 9.374624e-09
591 5.944597e-09
592 3.782986e-09
593 2.413450e-09
594 1.579121e-09
595 1.056644e-09
596 7.147122e-10
597 4.803584e-10
598 3.149436e-10
599 1.983615e-10
600 3.910458e-08
601 3.187475e-08
602 2.434991e-08
603 1.768977e-08
604 1.237213e-08
605 8.268869e-09
606 5.275645e-09
607 3.356206e-09
608 2.150356e-09
609 1.408502e-09
610 9.417581e-10
611 6.354817e-10
612 4.255695e-10
613 2.778445e-10
614 1.743613e-10
615 4.260245e-08
616 3.506976e-08
617 2.702037e-08
618 1.973991e-08
619 1.387836e-08
620 9.339779e-09
621 5.974914e-09
622 3.789959e-09
623 2.418655e-09
624 1.575861e-09
625 1.048706e-09
626 7.061736e-10
627 4.733351e-10
628 3.101900e-10
629 1.957940e-10
630 4.547338e-08
631 3.769043e-08
632 2.920832e-08
633 2.142024e-08
634 1.511144e-08
635 1.021657e-08
636 6.545821e-09
637 4.144017e-09
638 2.637806e-09
639 1.712408e-09
640 1.136099e-09
641 7.640588e-10
642 5.124828e-10
643 3.367006e-10
644 2.133885e-10
645 4.798804e-08
646 3.999298e-08
647 3.112443e-08
648 2.289565e-08
649 1.619233e-08
650 1.098528e-08
651 7.047659e-09
652 4.455133e-09
653 2.830125e-09
654 1.832349e-09
655 1.212835e-09
656 8.148311e-10
657 5.469038e-10
658 3.599220e-10
659 2.287457e-10
660 5.117338e-08
661 4.290588e-08
662 3.355885e-08
663 2.476180e-08
664 1.756347e-08
665 1.196037e-08
666 7.683970e-09
667 4.849126e-09
668 3.073887e-09
669 1.984367e-09
670 1.310108e-09
671 8.792357e-10
672 5.903223e-10
673 3.894148e-10
674 2.482618e-10
675 4.712494e-08
676 3.932820e-08
677 3.069175e-08
678 2.263416e-08
679 1.602573e-08
680 1.088779e-08
681 7.020495e-09
682 4.437259e-09
683 2.821862e-09
684 1.822965e-09
685 1.203628e-09
686 8.065697e-10
687 5.400562e-10
688 3.551345e-10
689 2.257251e-10
690 5.086128e-08
691 4.284920e-08
692 3.372651e-08
693 2.502942e-08
694 1.780517e-08
695 1.217085e-08
696 7.887845e-09
697 4.974454e-09
698 3.156397e-09
699 2.027999e-09
700 1.332088e-09
701 8.895180e-10
702 5.953756e-10
703 3.923338e-10
704 2.504730e-10
705 5.412609e-08
706 4.592757e-08
707 3.638051e-08
708 2.712096e-08
709 1.935607e-08
710 1.328897e-08
711 8.643513e-09
712 5.442903e-09
713 3.448158e-09
714 2.206564e-09
715 1.444077e-09
716 9.619896e-10
717 6.437429e-10
718 4.247908e-10
719 2.720870e-10
720 5.826723e-08
721 4.982830e-08
722 3.974424e-08
723 2.977246e-08
724 2.132537e-08
725 1.470943e-08
726 9.603439e-09
727 6.036503e-09
728 3.818056e-09
729 2.433222e-09
730 1.586053e-09
731 1.053965e-09
732 7.048385e-10
733 4.660089e-10
734 2.995654e-10
735 5.555225e-08
736 4.738371e-08
737 3.775569e-08
738 2.828664e-08
739 2.025722e-08
740 1.395418e-08
741 9.126247e-09
742 5.753823e-09
743 3.640381e-09
744 2.321432e-09
745 1.513301e-09
746 1.004481e-09
747 6.705188e-10
748 4.423800e-10
749 2.837663e-10
750 5.967685e-08
751 5.137980e-08
752 4.130301e-08
753 3.116835e-08
754 2.242807e-08
755 1.553258e-08
756 1.022351e-08
757 6.445504e-09
758 4.069223e-09
759 2.581699e-09
760 1.673930e-09
761 1.106217e-09
762 7.369918e-10
763 4.865960e-10
764 3.131882e-10
765 6.491155e-08
766 5.643722e-08
767 4.579486e-08
768 3.480805e-08
769 2.517148e-08
770 1.752917e-08
771 1.161167e-08
772 7.319563e-09
773 4.611516e-09
774 2.910733e-09
775 1.876894e-09
776 1.235003e-09
777 8.210446e-10
778 5.425436e-10
779 3.503992e-10
780 6.477722e-08
781 5.642983e-08
782 4.590748e-08
783 3.499850e-08
784 2.536395e-08
785 1.768441e-08
786 1.174844e-08
787 7.431606e-09
788 4.675967e-09
789 2.950697e-09
790 1.898345e-09
791 1.245681e-09
792 8.263405e-10
793 5.451564e-10
794 3.519174e-10
795 7.129282e-08
796 6.288472e-08
797 5.180852e-08
798 3.992083e-08
799 2.914682e-08
800 2.045995e-08
801 1.371518e-08
802 8.707448e-09
803 5.460423e-09
804 3.428207e-09
805 2.188939e-09
806 1.425830e-09
807 9.413604e-10
808 6.205297e-10
809 4.016650e-10
810 7.991236e-08
811 7.167699e-08
812 6.011942e-08
813 4.710391e-08
814 3.482038e-08
815 2.467358e-08
816 1.675236e-08
817 1.075625e-08
818 6.719428e-09
819 4.200874e-09
820 2.650987e-09
821 1.705430e-09
822 1.114903e-09
823 7.314354e-10
824 4.736252e-10
825 5.127554e-07
826 4.100405e-07
827 3.091981e-07
828 2.345996e-07
829 1.584761e-07
830 9.936949e-08
831 6.233644e-08
832 3.880333e-08
833 0.000000e+00
834 0.000000e+00
835 0.000000e+00
836 0.000000e+00
837 0.000000e+00
838 0.000000e+00
839 0.000000e+00
840 6.551828e-07
841 5.270924e-07
842 3.977525e-07
843 3.017296e-07
844 2.058692e-07
845 1.288047e-07
846 8.101912e-08
847 5.032497e-08
848 0.000000e+00
849 0.000000e+00
850 0.000000e+00
851 0.000000e+00
852 0.000000e+00
853 0.000000e+00
854 0.000000e+00
855 7.517295e-07
856 6.064273e-07
857 4.577685e-07
858 3.472113e-07
859 2.379883e-07
860 1.487527e-07
861 9.368027e-08
862 5.813409e-08
863 0.000000e+00
864 0.000000e+00
865 0.000000e+00
866 0.000000e+00
867 0.000000e+00
868 0.000000e+00
869 0.000000e+00
870 8.248574e-07
871 6.664972e-07
872 5.032104e-07
873 3.816735e-07
874 2.623205e-07
875 1.638635e-07
876 1.032725e-07
877 6.404901e-08
878 0.000000e+00
879 0.000000e+00
880 0.000000e+00
881 0.000000e+00
882 0.000000e+00
883 0.000000e+00
884 0.000000e+00
885 8.841956e-07
886 7.152655e-07
887 5.401032e-07
888 4.096373e-07
889 2.820685e-07
890 1.761275e-07
891 1.110563e-07
892 6.884958e-08
893 0.000000e+00
894 0.000000e+00
895 0.000000e+00
896 0.000000e+00
897 0.000000e+00
898 0.000000e+00
899 0.000000e+00
900 9.331160e-07
901 7.554595e-07
902 5.705077e-07
903 4.326860e-07
904 2.983429e-07
905 1.862351e-07
906 1.174720e-07
907 7.280652e-08
908 0.000000e+00
909 0.000000e+00
910 0.000000e+00
911 0.000000e+00
912 0.000000e+00
913 0.000000e+00
914 0.000000e+00
915 9.760229e-07
916 7.907185e-07
917 5.971809e-07
918 4.529059e-07
919 3.126206e-07
920 1.951012e-07
921 1.230998e-07
922 7.627736e-08
923 0.000000e+00
924 0.000000e+00
925 0.000000e+00
926 0.000000e+00
927 0.000000e+00
928 0.000000e+00
929 0.000000e+00
930 1.030347e-06
931 8.353811e-07
932 6.309753e-07
933 4.785244e-07
934 3.307090e-07
935 2.063346e-07
936 1.302301e-07
937 8.067514e-08
938 0.000000e+00
939 0.000000e+00
940 0.000000e+00
941 0.000000e+00
942 0.000000e+00
943 0.000000e+00
944 0.000000e+00
945 2.379077e-07
946 2.234458e-07
947 1.829993e-07
948 1.366962e-07
949 1.048365e-07
950 7.391703e-08
951 4.521771e-08
952 2.795631e-08
953 1.710820e-08
954 0.000000e+00
955 0.000000e+00
956 0.000000e+00
957 0.000000e+00
958 0.000000e+00
959 0.000000e+00
960 3.435989e-07
961 3.241558e-07
962 2.668036e-07
963 1.996066e-07
964 1.527766e-07
965 1.086548e-07
966 6.622896e-08
967 4.116337e-08
968 2.514418e-08
969 0.000000e+00
970 0.000000e+00
971 0.000000e+00
972 0.000000e+00
973 0.000000e+00
974 0.000000e+00
975 4.233564e-07
976 4.001436e-07
977 3.300195e-07
978 2.470558e-07
979 1.889382e-07
980 1.348491e-07
981 8.207219e-08
982 5.111936e-08
983 3.120278e-08
984 0.000000e+00
985 0.000000e+00
986 0.000000e+00
987 0.000000e+00
988 0.000000e+00
989 0.000000e+00
990 4.881074e-07
991 4.618341e-07
992 3.813405e-07
993 2.855767e-07
994 2.182955e-07
995 1.561150e-07
996 9.493430e-08
997 5.920256e-08
998 3.612144e-08
999 0.000000e+00
1000 0.000000e+00
1001 0.000000e+00
1002 0.000000e+00
1003 0.000000e+00
1004 0.000000e+00
1005 5.414524e-07
1006 5.126563e-07
1007 4.236210e-07
1008 3.173120e-07
1009 2.424814e-07
1010 1.736349e-07
1011 1.055307e-07
1012 6.586163e-08
1013 4.017366e-08
1014 0.000000e+00
1015 0.000000e+00
1016 0.000000e+00
1017 0.000000e+00
1018 0.000000e+00
1019 0.000000e+00
1020 5.882619e-07
1021 5.572520e-07
1022 4.607213e-07
1023 3.451591e-07
1024 2.637040e-07
1025 1.890080e-07
1026 1.148288e-07
1027 7.170472e-08
1028 4.372941e-08
1029 0.000000e+00
1030 0.000000e+00
1031 0.000000e+00
1032 0.000000e+00
1033 0.000000e+00
1034 0.000000e+00
1035 6.475717e-07
1036 6.137546e-07
1037 5.077276e-07
1038 3.804415e-07
1039 2.905932e-07
1040 2.084877e-07
1041 1.266095e-07
1042 7.910804e-08
1043 4.823456e-08
1044 0.000000e+00
1045 0.000000e+00
1046 0.000000e+00
1047 0.000000e+00
1048 0.000000e+00
1049 0.000000e+00
1050 1.272313e-07
1051 1.298987e-07
1052 1.176890e-07
1053 9.282236e-08
1054 6.891395e-08
1055 5.348461e-08
1056 3.459371e-08
1057 2.208974e-08
1058 1.305724e-08
1059 7.874295e-09
1060 0.000000e+00
1061 0.000000e+00
1062 0.000000e+00
1063 0.000000e+00
1064 0.000000e+00
1065 2.055768e-07
1066 2.105728e-07
1067 1.916691e-07
1068 1.518263e-07
1069 1.127169e-07
1070 8.740265e-08
1071 5.715628e-08
1072 3.623643e-08
1073 2.145365e-08
1074 1.294449e-08
1075 0.000000e+00
1076 0.000000e+00
1077 0.000000e+00
1078 0.000000e+00
1079 0.000000e+00
1080 2.684512e-07
1081 2.752886e-07
1082 2.509876e-07
1083 1.991200e-07
1084 1.478201e-07
1085 1.145887e-07
1086 7.522284e-08
1087 4.757552e-08
1088 2.817962e-08
1089 1.700630e-08
1090 0.000000e+00
1091 0.000000e+00
1092 0.000000e+00
1093 0.000000e+00
1094 0.000000e+00
1095 3.202551e-07
1096 3.286130e-07
1097 2.998649e-07
1098 2.380788e-07
1099 1.767448e-07
1100 1.369897e-07
1101 9.010833e-08
1102 5.691725e-08
1103 3.372047e-08
1104 2.035293e-08
1105 0.000000e+00
1106 0.000000e+00
1107 0.000000e+00
1108 0.000000e+00
1109 0.000000e+00
1110 3.657029e-07
1111 3.753948e-07
1112 3.427452e-07
1113 2.722626e-07
1114 2.021207e-07
1115 1.566422e-07
1116 1.031674e-07
1117 6.511282e-08
1118 3.858203e-08
1119 2.328894e-08
1120 0.000000e+00
1121 0.000000e+00
1122 0.000000e+00
1123 0.000000e+00
1124 0.000000e+00
1125 4.232816e-07
1126 4.346765e-07
1127 3.970829e-07
1128 3.155570e-07
1129 2.342768e-07
1130 1.815457e-07
1131 1.197159e-07
1132 7.549817e-08
1133 4.474259e-08
1134 2.700944e-08
1135 0.000000e+00
1136 0.000000e+00
1137 0.000000e+00
1138 0.000000e+00
1139 0.000000e+00
1140 1.367601e-07
1141 1.468672e-07
1142 1.430506e-07
1143 1.216607e-07
1144 9.179689e-08
1145 6.933567e-08
1146 5.214345e-08
1147 3.064713e-08
1148 1.951060e-08
1149 1.157328e-08
1150 6.847233e-09
1151 0.000000e+00
1152 0.000000e+00
1153 0.000000e+00
1154 0.000000e+00
1155 1.857450e-07
1156 1.996371e-07
1157 1.946918e-07
1158 1.658315e-07
1159 1.252206e-07
1160 9.452331e-08
1161 7.120394e-08
1162 4.186948e-08
1163 2.670184e-08
1164 1.582833e-08
1165 9.353040e-09
1166 0.000000e+00
1167 0.000000e+00
1168 0.000000e+00
1169 0.000000e+00
1170 2.287204e-07
1171 2.459405e-07
1172 2.399884e-07
1173 2.045754e-07
1174 1.545444e-07
1175 1.166164e-07
1176 8.792189e-08
1177 5.171314e-08
1178 3.301117e-08
1179 1.956099e-08
1180 1.155152e-08
1181 0.000000e+00
1182 0.000000e+00
1183 0.000000e+00
1184 0.000000e+00
1185 2.831797e-07
1186 3.046006e-07
1187 2.973928e-07
1188 2.536673e-07
1189 1.916940e-07
1190 1.446102e-07
1191 1.091102e-07
1192 6.418865e-08
1193 4.100899e-08
1194 2.429157e-08
1195 1.433665e-08
1196 0.000000e+00
1197 0.000000e+00
1198 0.000000e+00
1199 0.000000e+00
1200 9.739973e-08
1201 1.080022e-07
1202 1.102302e-07
1203 9.965637e-08
1204 7.832022e-08
1205 5.809484e-08
1206 4.521035e-08
1207 2.879027e-08
1208 1.846539e-08
1209 1.069242e-08
1210 6.269966e-09
1211 0.000000e+00
1212 0.000000e+00
1213 0.000000e+00
1214 0.000000e+00
1215 1.375186e-07
1216 1.525834e-07
1217 1.558744e-07
1218 1.411070e-07
1219 1.110209e-07
1220 8.234125e-08
1221 6.407242e-08
1222 4.092897e-08
1223 2.620257e-08
1224 1.517064e-08
1225 8.901845e-09
1226 0.000000e+00
1227 0.000000e+00
1228 0.000000e+00
1229 0.000000e+00
1230 1.883610e-07
1231 2.090828e-07
1232 2.137219e-07
1233 1.936343e-07
1234 1.524625e-07
1235 1.130669e-07
1236 8.797627e-08
1237 5.630885e-08
1238 3.600725e-08
1239 2.084553e-08
1240 1.223700e-08
1241 0.000000e+00
1242 0.000000e+00
1243 0.000000e+00
1244 0.000000e+00
1245 7.513393e-08
1246 8.530500e-08
1247 9.006973e-08
1248 8.546667e-08
1249 7.041164e-08
1250 5.242392e-08
1251 4.019763e-08
1252 2.874873e-08
1253 1.703238e-08
1254 1.018633e-08
1255 5.991719e-09
1256 0.000000e+00
1257 0.000000e+00
1258 0.000000e+00
1259 0.000000e+00
1260 1.222433e-07
1261 1.388722e-07
1262 1.467498e-07
1263 1.394194e-07
1264 1.150154e-07
1265 8.566734e-08
1266 6.564727e-08
1267 4.707519e-08
1268 2.784214e-08
1269 1.668844e-08
1270 9.810423e-09
1271 0.000000e+00
1272 0.000000e+00
1273 0.000000e+00
1274 0.000000e+00
1275 7.540793e-08
1276 8.721753e-08
1277 9.451570e-08
1278 9.316737e-08
1279 8.031184e-08
1280 6.095217e-08
1281 4.578918e-08
1282 3.501745e-08
1283 2.040406e-08
1284 1.312191e-08
1285 7.582336e-09
1286 4.259981e-09
1287 0.000000e+00
1288 0.000000e+00
1289 0.000000e+00
1290 4.052958e-08
1291 4.757531e-08
1292 5.261569e-08
1293 5.343254e-08
1294 4.791958e-08
1295 3.737093e-08
1296 2.774182e-08
1297 2.163237e-08
1298 1.340146e-08
1299 8.675776e-09
1300 4.938920e-09
1301 2.784120e-09
1302 0.000000e+00
1303 0.000000e+00
1304 0.000000e+00
1305 3.939910e-05
1306 3.178144e-05
1307 2.392332e-05
1308 1.820866e-05
1309 1.249256e-05
1310 7.785587e-06
1311 4.896469e-06
1312 3.040061e-06
1313 0.000000e+00
1314 0.000000e+00
1315 0.000000e+00
1316 0.000000e+00
1317 0.000000e+00
1318 0.000000e+00
1319 0.000000e+00
1320 2.252150e-05
1321 2.138096e-05
1322 1.769307e-05
1323 1.323397e-05
1324 1.011360e-05
1325 7.288611e-06
1326 4.395883e-06
1327 2.740821e-06
1328 1.674811e-06
1329 0.000000e+00
1330 0.000000e+00
1331 0.000000e+00
1332 0.000000e+00
1333 0.000000e+00
1334 0.000000e+00
1335 1.469401e-05
1336 1.510863e-05
1337 1.381895e-05
1338 1.098471e-05
1339 8.146310e-06
1340 6.322060e-06
1341 4.170943e-06
1342 2.635732e-06
1343 1.555798e-06
1344 9.409062e-07
1345 0.000000e+00
1346 0.000000e+00
1347 0.000000e+00
1348 0.000000e+00
1349 0.000000e+00
1350 1.001271e-05
1351 1.077996e-05
1352 1.053776e-05
1353 8.998163e-06
1354 6.798783e-06
1355 5.125364e-06
1356 3.879865e-06
1357 2.272273e-06
1358 1.456731e-06
1359 8.626010e-07
1360 5.081437e-07
1361 0.000000e+00
1362 0.000000e+00
1363 0.000000e+00
1364 0.000000e+00
1365 7.094271e-06
1366 7.880885e-06
1367 8.064500e-06
1368 7.316241e-06
1369 5.764482e-06
1370 4.272489e-06
1371 3.327188e-06
1372 2.132564e-06
1373 1.365141e-06
1374 7.889447e-07
1375 4.636886e-07
1376 0.000000e+00
1377 0.000000e+00
1378 0.000000e+00
1379 0.000000e+00
1380 5.188808e-06
1381 5.898934e-06
1382 6.239842e-06
1383 5.936376e-06
1384 4.903454e-06
1385 3.652269e-06
1386 2.797318e-06
1387 2.012859e-06
1388 1.186592e-06
1389 7.117001e-07
1390 4.182496e-07
1391 0.000000e+00
1392 0.000000e+00
1393 0.000000e+00
1394 0.000000e+00
1395 3.885948e-06
1396 4.497725e-06
1397 4.878911e-06
1398 4.816153e-06
1399 4.158499e-06
1400 3.158240e-06
1401 2.370716e-06
1402 1.817183e-06
1403 1.058148e-06
1404 6.827548e-07
1405 3.943673e-07
1406 2.209224e-07
1407 0.000000e+00
1408 0.000000e+00
1409 0.000000e+00
1410 2.701083e-06
1411 3.173394e-06
1412 3.513728e-06
1413 3.574363e-06
1414 3.212827e-06
1415 2.509688e-06
1416 1.861964e-06
1417 1.452813e-06
1418 9.038467e-07
1419 5.847415e-07
1420 3.325155e-07
1421 1.877575e-07
1422 0.000000e+00
1423 0.000000e+00
1424 0.000000e+00
1425 1.550948e-06
1426 1.849215e-06
1427 2.088749e-06
1428 2.186840e-06
1429 2.047757e-06
1430 1.661779e-06
1431 1.232488e-06
1432 9.525192e-07
1433 6.577020e-07
1434 3.967226e-07
1435 2.282133e-07
1436 1.315833e-07
1437 0.000000e+00
1438 0.000000e+00
1439 0.000000e+00
1440 6.870307e-07
1441 8.306604e-07
1442 9.558522e-07
1443 1.027391e-06
1444 9.997675e-07
1445 8.475216e-07
1446 6.374762e-07
1447 4.825802e-07
1448 3.621029e-07
1449 2.083430e-07
1450 1.293836e-07
1451 7.359643e-08
1452 4.045977e-08
1453 0.000000e+00
1454 0.000000e+00
1455 1.227190e-06
1456 9.973594e-07
1457 7.535862e-07
1458 5.715071e-07
1459 3.963669e-07
1460 2.471142e-07
1461 1.561153e-07
1462 9.664030e-08
1463 0.000000e+00
1464 0.000000e+00
1465 0.000000e+00
1466 0.000000e+00
1467 0.000000e+00
1468 0.000000e+00
1469 0.000000e+00
1470 8.624878e-07
1471 8.186704e-07
1472 6.782779e-07
1473 5.084838e-07
1474 3.881865e-07
1475 2.791761e-07
1476 1.693692e-07
1477 1.059837e-07
1478 6.458701e-08
1479 0.000000e+00
1480 0.000000e+00
1481 0.000000e+00
1482 0.000000e+00
1483 0.000000e+00
1484 0.000000e+00
1485 6.320865e-07
1486 6.497531e-07
1487 5.942856e-07
1488 4.728105e-07
1489 3.510058e-07
1490 2.719498e-07
1491 1.797936e-07
1492 1.132072e-07
1493 6.710579e-08
1494 4.051441e-08
1495 0.000000e+00
1496 0.000000e+00
1497 0.000000e+00
1498 0.000000e+00
1499 0.000000e+00
1500 4.807256e-07
1501 5.175152e-07
1502 5.057796e-07
1503 4.319367e-07
1504 3.265953e-07
1505 2.462662e-07
1506 1.860396e-07
1507 1.094858e-07
1508 7.003963e-08
1509 4.146723e-08
1510 2.445094e-08
1511 0.000000e+00
1512 0.000000e+00
1513 0.000000e+00
1514 0.000000e+00
1515 3.729125e-07
1516 4.142370e-07
1517 4.237952e-07
1518 3.844061e-07
1519 3.029645e-07
1520 2.246653e-07
1521 1.747907e-07
1522 1.121670e-07
1523 7.161494e-08
1524 4.145536e-08
1525 2.434957e-08
1526 0.000000e+00
1527 0.000000e+00
1528 0.000000e+00
1529 0.000000e+00
1530 2.934102e-07
1531 3.335643e-07
1532 3.527837e-07
1533 3.355334e-07
1534 2.771398e-07
1535 2.065006e-07
1536 1.581525e-07
1537 1.136784e-07
1538 6.713360e-08
1539 4.032019e-08
1540 2.368949e-08
1541 0.000000e+00
1542 0.000000e+00
1543 0.000000e+00
1544 0.000000e+00
1545 2.334314e-07
1546 2.701925e-07
1547 2.930590e-07
1548 2.892220e-07
1549 2.496867e-07
1550 1.896656e-07
1551 1.424024e-07
1552 1.090398e-07
1553 6.361639e-08
1554 4.097689e-08
1555 2.366636e-08
1556 1.328142e-08
1557 0.000000e+00
1558 0.000000e+00
1559 0.000000e+00
1560 1.850471e-07
1561 2.174387e-07
1562 2.407704e-07
1563 2.449237e-07
1564 2.201609e-07
1565 1.720223e-07
1566 1.276525e-07
1567 9.954821e-08
1568 6.200402e-08
1569 4.003974e-08
1570 2.277604e-08
1571 1.286648e-08
1572 0.000000e+00
1573 0.000000e+00
1574 0.000000e+00
1575 1.390479e-07
1576 1.658189e-07
1577 1.873094e-07
1578 1.961104e-07
1579 1.836453e-07
1580 1.490603e-07
1581 1.105822e-07
1582 8.544236e-08
1583 5.900251e-08
1584 3.558838e-08
1585 2.050435e-08
1586 1.181298e-08
1587 0.000000e+00
1588 0.000000e+00
1589 0.000000e+00
1590 9.485570e-08
1591 1.148668e-07
1592 1.324338e-07
1593 1.427207e-07
1594 1.394287e-07
1595 1.188117e-07
1596 8.965019e-08
1597 6.772490e-08
1598 5.105235e-08
1599 2.952003e-08
1600 1.845860e-08
1601 1.048669e-08
1602 5.742312e-09
1603 0.000000e+00
1604 0.000000e+00
1605 7.061676e-09
1606 4.999093e-09
1607 3.403862e-09
1608 2.212948e-09
1609 1.430085e-09
1610 9.379254e-10
1611 6.291849e-10
1612 4.313228e-10
1613 2.984315e-10
1614 2.044817e-10
1615 1.362240e-10
1616 8.700529e-11
1617 5.270247e-11
1618 3.011710e-11
1619 1.628153e-11
1620 1.968670e-08
1621 1.463424e-08
1622 1.046939e-08
1623 7.209260e-09
1624 4.679843e-09
1625 2.991875e-09
1626 1.931273e-09
1627 1.273536e-09
1628 8.612970e-10
1629 5.924063e-10
1630 4.068137e-10
1631 2.735235e-10
1632 1.771540e-10
1633 1.089624e-10
1634 6.317905e-11
1635 3.116712e-08
1636 2.416597e-08
1637 1.773065e-08
1638 1.256765e-08
1639 8.519973e-09
1640 5.436660e-09
1641 3.478175e-09
1642 2.230424e-09
1643 1.469658e-09
1644 9.926382e-10
1645 6.795103e-10
1646 4.626964e-10
1647 3.077463e-10
1648 1.965112e-10
1649 1.190436e-10
1650 4.195691e-08
1651 3.374643e-08
1652 2.540666e-08
1653 1.829723e-08
1654 1.273276e-08
1655 8.351607e-09
1656 5.270489e-09
1657 3.362586e-09
1658 2.168811e-09
1659 1.434861e-09
1660 9.703001e-10
1661 6.606105e-10
1662 4.440870e-10
1663 2.895548e-10
1664 1.803609e-10
1665 5.238215e-08
1666 4.346169e-08
1667 3.358066e-08
1668 2.456421e-08
1669 1.735382e-08
1670 1.169463e-08
1671 7.406723e-09
1672 4.702327e-09
1673 2.981556e-09
1674 1.939683e-09
1675 1.293048e-09
1676 8.741470e-10
1677 5.892736e-10
1678 3.886810e-10
1679 2.467444e-10
1680 6.274708e-08
1681 5.348117e-08
1682 4.237977e-08
1683 3.153795e-08
1684 2.253470e-08
1685 1.549342e-08
1686 9.989359e-09
1687 6.278716e-09
1688 3.958297e-09
1689 2.535823e-09
1690 1.663060e-09
1691 1.112760e-09
1692 7.482730e-10
1693 4.963054e-10
1694 3.191921e-10
1695 7.330812e-08
1696 6.399288e-08
1697 5.194886e-08
1698 3.939775e-08
1699 2.846503e-08
1700 1.985592e-08
1701 1.308132e-08
1702 8.189991e-09
1703 5.159545e-09
1704 3.255399e-09
1705 2.101459e-09
1706 1.387594e-09
1707 9.268032e-10
1708 6.154640e-10
1709 3.990557e-10
1710 8.388976e-08
1711 7.479901e-08
1712 6.210290e-08
1713 4.802507e-08
1714 3.513048e-08
1715 2.477318e-08
1716 1.664400e-08
1717 1.049238e-08
1718 6.578819e-09
1719 4.104483e-09
1720 2.614176e-09
1721 1.702280e-09
1722 1.126184e-09
1723 7.455925e-10
1724 4.854216e-10
1725 9.493679e-08
1726 8.632011e-08
1727 7.322984e-08
1728 5.779019e-08
1729 4.287301e-08
1730 3.052578e-08
1731 2.085090e-08
1732 1.334219e-08
1733 8.309904e-09
1734 5.162795e-09
1735 3.243697e-09
1736 2.079428e-09
1737 1.359104e-09
1738 8.939787e-10
1739 5.821807e-10
1740 1.119919e-07
1741 1.045157e-07
1742 9.133722e-08
1743 7.428768e-08
1744 5.646093e-08
1745 4.082058e-08
1746 2.841181e-08
1747 1.868233e-08
1748 1.162983e-08
1749 7.210253e-09
1750 4.447448e-09
1751 2.788754e-09
1752 1.782990e-09
1753 1.154557e-09
1754 7.468620e-10
1755 2.106856e-07
1756 2.157991e-07
1757 2.101319e-07
1758 1.926370e-07
1759 1.648644e-07
1760 1.311504e-07
1761 9.771107e-08
1762 6.954276e-08
1763 4.747848e-08
1764 3.014836e-08
1765 1.821900e-08
1766 1.082788e-08
1767 6.354447e-09
1768 3.726892e-09
1769 2.204503e-09
