0 2.323701e-09
1 1.573370e-09
2 1.033577e-09
3 6.766789e-10
4 4.496504e-10
5 3.046836e-10
6 2.096160e-10
7 1.442510e-10
8 9.746401e-11
9 6.353582e-11
10 3.942082e-11
11 2.307877e-11
12 1.271678e-11
13 6.625755e-12
14 3.313044e-12
15 3.729647e-09
16 2.576730e-09
17 1.712199e-09
18 1.113701e-09
19 7.308941e-10
20 4.879467e-10
21 3.326131e-10
22 2.291638e-10
23 1.567983e-10
24 1.045189e-10
25 6.680486e-11
26 4.043955e-11
27 2.303770e-11
28 1.234918e-11
29 6.291356e-12
30 4.240636e-09
31 2.946623e-09
32 1.967941e-09
33 1.280021e-09
34 8.372286e-10
35 5.566173e-10
36 3.780525e-10
37 2.601491e-10
38 1.783829e-10
39 1.195468e-10
40 7.698612e-11
41 4.703258e-11
42 2.705684e-11
43 1.463427e-11
44 7.505413e-12
45 4.535357e-09
46 3.159879e-09
47 2.115401e-09
48 1.376001e-09
49 8.986175e-10
50 5.962581e-10
51 4.042608e-10
52 2.780537e-10
53 1.908556e-10
54 1.282150e-10
55 8.285852e-11
56 5.083508e-11
57 2.937444e-11
58 1.595314e-11
59 8.206245e-12
60 4.741075e-09
61 3.309094e-09
62 2.218580e-09
63 1.443070e-09
64 9.414711e-10
65 6.239436e-10
66 4.225572e-10
67 2.905437e-10
68 1.995511e-10
69 1.342706e-10
70 8.696411e-11
71 5.349589e-11
72 3.099529e-11
73 1.687357e-11
74 8.695504e-12
75 4.900240e-09
76 3.424061e-09
77 2.298084e-09
78 1.494804e-09
79 9.745763e-10
80 6.453379e-10
81 4.367219e-10
82 3.002029e-10
83 2.062775e-10
84 1.389471e-10
85 9.013416e-11
86 5.554712e-11
87 3.224611e-11
88 1.758572e-11
89 9.073774e-12
90 5.031697e-09
91 3.519222e-09
92 2.364122e-09
93 1.537653e-09
94 1.001961e-09
95 6.630237e-10
96 4.484318e-10
97 3.082012e-10
98 2.118501e-10
99 1.428132e-10
100 9.276014e-11
101 5.724483e-11
102 3.327988e-11
103 1.817376e-11
104 9.386531e-12
105 5.148879e-09
106 3.604183e-09
107 2.422712e-09
108 1.575780e-09
109 1.026309e-09
110 6.787809e-10
111 4.588445e-10
112 3.153061e-10
113 2.167946e-10
114 1.462617e-10
115 9.509395e-11
116 5.875777e-11
117 3.420228e-11
118 1.869811e-11
119 9.665128e-12
120 5.264452e-09
121 3.687285e-09
122 2.479700e-09
123 1.612808e-09
124 1.050037e-09
125 6.940702e-10
126 4.690180e-10
127 3.222091e-10
128 2.216108e-10
129 1.496085e-10
130 9.736277e-11
131 6.022573e-11
132 3.509676e-11
133 1.920716e-11
134 9.935891e-12
135 5.401479e-09
136 3.787038e-09
137 2.549186e-09
138 1.657987e-09
139 1.078910e-09
140 7.126858e-10
141 4.812752e-10
142 3.306273e-10
143 2.274649e-10
144 1.536826e-10
145 1.001240e-10
146 6.201485e-11
147 3.618721e-11
148 1.982790e-11
149 1.026543e-11
150 7.231954e-09
151 5.145230e-09
152 3.521228e-09
153 2.306932e-09
154 1.491694e-09
155 9.760466e-10
156 6.513799e-10
157 4.442933e-10
158 3.057465e-10
159 2.084309e-10
160 1.380253e-10
161 8.737351e-11
162 5.226123e-11
163 2.935925e-11
164 1.551791e-11
165 8.983988e-09
166 6.455755e-09
167 4.472397e-09
168 2.960477e-09
169 1.909019e-09
170 1.242268e-09
171 8.214018e-10
172 5.560208e-10
173 3.817829e-10
174 2.612492e-10
175 1.747117e-10
176 1.122089e-10
177 6.832265e-11
178 3.909677e-11
179 2.103016e-11
180 1.003684e-08
181 7.249209e-09
182 5.047243e-09
183 3.358329e-09
184 2.164505e-09
185 1.404881e-09
186 9.251415e-10
187 6.240121e-10
188 4.278050e-10
189 2.931942e-10
190 1.968913e-10
191 1.272703e-10
192 7.807767e-11
193 4.505671e-11
194 2.442270e-11
195 1.077588e-08
196 7.804213e-09
197 5.450808e-09
198 3.636482e-09
199 2.343602e-09
200 1.518807e-09
201 9.978580e-10
202 6.716073e-10
203 4.600360e-10
204 3.155766e-10
205 2.124155e-10
206 1.377753e-10
207 8.491190e-11
208 4.923185e-11
209 2.679938e-11
210 1.134501e-08
211 8.231450e-09
212 5.760648e-09
213 3.851174e-09
214 2.481526e-09
215 1.606311e-09
216 1.053862e-09
217 7.082829e-10
218 4.849396e-10
219 3.328152e-10
220 2.244056e-10
221 1.459126e-10
222 9.017989e-11
223 5.244833e-11
224 2.862885e-11
225 1.181550e-08
226 8.585813e-09
227 6.018204e-09
228 4.029316e-09
229 2.595625e-09
230 1.679133e-09
231 1.100289e-09
232 7.387163e-10
233 5.054782e-10
234 3.470694e-10
235 2.343064e-10
236 1.526443e-10
237 9.454381e-11
238 5.511550e-11
239 3.014929e-11
240 1.223692e-08
241 8.901829e-09
242 6.248507e-09
243 4.187448e-09
244 2.697170e-09
245 1.743555e-09
246 1.141486e-09
247 7.658444e-10
248 5.238677e-10
249 3.598181e-10
250 2.431596e-10
251 1.586376e-10
252 9.842406e-11
253 5.748325e-11
254 3.149389e-11
255 1.264601e-08
256 9.210340e-09
257 6.471441e-09
258 4.342257e-09
259 2.796689e-09
260 1.806949e-09
261 1.181845e-09
262 7.922568e-10
263 5.417461e-10
264 3.721900e-10
265 2.517779e-10
266 1.644652e-10
267 1.022177e-10
268 5.980285e-11
269 3.281584e-11
270 1.313729e-08
271 9.581951e-09
272 6.740704e-09
273 4.528542e-09
274 2.916401e-09
275 1.883053e-09
276 1.230361e-09
277 8.241818e-10
278 5.632589e-10
279 3.871332e-10
280 2.621757e-10
281 1.715086e-10
282 1.067774e-10
283 6.259174e-11
284 3.440226e-11
285 1.196618e-08
286 8.738449e-09
287 6.149310e-09
288 4.149957e-09
289 2.685286e-09
290 1.733801e-09
291 1.132897e-09
292 7.569079e-10
293 5.157118e-10
294 3.533477e-10
295 2.387687e-10
296 1.561835e-10
297 9.739152e-11
298 5.729688e-11
299 3.167109e-11
300 1.396885e-08
301 1.029695e-08
302 7.301393e-09
303 4.976158e-09
304 3.237426e-09
305 2.081684e-09
306 1.353652e-09
307 8.979628e-10
308 6.085746e-10
309 4.166187e-10
310 2.826078e-10
311 1.863333e-10
312 1.175426e-10
313 7.008782e-11
314 3.928403e-11
315 1.539729e-08
316 1.141100e-08
317 8.126281e-09
318 5.567968e-09
319 3.634659e-09
320 2.332137e-09
321 1.512723e-09
322 9.994349e-10
323 6.754112e-10
324 4.619618e-10
325 3.139933e-10
326 2.079388e-10
327 1.319737e-10
328 7.927637e-11
329 4.476958e-11
330 1.650101e-08
331 1.227259e-08
332 8.764101e-09
333 6.025921e-09
334 3.941324e-09
335 2.525737e-09
336 1.635512e-09
337 1.077795e-09
338 7.268904e-10
339 4.970060e-10
340 3.382337e-10
341 2.246888e-10
342 1.431153e-10
343 8.637370e-11
344 4.901408e-11
345 1.741265e-08
346 1.298528e-08
347 9.291318e-09
348 6.403733e-09
349 4.195459e-09
350 2.685763e-09
351 1.737048e-09
352 1.142525e-09
353 7.695454e-10
354 5.259710e-10
355 3.582881e-10
356 2.384290e-10
357 1.523419e-10
358 9.224237e-11
359 5.251489e-11
360 1.822720e-08
361 1.361868e-08
362 9.760202e-09
363 6.740052e-09
364 4.421492e-09
365 2.828107e-09
366 1.827460e-09
367 1.200141e-09
368 8.074387e-10
369 5.517566e-10
370 3.761200e-10
371 2.507140e-10
372 1.605558e-10
373 9.746561e-11
374 5.563471e-11
375 1.901666e-08
376 1.423565e-08
377 1.021651e-08
378 7.067760e-09
379 4.640821e-09
380 2.967107e-09
381 1.915447e-09
382 1.256079e-09
383 8.442813e-10
384 5.767698e-10
385 3.934646e-10
386 2.626401e-10
387 1.685326e-10
388 1.025400e-10
389 5.866498e-11
390 1.997383e-08
391 1.498102e-08
392 1.076945e-08
393 7.464472e-09
394 4.907661e-09
395 3.134539e-09
396 2.022128e-09
397 1.324096e-09
398 8.890897e-10
399 6.072070e-10
400 4.145093e-10
401 2.771447e-10
402 1.782041e-10
403 1.086917e-10
404 6.234762e-11
405 1.694041e-08
406 1.267153e-08
407 9.079657e-09
408 6.268435e-09
409 4.127940e-09
410 2.644688e-09
411 1.710885e-09
412 1.123027e-09
413 7.544190e-10
414 5.143898e-10
415 3.498600e-10
416 2.327729e-10
417 1.489384e-10
418 9.044598e-11
419 5.172244e-11
420 1.919384e-08
421 1.449532e-08
422 1.045529e-08
423 7.271020e-09
424 4.827801e-09
425 3.092129e-09
426 1.993302e-09
427 1.300411e-09
428 8.688281e-10
429 5.904646e-10
430 4.019037e-10
431 2.686350e-10
432 1.732466e-10
433 1.063014e-10
434 6.150269e-11
435 2.095098e-08
436 1.591866e-08
437 1.153150e-08
438 8.054898e-09
439 5.374328e-09
440 3.442212e-09
441 2.214140e-09
442 1.439319e-09
443 9.581070e-10
444 6.498828e-10
445 4.425071e-10
446 2.967050e-10
447 1.922415e-10
448 1.187023e-10
449 6.916146e-11
450 2.239967e-08
451 1.709556e-08
452 1.241927e-08
453 8.702310e-09
454 5.826870e-09
455 3.731510e-09
456 2.396998e-09
457 1.554157e-09
458 1.032145e-09
459 6.990362e-10
460 4.760955e-10
461 3.198136e-10
462 2.079465e-10
463 1.289453e-10
464 7.549442e-11
465 2.369774e-08
466 1.814625e-08
467 1.321020e-08
468 9.280017e-09
469 6.229040e-09
470 3.989373e-09
471 2.559560e-09
472 1.656427e-09
473 1.097810e-09
474 7.428153e-10
475 5.060018e-10
476 3.404110e-10
477 2.219267e-10
478 1.380824e-10
479 8.111506e-11
480 2.494946e-08
481 1.916158e-08
482 1.397858e-08
483 9.839089e-09
484 6.619046e-09
485 4.239631e-09
486 2.717390e-09
487 1.755311e-09
488 1.161583e-09
489 7.852088e-10
490 5.349734e-10
491 3.603963e-10
492 2.354756e-10
493 1.469325e-10
494 8.658832e-11
495 2.647170e-08
496 2.039652e-08
497 1.491229e-08
498 1.051887e-08
499 7.094594e-09
500 4.543778e-09
501 2.909207e-09
502 1.876035e-09
503 1.239247e-09
504 8.368105e-10
505 5.702982e-10
506 3.847380e-10
507 2.519831e-10
508 1.576869e-10
509 9.323553e-11
510 2.231509e-08
511 1.709537e-08
512 1.245190e-08
513 8.738163e-09
514 5.872399e-09
515 3.775072e-09
516 2.421521e-09
517 1.568556e-09
518 1.039168e-09
519 7.019982e-10
520 4.773015e-10
521 3.204502e-10
522 2.085955e-10
523 1.296926e-10
524 7.622460e-11
525 2.485181e-08
526 1.922845e-08
527 1.410303e-08
528 9.953022e-09
529 6.739932e-09
530 4.349818e-09
531 2.780798e-09
532 1.794318e-09
533 1.181823e-09
534 7.948629e-10
535 5.397416e-10
536 3.633183e-10
537 2.377937e-10
538 1.490609e-10
539 8.849278e-11
540 2.695176e-08
541 2.099633e-08
542 1.547205e-08
543 1.096336e-08
544 7.462297e-09
545 4.827388e-09
546 3.079462e-09
547 1.981936e-09
548 1.300631e-09
549 8.720069e-10
550 5.915897e-10
551 3.987871e-10
552 2.620227e-10
553 1.651344e-10
554 9.865453e-11
555 2.882902e-08
556 2.257329e-08
557 1.669268e-08
558 1.186258e-08
559 8.104676e-09
560 5.252709e-09
561 3.345419e-09
562 2.149149e-09
563 1.405968e-09
564 9.407373e-10
565 6.377546e-10
566 4.303897e-10
567 2.835947e-10
568 1.794621e-10
569 1.077223e-10
570 3.064305e-08
571 2.410142e-08
572 1.787417e-08
573 1.273493e-08
574 8.726689e-09
575 5.665585e-09
576 3.603243e-09
577 2.311069e-09
578 1.508277e-09
579 1.007217e-09
580 6.825239e-10
581 4.610783e-10
582 3.045228e-10
583 1.933515e-10
584 1.165200e-10
585 3.284789e-08
586 2.595727e-08
587 1.931264e-08
588 1.379182e-08
589 9.482908e-09
590 6.166461e-09
591 3.916997e-09
592 2.508328e-09
593 1.632746e-09
594 1.088206e-09
595 7.369167e-10
596 4.983086e-10
597 3.299325e-10
598 2.102048e-10
599 1.272051e-10
600 2.822454e-08
601 2.214693e-08
602 1.641426e-08
603 1.167266e-08
604 7.984276e-09
605 5.196436e-09
606 3.309786e-09
607 2.127451e-09
608 1.389535e-09
609 9.278987e-10
610 6.279061e-10
611 4.232242e-10
612 2.786880e-10
613 1.764455e-10
614 1.061096e-10
615 3.111718e-08
616 2.466666e-08
617 1.841863e-08
618 1.317198e-08
619 9.069502e-09
620 5.939765e-09
621 3.776570e-09
622 2.421024e-09
623 1.572260e-09
624 1.044457e-09
625 7.047799e-10
626 4.752396e-10
627 3.141777e-10
628 2.002255e-10
629 1.214364e-10
630 3.369501e-08
631 2.690776e-08
632 2.020538e-08
633 1.450695e-08
634 1.003619e-08
635 6.602129e-09
636 4.192484e-09
637 2.682693e-09
638 1.734718e-09
639 1.148293e-09
640 7.733112e-10
641 5.216199e-10
642 3.458064e-10
643 2.214366e-10
644 1.351190e-10
645 3.618764e-08
646 2.908218e-08
647 2.193751e-08
648 1.580049e-08
649 1.097174e-08
650 7.244185e-09
651 4.595799e-09
652 2.936428e-09
653 1.892310e-09
654 1.248784e-09
655 8.396714e-10
656 5.665544e-10
657 3.764294e-10
658 2.419449e-10
659 1.483804e-10
660 3.922275e-08
661 3.172640e-08
662 2.404611e-08
663 1.737375e-08
664 1.211138e-08
665 8.025315e-09
666 5.085813e-09
667 3.244944e-09
668 2.084318e-09
669 1.371361e-09
670 9.204869e-10
671 6.212866e-10
672 4.137881e-10
673 2.669720e-10
674 1.645116e-10
675 3.488433e-08
676 2.804092e-08
677 2.117622e-08
678 1.526054e-08
679 1.059442e-08
680 7.009928e-09
681 4.459093e-09
682 2.848356e-09
683 1.835973e-09
684 1.210557e-09
685 8.125708e-10
686 5.473292e-10
687 3.631413e-10
688 2.331693e-10
689 1.429582e-10
690 3.832922e-08
691 3.113948e-08
692 2.372278e-08
693 1.719895e-08
694 1.201111e-08
695 8.006834e-09
696 5.100910e-09
697 3.248482e-09
698 2.083099e-09
699 1.365873e-09
700 9.129488e-10
701 6.141844e-10
702 4.084092e-10
703 2.636551e-10
704 1.629124e-10
705 4.166405e-08
706 3.413731e-08
707 2.619015e-08
708 1.907610e-08
709 1.338140e-08
710 8.972619e-09
711 5.721483e-09
712 3.635494e-09
713 2.322400e-09
714 1.516257e-09
715 1.010011e-09
716 6.789114e-10
717 4.522172e-10
718 2.931767e-10
719 1.822180e-10
720 4.572112e-08
721 3.779422e-08
722 2.919307e-08
723 2.135865e-08
724 1.505062e-08
725 1.014693e-08
726 6.477107e-09
727 4.106316e-09
728 2.613561e-09
729 1.699032e-09
730 1.128322e-09
731 7.577268e-10
732 5.056416e-10
733 3.290760e-10
734 2.057107e-10
735 4.279374e-08
736 3.527681e-08
737 2.722168e-08
738 1.991347e-08
739 1.401205e-08
740 9.439052e-09
741 6.048230e-09
742 3.834735e-09
743 2.446742e-09
744 1.590952e-09
745 1.055766e-09
746 7.077684e-10
747 4.711711e-10
748 3.058997e-10
749 1.907689e-10
750 4.722124e-08
751 3.938827e-08
752 3.071851e-08
753 2.264120e-08
754 1.602517e-08
755 1.088339e-08
756 7.010099e-09
757 4.430701e-09
758 2.816922e-09
759 1.819389e-09
760 1.200059e-09
761 8.020146e-10
762 5.341453e-10
763 3.481630e-10
764 2.186924e-10
765 5.260570e-08
766 4.439485e-08
767 3.497254e-08
768 2.595765e-08
769 1.847569e-08
770 1.263966e-08
771 8.178536e-09
772 5.155010e-09
773 3.266644e-09
774 2.097155e-09
775 1.375732e-09
776 9.166267e-10
777 6.107980e-10
778 3.996318e-10
779 2.526983e-10
780 5.306257e-08
781 4.498284e-08
782 3.562773e-08
783 2.657555e-08
784 1.896969e-08
785 1.301880e-08
786 8.478640e-09
787 5.346697e-09
788 3.387282e-09
789 2.166461e-09
790 1.415372e-09
791 9.395737e-10
792 6.245894e-10
793 4.084705e-10
794 2.586244e-10
795 6.033395e-08
796 5.198672e-08
797 4.181171e-08
798 3.155818e-08
799 2.271367e-08
800 1.573824e-08
801 1.035751e-08
802 6.527419e-09
803 4.120108e-09
804 2.612403e-09
805 1.691430e-09
806 1.115082e-09
807 7.394457e-10
808 4.847934e-10
809 3.090927e-10
810 7.089276e-08
811 6.254417e-08
812 5.155277e-08
813 3.975865e-08
814 2.905284e-08
815 2.040081e-08
816 1.368470e-08
817 8.703688e-09
818 5.457904e-09
819 3.426706e-09
820 2.184426e-09
821 1.418598e-09
822 9.318874e-10
823 6.097948e-10
824 3.910323e-10
825 0.000000e+00
826 0.000000e+00
827 0.000000e+00
828 0.000000e+00
829 0.000000e+00
830 0.000000e+00
831 0.000000e+00
832 0.000000e+00
833 0.000000e+00
834 0.000000e+00
835 0.000000e+00
836 0.000000e+00
837 0.000000e+00
838 0.000000e+00
839 0.000000e+00
840 0.000000e+00
841 0.000000e+00
842 0.000000e+00
843 0.000000e+00
844 0.000000e+00
845 0.000000e+00
846 0.000000e+00
847 0.000000e+00
848 0.000000e+00
849 0.000000e+00
850 0.000000e+00
851 0.000000e+00
852 0.000000e+00
853 0.000000e+00
854 0.000000e+00
855 0.000000e+00
856 0.000000e+00
857 0.000000e+00
858 0.000000e+00
859 0.000000e+00
860 0.000000e+00
861 0.000000e+00
862 0.000000e+00
863 0.000000e+00
864 0.000000e+00
865 0.000000e+00
866 0.000000e+00
867 0.000000e+00
868 0.000000e+00
869 0.000000e+00
870 0.000000e+00
871 0.000000e+00
872 0.000000e+00
873 0.000000e+00
874 0.000000e+00
875 0.000000e+00
876 0.000000e+00
877 0.000000e+00
878 0.000000e+00
879 0.000000e+00
880 0.000000e+00
881 0.000000e+00
882 0.000000e+00
883 0.000000e+00
884 0.000000e+00
885 0.000000e+00
886 0.000000e+00
887 0.000000e+00
888 0.000000e+00
889 0.000000e+00
890 0.000000e+00
891 0.000000e+00
892 0.000000e+00
893 0.000000e+00
894 0.000000e+00
895 0.000000e+00
896 0.000000e+00
897 0.000000e+00
898 0.000000e+00
899 0.000000e+00
900 0.000000e+00
901 0.000000e+00
902 0.000000e+00
903 0.000000e+00
904 0.000000e+00
905 0.000000e+00
906 0.000000e+00
907 0.000000e+00
908 0.000000e+00
909 0.000000e+00
910 0.000000e+00
911 0.000000e+00
912 0.000000e+00
913 0.000000e+00
914 0.000000e+00
915 0.000000e+00
916 0.000000e+00
917 0.000000e+00
918 0.000000e+00
919 0.000000e+00
920 0.000000e+00
921 0.000000e+00
922 0.000000e+00
923 0.000000e+00
924 0.000000e+00
925 0.000000e+00
926 0.000000e+00
927 0.000000e+00
928 0.000000e+00
929 0.000000e+00
930 0.000000e+00
931 0.000000e+00
932 0.000000e+00
933 0.000000e+00
934 0.000000e+00
935 0.000000e+00
936 0.000000e+00
937 0.000000e+00
938 0.000000e+00
939 0.000000e+00
940 0.000000e+00
941 0.000000e+00
942 0.000000e+00
943 0.000000e+00
944 0.000000e+00
945 0.000000e+00
946 0.000000e+00
947 0.000000e+00
948 0.000000e+00
949 0.000000e+00
950 0.000000e+00
951 0.000000e+00
952 0.000000e+00
953 0.000000e+00
954 0.000000e+00
955 0.000000e+00
956 0.000000e+00
957 0.000000e+00
958 0.000000e+00
959 0.000000e+00
960 2.980361e-07
961 2.371715e-07
962 1.784038e-07
963 1.349020e-07
964 9.073873e-08
965 5.700006e-08
966 3.551345e-08
967 2.219454e-08
968 0.000000e+00
969 0.000000e+00
970 0.000000e+00
971 0.000000e+00
972 0.000000e+00
973 0.000000e+00
974 0.000000e+00
975 4.587514e-07
976 3.701647e-07
977 2.790990e-07
978 2.112245e-07
979 1.451644e-07
980 9.087045e-08
981 5.693562e-08
982 3.540455e-08
983 0.000000e+00
984 0.000000e+00
985 0.000000e+00
986 0.000000e+00
987 0.000000e+00
988 0.000000e+00
989 0.000000e+00
990 5.791291e-07
991 4.704962e-07
992 3.553805e-07
993 2.689582e-07
994 1.866058e-07
995 1.168246e-07
996 7.334274e-08
997 4.550647e-08
998 0.000000e+00
999 0.000000e+00
1000 0.000000e+00
1001 0.000000e+00
1002 0.000000e+00
1003 0.000000e+00
1004 0.000000e+00
1005 6.723399e-07
1006 5.482447e-07
1007 4.145254e-07
1008 3.137249e-07
1009 2.187366e-07
1010 1.369706e-07
1011 8.607147e-08
1012 5.334551e-08
1013 0.000000e+00
1014 0.000000e+00
1015 0.000000e+00
1016 0.000000e+00
1017 0.000000e+00
1018 0.000000e+00
1019 0.000000e+00
1020 7.494177e-07
1021 6.125185e-07
1022 4.634122e-07
1023 3.507292e-07
1024 2.453024e-07
1025 1.536251e-07
1026 9.659607e-08
1027 5.982646e-08
1028 0.000000e+00
1029 0.000000e+00
1030 0.000000e+00
1031 0.000000e+00
1032 0.000000e+00
1033 0.000000e+00
1034 0.000000e+00
1035 8.181346e-07
1036 6.698259e-07
1037 5.070027e-07
1038 3.837194e-07
1039 2.689818e-07
1040 1.684723e-07
1041 1.059772e-07
1042 6.560555e-08
1043 0.000000e+00
1044 0.000000e+00
1045 0.000000e+00
1046 0.000000e+00
1047 0.000000e+00
1048 0.000000e+00
1049 0.000000e+00
1050 8.847875e-07
1051 7.254049e-07
1052 5.492882e-07
1053 4.157171e-07
1054 2.919534e-07
1055 1.828735e-07
1056 1.150749e-07
1057 7.120948e-08
1058 0.000000e+00
1059 0.000000e+00
1060 0.000000e+00
1061 0.000000e+00
1062 0.000000e+00
1063 0.000000e+00
1064 0.000000e+00
1065 9.659350e-07
1066 7.930901e-07
1067 6.007644e-07
1068 4.546861e-07
1069 3.199204e-07
1070 2.004075e-07
1071 1.261539e-07
1072 7.803240e-08
1073 0.000000e+00
1074 0.000000e+00
1075 0.000000e+00
1076 0.000000e+00
1077 0.000000e+00
1078 0.000000e+00
1079 0.000000e+00
1080 2.038747e-07
1081 1.788565e-07
1082 1.387442e-07
1083 1.040846e-07
1084 7.896579e-08
1085 5.018004e-08
1086 3.204418e-08
1087 1.947551e-08
1088 1.206586e-08
1089 0.000000e+00
1090 0.000000e+00
1091 0.000000e+00
1092 0.000000e+00
1093 0.000000e+00
1094 0.000000e+00
1095 3.295941e-07
1096 2.930556e-07
1097 2.297372e-07
1098 1.721163e-07
1099 1.310554e-07
1100 8.503543e-08
1101 5.385731e-08
1102 3.281511e-08
1103 2.027573e-08
1104 0.000000e+00
1105 0.000000e+00
1106 0.000000e+00
1107 0.000000e+00
1108 0.000000e+00
1109 0.000000e+00
1110 4.336898e-07
1111 3.881693e-07
1112 3.060004e-07
1113 2.292128e-07
1114 1.746962e-07
1115 1.145624e-07
1116 7.226570e-08
1117 4.412973e-08
1118 2.722373e-08
1119 0.000000e+00
1120 0.000000e+00
1121 0.000000e+00
1122 0.000000e+00
1123 0.000000e+00
1124 0.000000e+00
1125 5.198923e-07
1126 4.669666e-07
1127 3.692011e-07
1128 2.765327e-07
1129 2.108739e-07
1130 1.390539e-07
1131 8.753647e-08
1132 5.352108e-08
1133 3.298846e-08
1134 0.000000e+00
1135 0.000000e+00
1136 0.000000e+00
1137 0.000000e+00
1138 0.000000e+00
1139 0.000000e+00
1140 5.967061e-07
1141 5.371626e-07
1142 4.255058e-07
1143 3.187148e-07
1144 2.431097e-07
1145 1.608709e-07
1146 1.011409e-07
1147 6.188530e-08
1148 3.812358e-08
1149 0.000000e+00
1150 0.000000e+00
1151 0.000000e+00
1152 0.000000e+00
1153 0.000000e+00
1154 0.000000e+00
1155 6.712487e-07
1156 6.052428e-07
1157 4.801053e-07
1158 3.596108e-07
1159 2.743580e-07
1160 1.820313e-07
1161 1.143363e-07
1162 6.999802e-08
1163 4.310414e-08
1164 0.000000e+00
1165 0.000000e+00
1166 0.000000e+00
1167 0.000000e+00
1168 0.000000e+00
1169 0.000000e+00
1170 7.619632e-07
1171 6.881538e-07
1172 5.465935e-07
1173 4.094007e-07
1174 3.124230e-07
1175 2.078027e-07
1176 1.304026e-07
1177 7.988204e-08
1178 4.916940e-08
1179 0.000000e+00
1180 0.000000e+00
1181 0.000000e+00
1182 0.000000e+00
1183 0.000000e+00
1184 0.000000e+00
1185 1.517712e-07
1186 1.437118e-07
1187 1.189293e-07
1188 8.923333e-08
1189 6.807723e-08
1190 4.883179e-08
1191 2.967947e-08
1192 1.857040e-08
1193 1.131625e-08
1194 6.995467e-09
1195 0.000000e+00
1196 0.000000e+00
1197 0.000000e+00
1198 0.000000e+00
1199 0.000000e+00
1200 2.542466e-07
1201 2.433182e-07
1202 2.038151e-07
1203 1.537166e-07
1204 1.167730e-07
1205 8.512034e-08
1206 5.175361e-08
1207 3.266181e-08
1208 1.980555e-08
1209 1.217437e-08
1210 0.000000e+00
1211 0.000000e+00
1212 0.000000e+00
1213 0.000000e+00
1214 0.000000e+00
1215 3.443845e-07
1216 3.312564e-07
1217 2.791389e-07
1218 2.111585e-07
1219 1.600925e-07
1220 1.175068e-07
1221 7.159381e-08
1222 4.531038e-08
1223 2.741440e-08
1224 1.681415e-08
1225 0.000000e+00
1226 0.000000e+00
1227 0.000000e+00
1228 0.000000e+00
1229 0.000000e+00
1230 4.246420e-07
1231 4.095446e-07
1232 3.462389e-07
1233 2.623152e-07
1234 1.986705e-07
1235 1.463498e-07
1236 8.927868e-08
1237 5.657855e-08
1238 3.419335e-08
1239 2.094732e-08
1240 0.000000e+00
1241 0.000000e+00
1242 0.000000e+00
1243 0.000000e+00
1244 0.000000e+00
1245 5.024068e-07
1246 4.854242e-07
1247 4.112539e-07
1248 3.118899e-07
1249 2.360587e-07
1250 1.742834e-07
1251 1.064091e-07
1252 6.748979e-08
1253 4.076277e-08
1254 2.495054e-08
1255 0.000000e+00
1256 0.000000e+00
1257 0.000000e+00
1258 0.000000e+00
1259 0.000000e+00
1260 5.971128e-07
1261 5.778206e-07
1262 4.904340e-07
1263 3.722710e-07
1264 2.815919e-07
1265 2.083161e-07
1266 1.272708e-07
1267 8.078476e-08
1268 4.876224e-08
1269 2.982763e-08
1270 0.000000e+00
1271 0.000000e+00
1272 0.000000e+00
1273 0.000000e+00
1274 0.000000e+00
1275 1.191673e-07
1276 1.193057e-07
1277 1.054098e-07
1278 8.170273e-08
1279 6.101788e-08
1280 4.689346e-08
1281 2.927415e-08
1282 1.883938e-08
1283 1.121159e-08
1284 6.774200e-09
1285 0.000000e+00
1286 0.000000e+00
1287 0.000000e+00
1288 0.000000e+00
1289 0.000000e+00
1290 2.068803e-07
1291 2.087946e-07
1292 1.865204e-07
1293 1.458765e-07
1294 1.087884e-07
1295 8.374813e-08
1296 5.337779e-08
1297 3.403653e-08
1298 2.026614e-08
1299 1.224111e-08
1300 0.000000e+00
1301 0.000000e+00
1302 0.000000e+00
1303 0.000000e+00
1304 0.000000e+00
1305 2.887165e-07
1306 2.924953e-07
1307 2.626566e-07
1308 2.063472e-07
1309 1.538304e-07
1310 1.184611e-07
1311 7.627719e-08
1312 4.840023e-08
1313 2.885581e-08
1314 1.742263e-08
1315 0.000000e+00
1316 0.000000e+00
1317 0.000000e+00
1318 0.000000e+00
1319 0.000000e+00
1320 3.677956e-07
1321 3.733798e-07
1322 3.362374e-07
1323 2.647909e-07
1324 1.973597e-07
1325 1.520072e-07
1326 9.840023e-08
1327 6.228264e-08
1328 3.715843e-08
1329 2.243071e-08
1330 0.000000e+00
1331 0.000000e+00
1332 0.000000e+00
1333 0.000000e+00
1334 0.000000e+00
1335 4.640735e-07
1336 4.718437e-07
1337 4.258166e-07
1338 3.359234e-07
1339 2.503437e-07
1340 1.928387e-07
1341 1.253255e-07
1342 7.917921e-08
1343 4.726207e-08
1344 2.852543e-08
1345 0.000000e+00
1346 0.000000e+00
1347 0.000000e+00
1348 0.000000e+00
1349 0.000000e+00
1350 9.801903e-08
1351 1.023621e-07
1352 9.579680e-08
1353 7.801249e-08
1354 5.810476e-08
1355 4.466554e-08
1356 3.112660e-08
1357 1.895288e-08
1358 1.146462e-08
1359 6.903542e-09
1360 0.000000e+00
1361 0.000000e+00
1362 0.000000e+00
1363 0.000000e+00
1364 0.000000e+00
1365 1.778011e-07
1366 1.868468e-07
1367 1.764641e-07
1368 1.451666e-07
1369 1.084515e-07
1370 8.303053e-08
1371 5.894679e-08
1372 3.559018e-08
1373 2.178472e-08
1374 1.307298e-08
1375 0.000000e+00
1376 0.000000e+00
1377 0.000000e+00
1378 0.000000e+00
1379 0.000000e+00
1380 2.572846e-07
1381 2.711414e-07
1382 2.571114e-07
1383 2.124874e-07
1384 1.589846e-07
1385 1.215051e-07
1386 8.692828e-08
1387 5.234156e-08
1388 3.220222e-08
1389 1.929216e-08
1390 0.000000e+00
1391 0.000000e+00
1392 0.000000e+00
1393 0.000000e+00
1394 0.000000e+00
1395 3.537692e-07
1396 3.734439e-07
1397 3.549968e-07
1398 2.941734e-07
1399 2.203038e-07
1400 1.681893e-07
1401 1.208733e-07
1402 7.266764e-08
1403 4.484025e-08
1404 2.683687e-08
1405 0.000000e+00
1406 0.000000e+00
1407 0.000000e+00
1408 0.000000e+00
1409 0.000000e+00
1410 8.584533e-08
1411 9.274016e-08
1412 9.114220e-08
1413 7.845122e-08
1414 5.965416e-08
1415 4.486443e-08
1416 3.403663e-08
1417 2.027865e-08
1418 1.301283e-08
1419 7.675172e-09
1420 4.513742e-09
1421 0.000000e+00
1422 0.000000e+00
1423 0.000000e+00
1424 0.000000e+00
1425 1.639149e-07
1426 1.779430e-07
1427 1.761367e-07
1428 1.530434e-07
1429 1.170889e-07
1430 8.779931e-08
1431 6.702509e-08
1432 4.038721e-08
1433 2.596887e-08
1434 1.525879e-08
1435 8.956636e-09
1436 0.000000e+00
1437 0.000000e+00
1438 0.000000e+00
1439 0.000000e+00
1440 2.598900e-07
1441 2.827470e-07
1442 2.807659e-07
1443 2.449714e-07
1444 1.879473e-07
1445 1.407597e-07
1446 1.077230e-07
1447 6.526303e-08
1448 4.197511e-08
1449 2.462663e-08
1450 1.444672e-08
1451 0.000000e+00
1452 0.000000e+00
1453 0.000000e+00
1454 0.000000e+00
1455 8.136558e-08
1456 9.053762e-08
1457 9.288377e-08
1458 8.463100e-08
1459 6.705822e-08
1460 4.978190e-08
1461 3.861184e-08
1462 2.515377e-08
1463 1.585388e-08
1464 9.226257e-09
1465 5.423867e-09
1466 0.000000e+00
1467 0.000000e+00
1468 0.000000e+00
1469 0.000000e+00
1470 1.758877e-07
1471 1.964571e-07
1472 2.026538e-07
1473 1.861025e-07
1474 1.485661e-07
1475 1.103231e-07
1476 8.541723e-08
1477 5.669323e-08
1478 3.531396e-08
1479 2.064059e-08
1480 1.214320e-08
1481 0.000000e+00
1482 0.000000e+00
1483 0.000000e+00
1484 0.000000e+00
1485 9.648469e-08
1486 1.104398e-07
1487 1.179618e-07
1488 1.138764e-07
1489 9.579928e-08
1490 7.197404e-08
1491 5.466137e-08
1492 4.036434e-08
1493 2.371646e-08
1494 1.469339e-08
1495 8.565378e-09
1496 4.917305e-09
1497 0.000000e+00
1498 0.000000e+00
1499 0.000000e+00
1500 4.898293e-05
1501 3.644964e-05
1502 2.629476e-05
1503 1.751597e-05
1504 1.110589e-05
1505 7.064755e-06
1506 0.000000e+00
1507 0.000000e+00
1508 0.000000e+00
1509 0.000000e+00
1510 0.000000e+00
1511 0.000000e+00
1512 0.000000e+00
1513 0.000000e+00
1514 0.000000e+00
1515 3.459071e-05
1516 2.829273e-05
1517 2.125574e-05
1518 1.624030e-05
1519 1.141564e-05
1520 7.074220e-06
1521 4.440238e-06
1522 2.750980e-06
1523 0.000000e+00
1524 0.000000e+00
1525 0.000000e+00
1526 0.000000e+00
1527 0.000000e+00
1528 0.000000e+00
1529 0.000000e+00
1530 2.454966e-05
1531 2.224391e-05
1532 1.762176e-05
1533 1.313318e-05
1534 1.012761e-05
1535 6.671153e-06
1536 4.223616e-06
1537 2.558646e-06
1538 1.576110e-06
1539 0.000000e+00
1540 0.000000e+00
1541 0.000000e+00
1542 0.000000e+00
1543 0.000000e+00
1544 0.000000e+00
1545 1.832497e-05
1546 1.780291e-05
1547 1.513682e-05
1548 1.145334e-05
1549 8.655552e-06
1550 6.476119e-06
1551 3.885879e-06
1552 2.487258e-06
1553 1.501749e-06
1554 9.160653e-07
1555 0.000000e+00
1556 0.000000e+00
1557 0.000000e+00
1558 0.000000e+00
1559 0.000000e+00
1560 1.407975e-05
1561 1.436652e-05
1562 1.301005e-05
1563 1.026407e-05
1564 7.626011e-06
1565 5.910239e-06
1566 3.828660e-06
1567 2.438427e-06
1568 1.444137e-06
1569 8.715897e-07
1570 0.000000e+00
1571 0.000000e+00
1572 0.000000e+00
1573 0.000000e+00
1574 0.000000e+00
1575 1.104356e-05
1576 1.169323e-05
1577 1.115845e-05
1578 9.268954e-06
1579 6.930665e-06
1580 5.289446e-06
1581 3.836602e-06
1582 2.281769e-06
1583 1.407623e-06
1584 8.436906e-07
1585 0.000000e+00
1586 0.000000e+00
1587 0.000000e+00
1588 0.000000e+00
1589 0.000000e+00
1590 8.676217e-06
1591 9.465618e-06
1592 9.435196e-06
1593 8.264727e-06
1594 6.345559e-06
1595 4.741657e-06
1596 3.655228e-06
1597 2.201560e-06
1598 1.430871e-06
1599 8.378050e-07
1600 4.885139e-07
1601 0.000000e+00
1602 0.000000e+00
1603 0.000000e+00
1604 0.000000e+00
1605 6.680478e-06
1606 7.482364e-06
1607 7.748575e-06
1608 7.151161e-06
1609 5.728361e-06
1610 4.248161e-06
1611 3.292481e-06
1612 2.205079e-06
1613 1.368599e-06
1614 7.966660e-07
1615 4.702467e-07
1616 0.000000e+00
1617 0.000000e+00
1618 0.000000e+00
1619 0.000000e+00
1620 4.771519e-06
1621 5.480670e-06
1622 5.882399e-06
1623 5.717907e-06
1624 4.846462e-06
1625 3.649314e-06
1626 2.761969e-06
1627 2.067482e-06
1628 1.204977e-06
1629 7.554737e-07
1630 4.392373e-07
1631 2.509597e-07
1632 0.000000e+00
1633 0.000000e+00
1634 0.000000e+00
1635 3.067657e-06
1636 3.620332e-06
1637 4.033453e-06
1638 4.140686e-06
1639 3.772695e-06
1640 2.987635e-06
1641 2.218221e-06
1642 1.723059e-06
1643 1.114053e-06
1644 7.014709e-07
1645 4.018529e-07
1646 2.285755e-07
1647 0.000000e+00
1648 0.000000e+00
1649 0.000000e+00
1650 0.000000e+00
1651 0.000000e+00
1652 0.000000e+00
1653 0.000000e+00
1654 0.000000e+00
1655 0.000000e+00
1656 0.000000e+00
1657 0.000000e+00
1658 0.000000e+00
1659 0.000000e+00
1660 0.000000e+00
1661 0.000000e+00
1662 0.000000e+00
1663 0.000000e+00
1664 0.000000e+00
1665 1.196472e-06
1666 9.855386e-07
1667 7.472386e-07
1668 5.655769e-07
1669 3.995215e-07
1670 2.503244e-07
1671 1.576917e-07
1672 9.745496e-08
1673 0.000000e+00
1674 0.000000e+00
1675 0.000000e+00
1676 0.000000e+00
1677 0.000000e+00
1678 0.000000e+00
1679 0.000000e+00
1680 1.019795e-06
1681 9.239916e-07
1682 7.358754e-07
1683 5.511774e-07
1684 4.208030e-07
1685 2.811726e-07
1686 1.761589e-07
1687 1.080115e-07
1688 6.643974e-08
1689 0.000000e+00
1690 0.000000e+00
1691 0.000000e+00
1692 0.000000e+00
1693 0.000000e+00
1694 0.000000e+00
1695 8.663911e-07
1696 8.406555e-07
1697 7.157155e-07
1698 5.440981e-07
1699 4.111803e-07
1700 3.052119e-07
1701 1.866772e-07
1702 1.186382e-07
1703 7.153485e-08
1704 4.371321e-08
1705 0.000000e+00
1706 0.000000e+00
1707 0.000000e+00
1708 0.000000e+00
1709 0.000000e+00
1710 7.379322e-07
1711 7.521134e-07
1712 6.808035e-07
1713 5.384654e-07
1714 4.012169e-07
1715 3.091231e-07
1716 2.020132e-07
1717 1.272988e-07
1718 7.603508e-08
1719 4.588401e-08
1720 0.000000e+00
1721 0.000000e+00
1722 0.000000e+00
1723 0.000000e+00
1724 0.000000e+00
1725 6.283582e-07
1726 6.646871e-07
1727 6.336867e-07
1728 5.267749e-07
1729 3.949214e-07
1730 3.011357e-07
1731 2.175393e-07
1732 1.305488e-07
1733 8.082887e-08
1734 4.832169e-08
1735 0.000000e+00
1736 0.000000e+00
1737 0.000000e+00
1738 0.000000e+00
1739 0.000000e+00
1740 5.329658e-07
1741 5.810190e-07
1742 5.785661e-07
1743 5.066231e-07
1744 3.896114e-07
1745 2.915015e-07
1746 2.235358e-07
1747 1.360501e-07
1748 8.752039e-08
1749 5.128348e-08
1750 3.006951e-08
1751 0.000000e+00
1752 0.000000e+00
1753 0.000000e+00
1754 0.000000e+00
1755 4.458461e-07
1756 4.990669e-07
1757 5.163301e-07
1758 4.761195e-07
1759 3.815900e-07
1760 2.834348e-07
1761 2.192207e-07
1762 1.469080e-07
1763 9.095177e-08
1764 5.329435e-08
1765 3.136399e-08
1766 0.000000e+00
1767 0.000000e+00
1768 0.000000e+00
1769 0.000000e+00
1770 3.626138e-07
1771 4.163354e-07
1772 4.465392e-07
1773 4.336648e-07
1774 3.674944e-07
1775 2.770545e-07
1776 2.097550e-07
1777 1.563777e-07
1778 9.188372e-08
1779 5.749510e-08
1780 3.341978e-08
1781 1.908799e-08
1782 0.000000e+00
1783 0.000000e+00
1784 0.000000e+00
1785 3.105874e-07
1786 3.672250e-07
1787 4.101192e-07
1788 4.225118e-07
1789 3.871728e-07
1790 3.088371e-07
1791 2.298256e-07
1792 1.777488e-07
1793 1.170062e-07
1794 7.268015e-08
1795 4.212156e-08
1796 2.395787e-08
1797 0.000000e+00
1798 0.000000e+00
1799 0.000000e+00
1800 5.796232e-09
1801 4.072763e-09
1802 2.746667e-09
1803 1.786504e-09
1804 1.161050e-09
1805 7.657626e-10
1806 5.163829e-10
1807 3.545818e-10
1808 2.441581e-10
1809 1.652866e-10
1810 1.079912e-10
1811 6.711116e-11
1812 3.929314e-11
1813 2.159428e-11
1814 1.120333e-11
1815 1.455397e-08
1816 1.064583e-08
1817 7.513193e-09
1818 5.060938e-09
1819 3.259319e-09
1820 2.100551e-09
1821 1.369612e-09
1822 9.152644e-10
1823 6.251460e-10
1824 4.300376e-10
1825 2.919476e-10
1826 1.917187e-10
1827 1.198851e-10
1828 7.058724e-11
1829 3.896106e-11
1830 2.271119e-08
1831 1.711804e-08
1832 1.234993e-08
1833 8.597763e-09
1834 5.667734e-09
1835 3.614126e-09
1836 2.326703e-09
1837 1.518334e-09
1838 1.016892e-09
1839 6.939981e-10
1840 4.745739e-10
1841 3.185033e-10
1842 2.058600e-10
1843 1.262781e-10
1844 7.284946e-11
1845 3.082173e-08
1846 2.392176e-08
1847 1.757297e-08
1848 1.245760e-08
1849 8.445992e-09
1850 5.409905e-09
1851 3.455960e-09
1852 2.219354e-09
1853 1.460197e-09
1854 9.838398e-10
1855 6.708416e-10
1856 4.540107e-10
1857 2.989730e-10
1858 1.883759e-10
1859 1.121809e-10
1860 3.914919e-08
1861 3.125371e-08
1862 2.341104e-08
1863 1.681441e-08
1864 1.164201e-08
1865 7.596991e-09
1866 4.809844e-09
1867 3.069918e-09
1868 1.987479e-09
1869 1.319001e-09
1870 8.921096e-10
1871 6.046195e-10
1872 4.024397e-10
1873 2.583368e-10
1874 1.576821e-10
1875 4.787956e-08
1876 3.926180e-08
1877 3.004802e-08
1878 2.185626e-08
1879 1.535717e-08
1880 1.024872e-08
1881 6.483196e-09
1882 4.123160e-09
1883 2.630179e-09
1884 1.720141e-09
1885 1.150474e-09
1886 7.771626e-10
1887 5.199527e-10
1888 3.381453e-10
1889 2.104441e-10
1890 5.727749e-08
1891 4.819333e-08
1892 3.773739e-08
1893 2.785760e-08
1894 1.980159e-08
1895 1.348979e-08
1896 8.626075e-09
1897 5.446753e-09
1898 3.442665e-09
1899 2.219667e-09
1900 1.464821e-09
1901 9.820264e-10
1902 6.575415e-10
1903 4.312946e-10
1904 2.725740e-10
1905 6.793306e-08
1906 5.864195e-08
1907 4.707705e-08
1908 3.539734e-08
1909 2.544833e-08
1910 1.763535e-08
1911 1.150661e-08
1912 7.216203e-09
1913 4.547452e-09
1914 2.887864e-09
1915 1.875274e-09
1916 1.242688e-09
1917 8.288104e-10
1918 5.460787e-10
1919 3.492913e-10
1920 8.107261e-08
1921 7.193686e-08
1922 5.942789e-08
1923 4.576280e-08
1924 3.339313e-08
1925 2.349139e-08
1926 1.571730e-08
1927 9.899030e-09
1928 6.212159e-09
1929 3.885265e-09
1930 2.479058e-09
1931 1.615647e-09
1932 1.066797e-09
1933 7.022923e-10
1934 4.528704e-10
1935 1.024624e-07
1936 9.435223e-08
1937 8.123211e-08
1938 6.508857e-08
1939 4.888951e-08
1940 3.508493e-08
1941 2.419974e-08
1942 1.571054e-08
1943 9.781742e-09
1944 6.070372e-09
1945 3.774993e-09
1946 2.388886e-09
1947 1.539251e-09
1948 9.996329e-10
1949 6.443173e-10
1950 2.106975e-07
1951 2.158118e-07
1952 2.101452e-07
1953 1.926508e-07
1954 1.648777e-07
1955 1.311627e-07
1956 9.772173e-08
1957 6.955133e-08
1958 4.748397e-08
1959 3.015170e-08
1960 1.821934e-08
1961 1.082492e-08
1962 6.347842e-09
1963 3.716436e-09
1964 2.192071e-09
