0 3.003279e-09
1 2.289806e-09
2 1.718308e-09
3 1.276586e-09
4 9.487496e-10
5 7.104176e-10
6 5.367906e-10
7 4.097055e-10
8 3.154939e-10
9 2.440888e-10
10 1.886378e-10
11 1.447591e-10
12 1.096499e-10
13 8.159548e-11
14 5.944967e-11
15 4.227347e-11
16 2.931724e-11
17 1.983549e-11
18 1.310175e-11
19 8.468719e-12
20 4.107024e-09
21 3.164532e-09
22 2.395353e-09
23 1.785049e-09
24 1.321650e-09
25 9.834127e-10
26 7.376038e-10
27 5.581944e-10
28 4.269265e-10
29 3.290483e-10
30 2.542941e-10
31 1.959079e-10
32 1.495242e-10
33 1.124723e-10
34 8.300105e-11
35 5.988724e-11
36 4.217009e-11
37 2.896670e-11
38 1.940685e-11
39 1.270491e-11
40 5.218373e-09
41 4.052711e-09
42 3.090091e-09
43 2.312226e-09
44 1.710892e-09
45 1.269323e-09
46 9.477810e-10
47 7.125088e-10
48 5.421338e-10
49 4.160729e-10
50 3.210624e-10
51 2.476686e-10
52 1.897710e-10
53 1.436380e-10
54 1.068834e-10
55 7.787106e-11
56 5.541465e-11
57 3.847873e-11
58 2.605428e-11
59 1.722689e-11
60 5.668781e-09
61 4.423952e-09
62 3.388737e-09
63 2.544220e-09
64 1.886083e-09
65 1.401291e-09
66 1.046937e-09
67 7.848634e-10
68 5.953748e-10
69 4.556475e-10
70 3.506881e-10
71 2.701205e-10
72 2.069218e-10
73 1.567892e-10
74 1.169438e-10
75 8.549890e-11
76 6.111513e-11
77 4.266155e-11
78 2.905846e-11
79 1.933835e-11
80 6.195690e-09
81 4.842127e-09
82 3.719057e-09
83 2.801905e-09
84 2.076628e-09
85 1.532955e-09
86 1.140043e-09
87 8.528954e-10
88 6.449712e-10
89 4.926589e-10
90 3.791775e-10
91 2.924099e-10
92 2.246290e-10
93 1.708860e-10
94 1.280684e-10
95 9.412313e-11
96 6.763515e-11
97 4.744427e-11
98 3.244527e-11
99 2.165169e-11
100 8.560810e-09
101 6.756900e-09
102 5.245428e-09
103 3.992727e-09
104 2.974745e-09
105 2.189579e-09
106 1.618659e-09
107 1.202848e-09
108 9.009138e-10
109 6.830783e-10
110 5.227658e-10
111 4.023892e-10
112 3.098004e-10
113 2.370972e-10
114 1.793512e-10
115 1.333760e-10
116 9.715090e-11
117 6.914857e-11
118 4.799528e-11
119 3.248696e-11
120 9.582215e-09
121 7.599667e-09
122 5.928428e-09
123 4.534919e-09
124 3.391410e-09
125 2.499150e-09
126 1.846744e-09
127 1.369434e-09
128 1.021729e-09
129 7.718865e-10
130 5.886368e-10
131 4.520350e-10
132 3.477527e-10
133 2.663854e-10
134 2.019911e-10
135 1.507806e-10
136 1.103764e-10
137 7.901549e-11
138 5.519132e-11
139 3.760508e-11
140 1.320712e-08
141 1.057744e-08
142 8.326647e-09
143 6.441009e-09
144 4.874472e-09
145 3.607663e-09
146 2.645185e-09
147 1.950987e-09
148 1.444414e-09
149 1.079990e-09
150 8.169731e-10
151 6.240377e-10
152 4.793382e-10
153 3.681126e-10
154 2.809183e-10
155 2.117629e-10
156 1.569350e-10
157 1.139362e-10
158 8.078740e-11
159 5.588328e-11
160 1.563447e-08
161 1.261601e-08
162 9.993275e-09
163 7.782907e-09
164 5.938295e-09
165 4.423347e-09
166 3.242480e-09
167 2.382948e-09
168 1.758094e-09
169 1.305949e-09
170 9.819057e-10
171 7.460034e-10
172 5.711166e-10
173 4.382019e-10
174 3.350027e-10
175 2.535966e-10
176 1.891250e-10
177 1.383958e-10
178 9.902560e-11
179 6.917237e-11
180 1.965116e-08
181 1.607593e-08
182 1.286587e-08
183 1.011392e-08
184 7.808327e-09
185 5.896376e-09
186 4.351726e-09
187 3.182496e-09
188 2.337850e-09
189 1.722858e-09
190 1.281898e-09
191 9.642118e-10
192 7.323980e-10
193 5.594638e-10
194 4.274709e-10
195 3.247322e-10
196 2.439016e-10
197 1.803177e-10
198 1.306745e-10
199 9.261848e-11
200 3.943797e-07
201 3.203739e-07
202 2.464166e-07
203 1.795873e-07
204 1.308431e-07
205 9.534040e-08
206 6.878714e-08
207 5.050917e-08
208 3.771559e-08
209 0.000000e+00
210 0.000000e+00
211 0.000000e+00
212 0.000000e+00
213 0.000000e+00
214 0.000000e+00
215 0.000000e+00
216 0.000000e+00
217 0.000000e+00
218 0.000000e+00
219 0.000000e+00
220 6.574856e-07
221 5.368720e-07
222 4.174267e-07
223 3.047025e-07
224 2.214049e-07
225 1.619194e-07
226 1.164233e-07
227 8.533638e-08
228 6.349891e-08
229 0.000000e+00
230 0.000000e+00
231 0.000000e+00
232 0.000000e+00
233 0.000000e+00
234 0.000000e+00
235 0.000000e+00
236 0.000000e+00
237 0.000000e+00
238 0.000000e+00
239 0.000000e+00
240 9.140901e-07
241 7.482832e-07
242 5.854128e-07
243 4.278811e-07
244 3.103468e-07
245 2.274733e-07
246 1.632388e-07
247 1.195413e-07
248 8.877731e-08
249 0.000000e+00
250 0.000000e+00
251 0.000000e+00
252 0.000000e+00
253 0.000000e+00
254 0.000000e+00
255 0.000000e+00
256 0.000000e+00
257 0.000000e+00
258 0.000000e+00
259 0.000000e+00
260 1.004313e-06
261 8.227299e-07
262 6.448874e-07
263 4.715882e-07
264 3.418369e-07
265 2.507343e-07
266 1.798231e-07
267 1.316504e-07
268 9.771062e-08
269 0.000000e+00
270 0.000000e+00
271 0.000000e+00
272 0.000000e+00
273 0.000000e+00
274 0.000000e+00
275 0.000000e+00
276 0.000000e+00
277 0.000000e+00
278 0.000000e+00
279 0.000000e+00
280 8.036403e-08
281 6.571109e-08
282 5.487105e-08
283 4.535697e-08
284 3.352504e-08
285 2.399893e-08
286 1.774455e-08
287 1.258073e-08
288 9.052075e-09
289 6.567239e-09
290 0.000000e+00
291 0.000000e+00
292 0.000000e+00
293 0.000000e+00
294 0.000000e+00
295 0.000000e+00
296 0.000000e+00
297 0.000000e+00
298 0.000000e+00
299 0.000000e+00
300 2.772710e-07
301 2.264746e-07
302 1.875263e-07
303 1.559343e-07
304 1.186460e-07
305 8.428301e-08
306 6.237061e-08
307 4.444254e-08
308 3.193683e-08
309 2.304751e-08
310 0.000000e+00
311 0.000000e+00
312 0.000000e+00
313 0.000000e+00
314 0.000000e+00
315 0.000000e+00
316 0.000000e+00
317 0.000000e+00
318 0.000000e+00
319 0.000000e+00
320 5.550141e-07
321 4.534099e-07
322 3.742328e-07
323 3.117118e-07
324 2.400794e-07
325 1.704233e-07
326 1.258233e-07
327 9.002530e-08
328 6.455583e-08
329 4.649781e-08
330 0.000000e+00
331 0.000000e+00
332 0.000000e+00
333 0.000000e+00
334 0.000000e+00
335 0.000000e+00
336 0.000000e+00
337 0.000000e+00
338 0.000000e+00
339 0.000000e+00
340 6.868777e-07
341 5.611914e-07
342 4.627519e-07
343 3.856290e-07
344 2.981112e-07
345 2.115947e-07
346 1.560911e-07
347 1.118284e-07
348 8.013358e-08
349 5.768477e-08
350 0.000000e+00
351 0.000000e+00
352 0.000000e+00
353 0.000000e+00
354 0.000000e+00
355 0.000000e+00
356 0.000000e+00
357 0.000000e+00
358 0.000000e+00
359 0.000000e+00
360 4.902003e-09
361 4.449186e-09
362 3.788079e-09
363 3.242476e-09
364 2.856677e-09
365 2.318444e-09
366 1.604932e-09
367 1.166736e-09
368 8.173711e-10
369 5.560797e-10
370 3.816283e-10
371 2.667771e-10
372 0.000000e+00
373 0.000000e+00
374 0.000000e+00
375 0.000000e+00
376 0.000000e+00
377 0.000000e+00
378 0.000000e+00
379 0.000000e+00
380 5.282896e-08
381 4.494903e-08
382 3.675457e-08
383 3.045176e-08
384 2.590894e-08
385 2.021911e-08
386 1.387106e-08
387 1.052024e-08
388 7.260013e-09
389 5.220640e-09
390 3.702685e-09
391 2.675859e-09
392 0.000000e+00
393 0.000000e+00
394 0.000000e+00
395 0.000000e+00
396 0.000000e+00
397 0.000000e+00
398 0.000000e+00
399 0.000000e+00
400 2.740242e-07
401 2.341804e-07
402 1.913550e-07
403 1.568103e-07
404 1.322563e-07
405 1.055798e-07
406 7.337763e-08
407 5.455911e-08
408 3.861958e-08
409 2.759343e-08
410 1.955680e-08
411 1.412718e-08
412 0.000000e+00
413 0.000000e+00
414 0.000000e+00
415 0.000000e+00
416 0.000000e+00
417 0.000000e+00
418 0.000000e+00
419 0.000000e+00
420 4.308905e-07
421 3.688814e-07
422 3.016166e-07
423 2.467192e-07
424 2.077655e-07
425 1.666771e-07
426 1.162775e-07
427 8.600263e-08
428 6.124136e-08
429 4.363556e-08
430 3.092424e-08
431 2.232638e-08
432 0.000000e+00
433 0.000000e+00
434 0.000000e+00
435 0.000000e+00
436 0.000000e+00
437 0.000000e+00
438 0.000000e+00
439 0.000000e+00
440 1.743858e-08
441 1.508219e-08
442 1.243438e-08
443 9.886528e-09
444 7.863676e-09
445 6.421825e-09
446 5.055389e-09
447 3.557770e-09
448 2.667184e-09
449 1.911879e-09
450 1.392619e-09
451 1.003793e-09
452 0.000000e+00
453 0.000000e+00
454 0.000000e+00
455 0.000000e+00
456 0.000000e+00
457 0.000000e+00
458 0.000000e+00
459 0.000000e+00
460 2.343126e-08
461 2.017553e-08
462 1.662508e-08
463 1.321850e-08
464 1.044968e-08
465 8.424936e-09
466 6.603564e-09
467 4.669611e-09
468 3.473929e-09
469 2.507003e-09
470 1.827033e-09
471 1.322987e-09
472 0.000000e+00
473 0.000000e+00
474 0.000000e+00
475 0.000000e+00
476 0.000000e+00
477 0.000000e+00
478 0.000000e+00
479 0.000000e+00
480 1.062908e-07
481 9.469179e-08
482 7.945373e-08
483 6.420626e-08
484 5.219865e-08
485 4.349472e-08
486 3.386148e-08
487 2.333624e-08
488 1.767398e-08
489 1.224516e-08
490 8.844300e-09
491 6.294817e-09
492 0.000000e+00
493 0.000000e+00
494 0.000000e+00
495 0.000000e+00
496 0.000000e+00
497 0.000000e+00
498 0.000000e+00
499 0.000000e+00
500 2.886282e-07
501 2.610474e-07
502 2.213521e-07
503 1.798034e-07
504 1.465925e-07
505 1.229595e-07
506 9.730575e-08
507 6.710899e-08
508 5.033921e-08
509 3.512501e-08
510 2.517293e-08
511 1.775739e-08
512 0.000000e+00
513 0.000000e+00
514 0.000000e+00
515 0.000000e+00
516 0.000000e+00
517 0.000000e+00
518 0.000000e+00
519 0.000000e+00
520 1.833631e-08
521 1.565250e-08
522 1.292070e-08
523 1.025911e-08
524 7.980209e-09
525 6.288864e-09
526 5.052724e-09
527 3.822257e-09
528 2.717139e-09
529 2.081489e-09
530 1.486188e-09
531 1.096773e-09
532 8.031425e-10
533 0.000000e+00
534 0.000000e+00
535 0.000000e+00
536 0.000000e+00
537 0.000000e+00
538 0.000000e+00
539 0.000000e+00
540 2.873107e-08
541 2.454573e-08
542 2.031366e-08
543 1.619067e-08
544 1.258279e-08
545 9.820612e-09
546 7.801820e-09
547 5.866751e-09
548 4.161936e-09
549 3.169977e-09
550 2.266157e-09
551 1.675288e-09
552 1.234025e-09
553 0.000000e+00
554 0.000000e+00
555 0.000000e+00
556 0.000000e+00
557 0.000000e+00
558 0.000000e+00
559 0.000000e+00
560 4.324306e-08
561 3.700228e-08
562 3.064368e-08
563 2.451834e-08
564 1.916680e-08
565 1.495215e-08
566 1.172157e-08
567 8.697272e-09
568 6.192183e-09
569 4.665855e-09
570 3.339909e-09
571 2.459186e-09
572 1.818350e-09
573 0.000000e+00
574 0.000000e+00
575 0.000000e+00
576 0.000000e+00
577 0.000000e+00
578 0.000000e+00
579 0.000000e+00
580 1.483912e-07
581 1.368783e-07
582 1.194530e-07
583 9.862912e-08
584 7.918270e-08
585 6.437681e-08
586 5.319676e-08
587 3.999578e-08
588 2.758710e-08
589 2.100612e-08
590 1.439307e-08
591 1.031913e-08
592 7.364429e-09
593 0.000000e+00
594 0.000000e+00
595 0.000000e+00
596 0.000000e+00
597 0.000000e+00
598 0.000000e+00
599 0.000000e+00
600 1.450749e-04
601 1.200746e-04
602 9.447631e-05
603 6.823164e-05
604 4.980343e-05
605 3.642908e-05
606 2.610721e-05
607 1.905842e-05
608 1.414229e-05
609 0.000000e+00
610 0.000000e+00
611 0.000000e+00
612 0.000000e+00
613 0.000000e+00
614 0.000000e+00
615 0.000000e+00
616 0.000000e+00
617 0.000000e+00
618 0.000000e+00
619 0.000000e+00
620 7.271524e-05
621 5.925046e-05
622 4.872256e-05
623 4.088638e-05
624 3.190252e-05
625 2.233070e-05
626 1.666574e-05
627 1.184060e-05
628 8.527774e-06
629 6.117043e-06
630 0.000000e+00
631 0.000000e+00
632 0.000000e+00
633 0.000000e+00
634 0.000000e+00
635 0.000000e+00
636 0.000000e+00
637 0.000000e+00
638 0.000000e+00
639 0.000000e+00
640 4.947838e-05
641 4.237789e-05
642 3.459007e-05
643 2.819987e-05
644 2.374850e-05
645 1.920130e-05
646 1.331775e-05
647 9.875511e-06
648 7.027871e-06
649 5.036050e-06
650 3.553101e-06
651 2.564796e-06
652 0.000000e+00
653 0.000000e+00
654 0.000000e+00
655 0.000000e+00
656 0.000000e+00
657 0.000000e+00
658 0.000000e+00
659 0.000000e+00
660 4.191179e-05
661 3.824215e-05
662 3.256990e-05
663 2.650537e-05
664 2.164352e-05
665 1.827405e-05
666 1.461693e-05
667 9.989862e-06
668 7.519321e-06
669 5.217167e-06
670 3.757675e-06
671 2.629324e-06
672 0.000000e+00
673 0.000000e+00
674 0.000000e+00
675 0.000000e+00
676 0.000000e+00
677 0.000000e+00
678 0.000000e+00
679 0.000000e+00
680 3.121851e-05
681 2.992193e-05
682 2.678874e-05
683 2.244108e-05
684 1.816857e-05
685 1.496282e-05
686 1.266373e-05
687 9.688462e-06
688 6.539226e-06
689 5.054777e-06
690 3.368932e-06
691 2.414598e-06
692 1.696216e-06
693 0.000000e+00
694 0.000000e+00
695 0.000000e+00
696 0.000000e+00
697 0.000000e+00
698 0.000000e+00
699 0.000000e+00
700 1.425301e-06
701 1.169491e-06
702 9.207526e-07
703 6.741482e-07
704 4.879762e-07
705 3.585341e-07
706 2.567822e-07
707 1.878761e-07
708 1.392433e-07
709 0.000000e+00
710 0.000000e+00
711 0.000000e+00
712 0.000000e+00
713 0.000000e+00
714 0.000000e+00
715 0.000000e+00
716 0.000000e+00
717 0.000000e+00
718 0.000000e+00
719 0.000000e+00
720 1.238351e-06
721 1.011915e-06
722 8.331244e-07
723 6.948475e-07
724 5.404533e-07
725 3.835284e-07
726 2.825576e-07
727 2.028684e-07
728 1.452047e-07
729 1.044263e-07
730 0.000000e+00
731 0.000000e+00
732 0.000000e+00
733 0.000000e+00
734 0.000000e+00
735 0.000000e+00
736 0.000000e+00
737 0.000000e+00
738 0.000000e+00
739 0.000000e+00
740 1.044999e-06
741 8.958358e-07
742 7.327453e-07
743 5.984568e-07
744 5.032820e-07
745 4.055266e-07
746 2.838610e-07
747 2.089739e-07
748 1.496089e-07
749 1.063423e-07
750 7.535829e-08
751 5.438095e-08
752 0.000000e+00
753 0.000000e+00
754 0.000000e+00
755 0.000000e+00
756 0.000000e+00
757 0.000000e+00
758 0.000000e+00
759 0.000000e+00
760 1.022874e-06
761 9.315577e-07
762 7.939477e-07
763 6.465792e-07
764 5.274899e-07
765 4.433256e-07
766 3.538222e-07
767 2.446427e-07
768 1.822624e-07
769 1.279706e-07
770 9.126836e-08
771 6.413607e-08
772 0.000000e+00
773 0.000000e+00
774 0.000000e+00
775 0.000000e+00
776 0.000000e+00
777 0.000000e+00
778 0.000000e+00
779 0.000000e+00
780 8.540806e-07
781 8.100026e-07
782 7.207812e-07
783 6.019970e-07
784 4.868751e-07
785 3.996174e-07
786 3.353742e-07
787 2.553474e-07
788 1.741644e-07
789 1.331071e-07
790 9.014211e-08
791 6.435236e-08
792 4.533303e-08
793 0.000000e+00
794 0.000000e+00
795 0.000000e+00
796 0.000000e+00
797 0.000000e+00
798 0.000000e+00
799 0.000000e+00
800 8.116869e-09
801 6.479372e-09
802 5.075256e-09
803 3.884241e-09
804 2.919803e-09
805 2.193594e-09
806 1.655557e-09
807 1.244874e-09
808 9.394149e-10
809 7.108786e-10
810 5.402574e-10
811 4.116430e-10
812 3.126823e-10
813 2.359601e-10
814 1.760989e-10
815 1.294602e-10
816 9.349059e-11
817 6.622412e-11
818 4.596691e-11
819 3.129454e-11
820 1.458689e-08
821 1.177827e-08
822 9.355578e-09
823 7.282576e-09
824 5.522845e-09
825 4.103848e-09
826 3.051756e-09
827 2.269151e-09
828 1.682778e-09
829 1.259245e-09
830 9.490265e-10
831 7.214830e-10
832 5.507134e-10
833 4.203005e-10
834 3.189603e-10
835 2.393861e-10
836 1.768645e-10
837 1.282322e-10
838 9.096350e-11
839 6.308451e-11
840 2.631034e-08
841 2.159754e-08
842 1.735542e-08
843 1.371736e-08
844 1.063614e-08
845 8.026542e-09
846 5.901643e-09
847 4.324873e-09
848 3.175055e-09
849 2.330713e-09
850 1.730989e-09
851 1.299872e-09
852 9.866610e-10
853 7.541046e-10
854 5.771771e-10
855 4.396546e-10
856 3.313314e-10
857 2.458352e-10
858 1.787925e-10
859 1.271409e-10
860 3.826738e-08
861 3.229415e-08
862 2.649127e-08
863 2.125673e-08
864 1.676409e-08
865 1.296728e-08
866 9.758063e-09
867 7.165456e-09
868 5.227546e-09
869 3.810578e-09
870 2.783807e-09
871 2.052608e-09
872 1.530113e-09
873 1.152608e-09
874 8.744980e-10
875 6.649284e-10
876 5.036402e-10
877 3.779051e-10
878 2.794893e-10
879 2.029692e-10
880 2.076564e-07
881 2.046421e-07
882 1.961987e-07
883 1.823594e-07
884 1.638888e-07
885 1.422371e-07
886 1.192232e-07
887 9.699484e-08
888 7.718246e-08
889 6.035440e-08
890 4.618749e-08
891 3.414991e-08
892 2.428363e-08
893 1.714300e-08
894 1.202766e-08
895 8.293598e-09
896 5.731040e-09
897 3.962538e-09
898 2.747945e-09
899 1.914688e-09
