0 3.221901e-09
1 2.306282e-09
2 1.603269e-09
3 1.096282e-09
4 7.476850e-10
5 5.114405e-10
6 3.501709e-10
7 2.369876e-10
8 1.578198e-10
9 1.029554e-10
10 6.516494e-11
11 3.988657e-11
12 2.360914e-11
13 1.356826e-11
14 7.615734e-12
15 5.007746e-09
16 3.604349e-09
17 2.504459e-09
18 1.691606e-09
19 1.131397e-09
20 7.601978e-10
21 5.146738e-10
22 3.487652e-10
23 2.352349e-10
24 1.566337e-10
25 1.015356e-10
26 6.359103e-11
27 3.829417e-11
28 2.215906e-11
29 1.237869e-11
30 5.651803e-09
31 4.051132e-09
32 2.793993e-09
33 1.872318e-09
34 1.236944e-09
35 8.167453e-10
36 5.473287e-10
37 3.704533e-10
38 2.517067e-10
39 1.694890e-10
40 1.114105e-10
41 7.065890e-11
42 4.293637e-11
43 2.492384e-11
44 1.384439e-11
45 6.248120e-09
46 4.507554e-09
47 3.116736e-09
48 2.092337e-09
49 1.385189e-09
50 9.071276e-10
51 6.023467e-10
52 4.052255e-10
53 2.750237e-10
54 1.857331e-10
55 1.229518e-10
56 7.875478e-11
57 4.841558e-11
58 2.843600e-11
59 1.595639e-11
60 6.944894e-09
61 5.087457e-09
62 3.562572e-09
63 2.415294e-09
64 1.615433e-09
65 1.062428e-09
66 6.997936e-10
67 4.673493e-10
68 3.146125e-10
69 2.115190e-10
70 1.401507e-10
71 9.038180e-11
72 5.622450e-11
73 3.357864e-11
74 1.922257e-11
75 7.603420e-09
76 5.659700e-09
77 4.018825e-09
78 2.752172e-09
79 1.858328e-09
80 1.232550e-09
81 8.076056e-10
82 5.359666e-10
83 3.574137e-10
84 2.388050e-10
85 1.580096e-10
86 1.023005e-10
87 6.423800e-11
88 3.891012e-11
89 2.267843e-11
90 8.255248e-09
91 6.243809e-09
92 4.500706e-09
93 3.118527e-09
94 2.124897e-09
95 1.423491e-09
96 9.331710e-10
97 6.144581e-10
98 4.062292e-10
99 2.693848e-10
100 1.775641e-10
101 1.151259e-10
102 7.279474e-11
103 4.462406e-11
104 2.643099e-11
105 8.932939e-09
106 6.869227e-09
107 5.037812e-09
108 3.538968e-09
109 2.434532e-09
110 1.647506e-09
111 1.086644e-09
112 7.096147e-10
113 4.660147e-10
114 3.061821e-10
115 2.005611e-10
116 1.299051e-10
117 8.252233e-11
118 5.108572e-11
119 3.069751e-11
120 9.691204e-09
121 7.593396e-09
122 5.677532e-09
123 4.057656e-09
124 2.824425e-09
125 1.931271e-09
126 1.286796e-09
127 8.366915e-10
128 5.454514e-10
129 3.544709e-10
130 2.302971e-10
131 1.485690e-10
132 9.454314e-11
133 5.898384e-11
134 3.590219e-11
135 9.993187e-09
136 7.990891e-09
137 6.116411e-09
138 4.470910e-09
139 3.164778e-09
140 2.191681e-09
141 1.481212e-09
142 9.679650e-10
143 6.247483e-10
144 4.018536e-10
145 2.577972e-10
146 1.647165e-10
147 1.044251e-10
148 6.534677e-11
149 4.014779e-11
150 8.635591e-09
151 6.279072e-09
152 4.400277e-09
153 2.952833e-09
154 1.937887e-09
155 1.277773e-09
156 8.518302e-10
157 5.754025e-10
158 3.917686e-10
159 2.659191e-10
160 1.768540e-10
161 1.136878e-10
162 6.995112e-11
163 4.102583e-11
164 2.297648e-11
165 1.021357e-08
166 7.433569e-09
167 5.211102e-09
168 3.498378e-09
169 2.275846e-09
170 1.481476e-09
171 9.771128e-10
172 6.571346e-10
173 4.488940e-10
174 3.071436e-10
175 2.066938e-10
176 1.345742e-10
177 8.375858e-11
178 4.952326e-11
179 2.780688e-11
180 1.143029e-08
181 8.363109e-09
182 5.884073e-09
183 3.965661e-09
184 2.583454e-09
185 1.672615e-09
186 1.095592e-09
187 7.328591e-10
188 4.995873e-10
189 3.424397e-10
190 2.316211e-10
191 1.519482e-10
192 9.542505e-11
193 5.693935e-11
194 3.222643e-11
195 1.264396e-08
196 9.340898e-09
197 6.623992e-09
198 4.497087e-09
199 2.948988e-09
200 1.913987e-09
201 1.247238e-09
202 8.299575e-10
203 5.624628e-10
204 3.842931e-10
205 2.600820e-10
206 1.713659e-10
207 1.084342e-10
208 6.537636e-11
209 3.745130e-11
210 1.370745e-08
211 1.022378e-08
212 7.312160e-09
213 4.998972e-09
214 3.299487e-09
215 2.152787e-09
216 1.398359e-09
217 9.264877e-10
218 6.238559e-10
219 4.243633e-10
220 2.868348e-10
221 1.894276e-10
222 1.205393e-10
223 7.330719e-11
224 4.245550e-11
225 1.469597e-08
226 1.106950e-08
227 7.990914e-09
228 5.505599e-09
229 3.657702e-09
230 2.402571e-09
231 1.561182e-09
232 1.028906e-09
233 6.886712e-10
234 4.658587e-10
235 3.139695e-10
236 2.074753e-10
237 1.325894e-10
238 8.122670e-11
239 4.752882e-11
240 1.567797e-08
241 1.193513e-08
242 8.706885e-09
243 6.054478e-09
244 4.051842e-09
245 2.681476e-09
246 1.749634e-09
247 1.146505e-09
248 7.633373e-10
249 5.127702e-10
250 3.439745e-10
251 2.270495e-10
252 1.455062e-10
253 8.971896e-11
254 5.301611e-11
255 1.673863e-08
256 1.289450e-08
257 9.527192e-09
258 6.703366e-09
259 4.527657e-09
260 3.021157e-09
261 1.986028e-09
262 1.296690e-09
263 8.581372e-10
264 5.714333e-10
265 3.807990e-10
266 2.505213e-10
267 1.607433e-10
268 9.965290e-11
269 5.944720e-11
270 1.688402e-08
271 1.318236e-08
272 9.893179e-09
273 7.073229e-09
274 4.843725e-09
275 3.267830e-09
276 2.172788e-09
277 1.423064e-09
278 9.334651e-10
279 6.156865e-10
280 4.058770e-10
281 2.649570e-10
282 1.694851e-10
283 1.053415e-10
284 6.335139e-11
285 1.261149e-08
286 9.251530e-09
287 6.536046e-09
288 4.432082e-09
289 2.878404e-09
290 1.858824e-09
291 1.214282e-09
292 8.103455e-10
293 5.518171e-10
294 3.787683e-10
295 2.570964e-10
296 1.695042e-10
297 1.070293e-10
298 6.418477e-11
299 3.646109e-11
300 1.442705e-08
301 1.066589e-08
302 7.579527e-09
303 5.179374e-09
304 3.379297e-09
305 2.172956e-09
306 1.412580e-09
307 9.365371e-10
308 6.350442e-10
309 4.355363e-10
310 2.966610e-10
311 1.969512e-10
312 1.255386e-10
313 7.608330e-11
314 4.367405e-11
315 1.602499e-08
316 1.193297e-08
317 8.526273e-09
318 5.862254e-09
319 3.844156e-09
320 2.469726e-09
321 1.600309e-09
322 1.056046e-09
323 7.129590e-10
324 4.880699e-10
325 3.328544e-10
326 2.219187e-10
327 1.423776e-10
328 8.697977e-11
329 5.035780e-11
330 1.730474e-08
331 1.295611e-08
332 9.298833e-09
333 6.423116e-09
334 4.227516e-09
335 2.717812e-09
336 1.757598e-09
337 1.156031e-09
338 7.777365e-10
339 5.313674e-10
340 3.625434e-10
341 2.423092e-10
342 1.561232e-10
343 9.590385e-11
344 5.586634e-11
345 1.840248e-08
346 1.384624e-08
347 9.978969e-09
348 6.919891e-09
349 4.569595e-09
350 2.942099e-09
351 1.901528e-09
352 1.246965e-09
353 8.364045e-10
354 5.702647e-10
355 3.888841e-10
356 2.603081e-10
357 1.682276e-10
358 1.037821e-10
359 6.076458e-11
360 1.941892e-08
361 1.467992e-08
362 1.062519e-08
363 7.398814e-09
364 4.902337e-09
365 3.162825e-09
366 2.045750e-09
367 1.337690e-09
368 8.949608e-10
369 6.086549e-10
370 4.145644e-10
371 2.776305e-10
372 1.798112e-10
373 1.113229e-10
374 6.548924e-11
375 2.044552e-08
376 1.553219e-08
377 1.129805e-08
378 7.905827e-09
379 5.259282e-09
380 3.402171e-09
381 2.205276e-09
382 1.439020e-09
383 9.600693e-10
384 6.506654e-10
385 4.422802e-10
386 2.960835e-10
387 1.920508e-10
388 1.192668e-10
389 7.047473e-11
390 2.019406e-08
391 1.541675e-08
392 1.127633e-08
393 7.937265e-09
394 5.309989e-09
395 3.450648e-09
396 2.246558e-09
397 1.466957e-09
398 9.749431e-10
399 6.578745e-10
400 4.453028e-10
401 2.972763e-10
402 1.926787e-10
403 1.198223e-10
404 7.106113e-11
405 1.694261e-08
406 1.267389e-08
407 9.081622e-09
408 6.270668e-09
409 4.130570e-09
410 2.647533e-09
411 1.713814e-09
412 1.126340e-09
413 7.583219e-10
414 5.183859e-10
415 3.538236e-10
416 2.365620e-10
417 1.524414e-10
418 9.363277e-11
419 5.451905e-11
420 1.919688e-08
421 1.449788e-08
422 1.045862e-08
423 7.274162e-09
424 4.830017e-09
425 3.094690e-09
426 1.996564e-09
427 1.303960e-09
428 8.728376e-10
429 5.947162e-10
430 4.061554e-10
431 2.727527e-10
432 1.770903e-10
433 1.098225e-10
434 6.462248e-11
435 2.095336e-08
436 1.592266e-08
437 1.153503e-08
438 8.058215e-09
439 5.377861e-09
440 3.445578e-09
441 2.218079e-09
442 1.443107e-09
443 9.624759e-10
444 6.544214e-10
445 4.470575e-10
446 3.010280e-10
447 1.963519e-10
448 1.224830e-10
449 7.253370e-11
450 2.240378e-08
451 1.709854e-08
452 1.242239e-08
453 8.705195e-09
454 5.829300e-09
455 3.734781e-09
456 2.400542e-09
457 1.557830e-09
458 1.036394e-09
459 7.036566e-10
460 4.807919e-10
461 3.243527e-10
462 2.122414e-10
463 1.329257e-10
464 7.905728e-11
465 2.369672e-08
466 1.814580e-08
467 1.321380e-08
468 9.282205e-09
469 6.231655e-09
470 3.992700e-09
471 2.563520e-09
472 1.660182e-09
473 1.102305e-09
474 7.474907e-10
475 5.108156e-10
476 3.451438e-10
477 2.264052e-10
478 1.422342e-10
479 8.486551e-11
480 2.495076e-08
481 1.916228e-08
482 1.398206e-08
483 9.841550e-09
484 6.622215e-09
485 4.242433e-09
486 2.720835e-09
487 1.759343e-09
488 1.166191e-09
489 7.900607e-10
490 5.399846e-10
491 3.652691e-10
492 2.401278e-10
493 1.512520e-10
494 9.050469e-11
495 2.452741e-08
496 1.886962e-08
497 1.378117e-08
498 9.710555e-09
499 6.545776e-09
500 4.195246e-09
501 2.689284e-09
502 1.737409e-09
503 1.150289e-09
504 7.785530e-10
505 5.319246e-10
506 3.599403e-10
507 2.368315e-10
508 1.493836e-10
509 8.953928e-11
510 2.231868e-08
511 1.709866e-08
512 1.245585e-08
513 8.741665e-09
514 5.874961e-09
515 3.777835e-09
516 2.425397e-09
517 1.572527e-09
518 1.043393e-09
519 7.065540e-10
520 4.819077e-10
521 3.249610e-10
522 2.128528e-10
523 1.336277e-10
524 7.976343e-11
525 2.485383e-08
526 1.923031e-08
527 1.410571e-08
528 9.957135e-09
529 6.744214e-09
530 4.353390e-09
531 2.784977e-09
532 1.798485e-09
533 1.186326e-09
534 7.996486e-10
535 5.446272e-10
536 3.680494e-10
537 2.423598e-10
538 1.533241e-10
539 9.235380e-11
540 2.695515e-08
541 2.099982e-08
542 1.547622e-08
543 1.096722e-08
544 7.465912e-09
545 4.831683e-09
546 3.084063e-09
547 1.986607e-09
548 1.305188e-09
549 8.770411e-10
550 5.967450e-10
551 4.038407e-10
552 2.668708e-10
553 1.696885e-10
554 1.028219e-10
555 2.882710e-08
556 2.257453e-08
557 1.669522e-08
558 1.186538e-08
559 8.107589e-09
560 5.256764e-09
561 3.349556e-09
562 2.153688e-09
563 1.410844e-09
564 9.457804e-10
565 6.430811e-10
566 4.356716e-10
567 2.886707e-10
568 1.842425e-10
569 1.121288e-10
570 3.064259e-08
571 2.410175e-08
572 1.787741e-08
573 1.273678e-08
574 8.729876e-09
575 5.669243e-09
576 3.607566e-09
577 2.315726e-09
578 1.513267e-09
579 1.012577e-09
580 6.879891e-10
581 4.665427e-10
582 3.098140e-10
583 1.983579e-10
584 1.211551e-10
585 3.034210e-08
586 2.393496e-08
587 1.778871e-08
588 1.269183e-08
589 8.719898e-09
590 5.672377e-09
591 3.606516e-09
592 2.313150e-09
593 1.508826e-09
594 1.007923e-09
595 6.842050e-10
596 4.640151e-10
597 3.084944e-10
598 1.979010e-10
599 1.211699e-10
600 2.822885e-08
601 2.215172e-08
602 1.641739e-08
603 1.167724e-08
604 7.988331e-09
605 5.200269e-09
606 3.314142e-09
607 2.131807e-09
608 1.394247e-09
609 9.330203e-10
610 6.331164e-10
611 4.283298e-10
612 2.836614e-10
613 1.811338e-10
614 1.104033e-10
615 3.111814e-08
616 2.466838e-08
617 1.842177e-08
618 1.317460e-08
619 9.073022e-09
620 5.943915e-09
621 3.781310e-09
622 2.425763e-09
623 1.577120e-09
624 1.049811e-09
625 7.102895e-10
626 4.807042e-10
627 3.194900e-10
628 2.052766e-10
629 1.261175e-10
630 3.369419e-08
631 2.691222e-08
632 2.020977e-08
633 1.451021e-08
634 1.004018e-08
635 6.606969e-09
636 4.197920e-09
637 2.687802e-09
638 1.740089e-09
639 1.153927e-09
640 7.790982e-10
641 5.274007e-10
642 3.514330e-10
643 2.268014e-10
644 1.401286e-10
645 3.618975e-08
646 2.908593e-08
647 2.194350e-08
648 1.580350e-08
649 1.097631e-08
650 7.248631e-09
651 4.600917e-09
652 2.941304e-09
653 1.897790e-09
654 1.254697e-09
655 8.456936e-10
656 5.726101e-10
657 3.823631e-10
658 2.476442e-10
659 1.536943e-10
660 3.614607e-08
661 2.918286e-08
662 2.209001e-08
663 1.594383e-08
664 1.110798e-08
665 7.360356e-09
666 4.669335e-09
667 2.982494e-09
668 1.919323e-09
669 1.265691e-09
670 8.515472e-10
671 5.763238e-10
672 3.852676e-10
673 2.501233e-10
674 1.557470e-10
675 3.488575e-08
676 2.804445e-08
677 2.118067e-08
678 1.526440e-08
679 1.059832e-08
680 7.014447e-09
681 4.464392e-09
682 2.853375e-09
683 1.841070e-09
684 1.216160e-09
685 8.184181e-10
686 5.531723e-10
687 3.688355e-10
688 2.386652e-10
689 1.481028e-10
690 3.832675e-08
691 3.114263e-08
692 2.373010e-08
693 1.720164e-08
694 1.201538e-08
695 8.011992e-09
696 5.105101e-09
697 3.253689e-09
698 2.088714e-09
699 1.371702e-09
700 9.191012e-10
701 6.203943e-10
702 4.144961e-10
703 2.695425e-10
704 1.684608e-10
705 4.166794e-08
706 3.414721e-08
707 2.619732e-08
708 1.908099e-08
709 1.338721e-08
710 8.977556e-09
711 5.726164e-09
712 3.641008e-09
713 2.328277e-09
714 1.522288e-09
715 1.016555e-09
716 6.854743e-10
717 4.587076e-10
718 2.994415e-10
719 1.881731e-10
720 4.205394e-08
721 3.469438e-08
722 2.676511e-08
723 1.956073e-08
724 1.377477e-08
725 9.284802e-09
726 5.929489e-09
727 3.764235e-09
728 2.399925e-09
729 1.563303e-09
730 1.040591e-09
731 7.006572e-10
732 4.691934e-10
733 3.071027e-10
734 1.937934e-10
735 4.279782e-08
736 3.528064e-08
737 2.722743e-08
738 1.991929e-08
739 1.401663e-08
740 9.444747e-09
741 6.052942e-09
742 3.840444e-09
743 2.452437e-09
744 1.597168e-09
745 1.062254e-09
746 7.143708e-10
747 4.777008e-10
748 3.122485e-10
749 1.968376e-10
750 4.722166e-08
751 3.939698e-08
752 3.072392e-08
753 2.264677e-08
754 1.603129e-08
755 1.088899e-08
756 7.014784e-09
757 4.436361e-09
758 2.823011e-09
759 1.825945e-09
760 1.206960e-09
761 8.089863e-10
762 5.411258e-10
763 3.550296e-10
764 2.252662e-10
765 4.830079e-08
766 4.068178e-08
767 3.200615e-08
768 2.373037e-08
769 1.687751e-08
770 1.154242e-08
771 7.471744e-09
772 4.713685e-09
773 2.991508e-09
774 1.924258e-09
775 1.265138e-09
776 8.451108e-10
777 5.650471e-10
778 3.716605e-10
779 2.369915e-10
780 5.306233e-08
781 4.499404e-08
782 3.563547e-08
783 2.658110e-08
784 1.897544e-08
785 1.302439e-08
786 8.485063e-09
787 5.352442e-09
788 3.393335e-09
789 2.173247e-09
790 1.422643e-09
791 9.469611e-10
792 6.320624e-10
793 4.159006e-10
794 2.658225e-10
795 5.530872e-08
796 4.755640e-08
797 3.819206e-08
798 2.879446e-08
799 2.070819e-08
800 1.434259e-08
801 9.439053e-09
802 5.953455e-09
803 3.762557e-09
804 2.390016e-09
805 1.550837e-09
806 1.024948e-09
807 6.819215e-10
808 4.492836e-10
809 2.887121e-10
810 5.934193e-08
811 5.211524e-08
812 4.280986e-08
813 3.292702e-08
814 2.401578e-08
815 1.684432e-08
816 1.128935e-08
817 7.183512e-09
818 4.512125e-09
819 2.839226e-09
820 1.814922e-09
821 1.182012e-09
822 7.788017e-10
823 5.117380e-10
824 3.302822e-10
825 6.166608e-07
826 4.682629e-07
827 3.540957e-07
828 2.496715e-07
829 1.573050e-07
830 9.989911e-08
831 6.241690e-08
832 0.000000e+00
833 0.000000e+00
834 0.000000e+00
835 0.000000e+00
836 0.000000e+00
837 0.000000e+00
838 0.000000e+00
839 0.000000e+00
840 7.356942e-07
841 5.594435e-07
842 4.229879e-07
843 2.998997e-07
844 1.891364e-07
845 1.202041e-07
846 7.500835e-08
847 0.000000e+00
848 0.000000e+00
849 0.000000e+00
850 0.000000e+00
851 0.000000e+00
852 0.000000e+00
853 0.000000e+00
854 0.000000e+00
855 8.332350e-07
856 6.341544e-07
857 4.794328e-07
858 3.410631e-07
859 2.152227e-07
860 1.368431e-07
861 8.532708e-08
862 0.000000e+00
863 0.000000e+00
864 0.000000e+00
865 0.000000e+00
866 0.000000e+00
867 0.000000e+00
868 0.000000e+00
869 0.000000e+00
870 9.085845e-07
871 6.918737e-07
872 5.230383e-07
873 3.728585e-07
874 2.353745e-07
875 1.496964e-07
876 9.329780e-08
877 0.000000e+00
878 0.000000e+00
879 0.000000e+00
880 0.000000e+00
881 0.000000e+00
882 0.000000e+00
883 0.000000e+00
884 0.000000e+00
885 9.709017e-07
886 7.396227e-07
887 5.591124e-07
888 3.991611e-07
889 2.520449e-07
890 1.603298e-07
891 9.989241e-08
892 0.000000e+00
893 0.000000e+00
894 0.000000e+00
895 0.000000e+00
896 0.000000e+00
897 0.000000e+00
898 0.000000e+00
899 0.000000e+00
900 1.026475e-06
901 7.821948e-07
902 5.912741e-07
903 4.226115e-07
904 2.669071e-07
905 1.698097e-07
906 1.057723e-07
907 0.000000e+00
908 0.000000e+00
909 0.000000e+00
910 0.000000e+00
911 0.000000e+00
912 0.000000e+00
913 0.000000e+00
914 0.000000e+00
915 1.080376e-06
916 8.234837e-07
917 6.224682e-07
918 4.453585e-07
919 2.813207e-07
920 1.790036e-07
921 1.114745e-07
922 0.000000e+00
923 0.000000e+00
924 0.000000e+00
925 0.000000e+00
926 0.000000e+00
927 0.000000e+00
928 0.000000e+00
929 0.000000e+00
930 1.054891e-06
931 8.041970e-07
932 6.078545e-07
933 4.351254e-07
934 2.749008e-07
935 1.749285e-07
936 1.089242e-07
937 0.000000e+00
938 0.000000e+00
939 0.000000e+00
940 0.000000e+00
941 0.000000e+00
942 0.000000e+00
943 0.000000e+00
944 0.000000e+00
945 2.925446e-07
946 2.386186e-07
947 1.786869e-07
948 1.369932e-07
949 9.603586e-08
950 5.938435e-08
951 3.711886e-08
952 2.304561e-08
953 0.000000e+00
954 0.000000e+00
955 0.000000e+00
956 0.000000e+00
957 0.000000e+00
958 0.000000e+00
959 0.000000e+00
960 4.375252e-07
961 3.592778e-07
962 2.695222e-07
963 2.061945e-07
964 1.461874e-07
965 9.005484e-08
966 5.658364e-08
967 3.504957e-08
968 0.000000e+00
969 0.000000e+00
970 0.000000e+00
971 0.000000e+00
972 0.000000e+00
973 0.000000e+00
974 0.000000e+00
975 5.610151e-07
976 4.623308e-07
977 3.472185e-07
978 2.653276e-07
979 1.891779e-07
980 1.163788e-07
981 7.331311e-08
982 4.535233e-08
983 0.000000e+00
984 0.000000e+00
985 0.000000e+00
986 0.000000e+00
987 0.000000e+00
988 0.000000e+00
989 0.000000e+00
990 6.562197e-07
991 5.417804e-07
992 4.071224e-07
993 3.109173e-07
994 2.223189e-07
995 1.366749e-07
996 8.621078e-08
997 5.329611e-08
998 0.000000e+00
999 0.000000e+00
1000 0.000000e+00
1001 0.000000e+00
1002 0.000000e+00
1003 0.000000e+00
1004 0.000000e+00
1005 7.349575e-07
1006 6.074899e-07
1007 4.566585e-07
1008 3.486265e-07
1009 2.497260e-07
1010 1.534592e-07
1011 9.687698e-08
1012 5.986585e-08
1013 0.000000e+00
1014 0.000000e+00
1015 0.000000e+00
1016 0.000000e+00
1017 0.000000e+00
1018 0.000000e+00
1019 0.000000e+00
1020 8.051611e-07
1021 6.660893e-07
1022 5.008326e-07
1023 3.822485e-07
1024 2.741659e-07
1025 1.684250e-07
1026 1.063860e-07
1027 6.572316e-08
1028 0.000000e+00
1029 0.000000e+00
1030 0.000000e+00
1031 0.000000e+00
1032 0.000000e+00
1033 0.000000e+00
1034 0.000000e+00
1035 8.732549e-07
1036 7.229136e-07
1037 5.436809e-07
1038 4.148543e-07
1039 2.978701e-07
1040 1.829413e-07
1041 1.156094e-07
1042 7.140403e-08
1043 0.000000e+00
1044 0.000000e+00
1045 0.000000e+00
1046 0.000000e+00
1047 0.000000e+00
1048 0.000000e+00
1049 0.000000e+00
1050 8.702936e-07
1051 7.208689e-07
1052 5.422442e-07
1053 4.136825e-07
1054 2.972814e-07
1055 1.825474e-07
1056 1.154066e-07
1057 7.126348e-08
1058 0.000000e+00
1059 0.000000e+00
1060 0.000000e+00
1061 0.000000e+00
1062 0.000000e+00
1063 0.000000e+00
1064 0.000000e+00
1065 2.269968e-07
1066 2.011194e-07
1067 1.563032e-07
1068 1.166939e-07
1069 8.993741e-08
1070 5.669316e-08
1071 3.670049e-08
1072 2.213693e-08
1073 1.365477e-08
1074 0.000000e+00
1075 0.000000e+00
1076 0.000000e+00
1077 0.000000e+00
1078 0.000000e+00
1079 0.000000e+00
1080 3.594792e-07
1081 3.204915e-07
1082 2.503098e-07
1083 1.866989e-07
1084 1.440447e-07
1085 9.183211e-08
1086 5.914764e-08
1087 3.566931e-08
1088 2.199826e-08
1089 0.000000e+00
1090 0.000000e+00
1091 0.000000e+00
1092 0.000000e+00
1093 0.000000e+00
1094 0.000000e+00
1095 4.630520e-07
1096 4.139080e-07
1097 3.239530e-07
1098 2.415431e-07
1099 1.864173e-07
1100 1.194182e-07
1101 7.674345e-08
1102 4.628497e-08
1103 2.854230e-08
1104 0.000000e+00
1105 0.000000e+00
1106 0.000000e+00
1107 0.000000e+00
1108 0.000000e+00
1109 0.000000e+00
1110 5.485349e-07
1111 4.910014e-07
1112 3.847211e-07
1113 2.868015e-07
1114 2.213870e-07
1115 1.421788e-07
1116 9.126441e-08
1117 5.504489e-08
1118 3.394215e-08
1119 0.000000e+00
1120 0.000000e+00
1121 0.000000e+00
1122 0.000000e+00
1123 0.000000e+00
1124 0.000000e+00
1125 6.247662e-07
1126 5.597435e-07
1127 4.389072e-07
1128 3.271566e-07
1129 2.525672e-07
1130 1.624731e-07
1131 1.042098e-07
1132 6.285562e-08
1133 3.875708e-08
1134 0.000000e+00
1135 0.000000e+00
1136 0.000000e+00
1137 0.000000e+00
1138 0.000000e+00
1139 0.000000e+00
1140 6.986986e-07
1141 6.264152e-07
1142 4.914577e-07
1143 3.662963e-07
1144 2.828088e-07
1145 1.821551e-07
1146 1.167668e-07
1147 7.043003e-08
1148 4.342728e-08
1149 0.000000e+00
1150 0.000000e+00
1151 0.000000e+00
1152 0.000000e+00
1153 0.000000e+00
1154 0.000000e+00
1155 7.154382e-07
1156 6.418435e-07
1157 5.038254e-07
1158 3.754806e-07
1159 2.899231e-07
1160 1.869594e-07
1161 1.197792e-07
1162 7.224899e-08
1163 4.454705e-08
1164 0.000000e+00
1165 0.000000e+00
1166 0.000000e+00
1167 0.000000e+00
1168 0.000000e+00
1169 0.000000e+00
1170 2.147044e-07
1171 2.019371e-07
1172 1.654006e-07
1173 1.233482e-07
1174 9.466168e-08
1175 6.700242e-08
1176 4.074344e-08
1177 2.509959e-08
1178 1.540035e-08
1179 0.000000e+00
1180 0.000000e+00
1181 0.000000e+00
1182 0.000000e+00
1183 0.000000e+00
1184 0.000000e+00
1185 3.224631e-07
1186 3.044440e-07
1187 2.504238e-07
1188 1.869882e-07
1189 1.432467e-07
1190 1.021628e-07
1191 6.189819e-08
1192 3.831599e-08
1193 2.347102e-08
1194 0.000000e+00
1195 0.000000e+00
1196 0.000000e+00
1197 0.000000e+00
1198 0.000000e+00
1199 0.000000e+00
1200 4.113306e-07
1201 3.889995e-07
1202 3.205658e-07
1203 2.394933e-07
1204 1.833288e-07
1205 1.311770e-07
1206 7.935563e-08
1207 4.922626e-08
1208 3.013240e-08
1209 0.000000e+00
1210 0.000000e+00
1211 0.000000e+00
1212 0.000000e+00
1213 0.000000e+00
1214 0.000000e+00
1215 4.904682e-07
1216 4.642942e-07
1217 3.830210e-07
1218 2.862505e-07
1219 2.190210e-07
1220 1.570126e-07
1221 9.490235e-08
1222 5.894120e-08
1223 3.606359e-08
1224 0.000000e+00
1225 0.000000e+00
1226 0.000000e+00
1227 0.000000e+00
1228 0.000000e+00
1229 0.000000e+00
1230 5.672265e-07
1231 5.373121e-07
1232 4.436036e-07
1233 3.316003e-07
1234 2.536404e-07
1235 1.820690e-07
1236 1.099786e-07
1237 6.836320e-08
1238 4.181664e-08
1239 0.000000e+00
1240 0.000000e+00
1241 0.000000e+00
1242 0.000000e+00
1243 0.000000e+00
1244 0.000000e+00
1245 5.989224e-07
1246 5.676822e-07
1247 4.689875e-07
1248 3.506471e-07
1249 2.681337e-07
1250 1.927011e-07
1251 1.163375e-07
1252 7.236873e-08
1253 4.425543e-08
1254 0.000000e+00
1255 0.000000e+00
1256 0.000000e+00
1257 0.000000e+00
1258 0.000000e+00
1259 0.000000e+00
1260 2.094403e-07
1261 2.058486e-07
1262 1.773525e-07
1263 1.349409e-07
1264 1.014182e-07
1265 7.719959e-08
1266 4.621819e-08
1267 2.999677e-08
1268 1.800783e-08
1269 1.089512e-08
1270 0.000000e+00
1271 0.000000e+00
1272 0.000000e+00
1273 0.000000e+00
1274 0.000000e+00
1275 3.003760e-07
1276 2.959112e-07
1277 2.557119e-07
1278 1.949223e-07
1279 1.463484e-07
1280 1.116429e-07
1281 6.705163e-08
1282 4.355609e-08
1283 2.611220e-08
1284 1.578297e-08
1285 0.000000e+00
1286 0.000000e+00
1287 0.000000e+00
1288 0.000000e+00
1289 0.000000e+00
1290 3.809538e-07
1291 3.757075e-07
1292 3.251305e-07
1293 2.480558e-07
1294 1.861509e-07
1295 1.421526e-07
1296 8.548757e-08
1297 5.557271e-08
1298 3.328695e-08
1299 2.011189e-08
1300 0.000000e+00
1301 0.000000e+00
1302 0.000000e+00
1303 0.000000e+00
1304 0.000000e+00
1305 4.590837e-07
1306 4.530786e-07
1307 3.924382e-07
1308 2.995730e-07
1309 2.247427e-07
1310 1.717342e-07
1311 1.033703e-07
1312 6.721805e-08
1313 4.024596e-08
1314 2.430976e-08
1315 0.000000e+00
1316 0.000000e+00
1317 0.000000e+00
1318 0.000000e+00
1319 0.000000e+00
1320 5.020600e-07
1321 4.957774e-07
1322 4.296991e-07
1323 3.281641e-07
1324 2.461303e-07
1325 1.881942e-07
1326 1.133610e-07
1327 7.373291e-08
1328 4.413206e-08
1329 2.664796e-08
1330 0.000000e+00
1331 0.000000e+00
1332 0.000000e+00
1333 0.000000e+00
1334 0.000000e+00
1335 1.189685e-07
1336 1.204466e-07
1337 1.078586e-07
1338 8.422057e-08
1339 6.259914e-08
1340 4.860287e-08
1341 3.064162e-08
1342 1.985127e-08
1343 1.173269e-08
1344 7.064330e-09
1345 0.000000e+00
1346 0.000000e+00
1347 0.000000e+00
1348 0.000000e+00
1349 0.000000e+00
1350 2.102041e-07
1351 2.135790e-07
1352 1.922218e-07
1353 1.507293e-07
1354 1.119705e-07
1355 8.693640e-08
1356 5.541280e-08
1357 3.568659e-08
1358 2.108307e-08
1359 1.270989e-08
1360 0.000000e+00
1361 0.000000e+00
1362 0.000000e+00
1363 0.000000e+00
1364 0.000000e+00
1365 2.915874e-07
1366 2.966956e-07
1367 2.675435e-07
1368 2.101552e-07
1369 1.560837e-07
1370 1.211762e-07
1371 7.757230e-08
1372 4.983900e-08
1373 2.944270e-08
1374 1.775755e-08
1375 0.000000e+00
1376 0.000000e+00
1377 0.000000e+00
1378 0.000000e+00
1379 0.000000e+00
1380 3.702988e-07
1381 3.770720e-07
1382 3.403809e-07
1383 2.676012e-07
1384 1.987283e-07
1385 1.542789e-07
1386 9.899380e-08
1387 6.352133e-08
1388 3.752436e-08
1389 2.263632e-08
1390 0.000000e+00
1391 0.000000e+00
1392 0.000000e+00
1393 0.000000e+00
1394 0.000000e+00
1395 4.219106e-07
1396 4.298711e-07
1397 3.883524e-07
1398 3.055118e-07
1399 2.268637e-07
1400 1.761225e-07
1401 1.132018e-07
1402 7.256580e-08
1403 4.287084e-08
1404 2.586568e-08
1405 0.000000e+00
1406 0.000000e+00
1407 0.000000e+00
1408 0.000000e+00
1409 0.000000e+00
1410 1.343554e-07
1411 1.398755e-07
1412 1.302420e-07
1413 1.053278e-07
1414 7.820146e-08
1415 6.037334e-08
1416 4.153590e-08
1417 2.549584e-08
1418 1.520565e-08
1419 9.202050e-09
1420 0.000000e+00
1421 0.000000e+00
1422 0.000000e+00
1423 0.000000e+00
1424 0.000000e+00
1425 2.164765e-07
1426 2.258413e-07
1427 2.109207e-07
1428 1.711126e-07
1429 1.271183e-07
1430 9.801399e-08
1431 6.790691e-08
1432 4.148208e-08
1433 2.482424e-08
1434 1.501027e-08
1435 0.000000e+00
1436 0.000000e+00
1437 0.000000e+00
1438 0.000000e+00
1439 0.000000e+00
1440 2.953155e-07
1441 3.083638e-07
1442 2.883630e-07
1443 2.342519e-07
1444 1.740695e-07
1445 1.341393e-07
1446 9.321372e-08
1447 5.682368e-08
1448 3.405538e-08
1449 2.058498e-08
1450 0.000000e+00
1451 0.000000e+00
1452 0.000000e+00
1453 0.000000e+00
1454 0.000000e+00
1455 3.538088e-07
1456 3.696599e-07
1457 3.459734e-07
1458 2.813091e-07
1459 2.090683e-07
1460 1.610534e-07
1461 1.121283e-07
1462 6.826600e-08
1463 4.095096e-08
1464 2.474759e-08
1465 0.000000e+00
1466 0.000000e+00
1467 0.000000e+00
1468 0.000000e+00
1469 0.000000e+00
1470 7.111344e-08
1471 7.548522e-08
1472 7.227828e-08
1473 6.022319e-08
1474 4.503095e-08
1475 3.432445e-08
1476 2.509351e-08
1477 1.481220e-08
1478 9.164226e-09
1479 5.489754e-09
1480 0.000000e+00
1481 0.000000e+00
1482 0.000000e+00
1483 0.000000e+00
1484 0.000000e+00
1485 1.517938e-07
1486 1.616658e-07
1487 1.555616e-07
1488 1.303743e-07
1489 9.771892e-08
1490 7.428676e-08
1491 5.479277e-08
1492 3.225573e-08
1493 2.013466e-08
1494 1.202747e-08
1495 0.000000e+00
1496 0.000000e+00
1497 0.000000e+00
1498 0.000000e+00
1499 0.000000e+00
1500 2.306335e-07
1501 2.459211e-07
1502 2.370427e-07
1503 1.990731e-07
1504 1.493427e-07
1505 1.134265e-07
1506 8.390999e-08
1507 4.936282e-08
1508 3.090601e-08
1509 1.844400e-08
1510 0.000000e+00
1511 0.000000e+00
1512 0.000000e+00
1513 0.000000e+00
1514 0.000000e+00
1515 2.947113e-07
1516 3.144496e-07
1517 3.033804e-07
1518 2.550641e-07
1519 1.914378e-07
1520 1.453248e-07
1521 1.076796e-07
1522 6.332235e-08
1523 3.971089e-08
1524 2.368571e-08
1525 0.000000e+00
1526 0.000000e+00
1527 0.000000e+00
1528 0.000000e+00
1529 0.000000e+00
1530 9.487615e-08
1531 1.028155e-07
1532 1.014783e-07
1533 8.771930e-08
1534 6.674453e-08
1535 5.007922e-08
1536 3.833166e-08
1537 2.264639e-08
1538 1.468718e-08
1539 8.650902e-09
1540 5.052908e-09
1541 0.000000e+00
1542 0.000000e+00
1543 0.000000e+00
1544 0.000000e+00
1545 1.737898e-07
1546 1.886742e-07
1547 1.867130e-07
1548 1.619677e-07
1549 1.235074e-07
1550 9.255665e-08
1551 7.101692e-08
1552 4.212095e-08
1553 2.736878e-08
1554 1.609466e-08
1555 9.388062e-09
1556 0.000000e+00
1557 0.000000e+00
1558 0.000000e+00
1559 0.000000e+00
1560 2.424973e-07
1561 2.634597e-07
1562 2.610028e-07
1563 2.267218e-07
1564 1.730412e-07
1565 1.296143e-07
1566 9.954717e-08
1567 5.913580e-08
1568 3.845207e-08
1569 2.259819e-08
1570 1.317460e-08
1571 0.000000e+00
1572 0.000000e+00
1573 0.000000e+00
1574 0.000000e+00
1575 1.225210e-07
1576 1.351530e-07
1577 1.368990e-07
1578 1.224835e-07
1579 9.543348e-08
1580 7.089978e-08
1581 5.515128e-08
1582 3.432073e-08
1583 2.226029e-08
1584 1.292248e-08
1585 7.542938e-09
1586 0.000000e+00
1587 0.000000e+00
1588 0.000000e+00
1589 0.000000e+00
1590 1.952413e-07
1591 2.155820e-07
1592 2.186753e-07
1593 1.960240e-07
1594 1.529771e-07
1595 1.136143e-07
1596 8.839111e-08
1597 5.524054e-08
1598 3.576018e-08
1599 2.074739e-08
1600 1.212222e-08
1601 0.000000e+00
1602 0.000000e+00
1603 0.000000e+00
1604 0.000000e+00
1605 6.394069e-05
1606 4.836398e-05
1607 3.681869e-05
1608 2.645830e-05
1609 1.646053e-05
1610 1.050861e-05
1611 6.542952e-06
1612 0.000000e+00
1613 0.000000e+00
1614 0.000000e+00
1615 0.000000e+00
1616 0.000000e+00
1617 0.000000e+00
1618 0.000000e+00
1619 0.000000e+00
1620 5.077227e-05
1621 4.203299e-05
1622 3.148752e-05
1623 2.406867e-05
1624 1.740354e-05
1625 1.055948e-05
1626 6.660460e-06
1627 4.126826e-06
1628 0.000000e+00
1629 0.000000e+00
1630 0.000000e+00
1631 0.000000e+00
1632 0.000000e+00
1633 0.000000e+00
1634 0.000000e+00
1635 3.981308e-05
1636 3.579054e-05
1637 2.807170e-05
1638 2.086861e-05
1639 1.620351e-05
1640 1.039017e-05
1641 6.720924e-06
1642 4.028729e-06
1643 2.482087e-06
1644 0.000000e+00
1645 0.000000e+00
1646 0.000000e+00
1647 0.000000e+00
1648 0.000000e+00
1649 0.000000e+00
1650 3.254703e-05
1651 3.090268e-05
1652 2.553929e-05
1653 1.906016e-05
1654 1.458117e-05
1655 1.053021e-05
1656 6.308800e-06
1657 3.912506e-06
1658 2.397657e-06
1659 0.000000e+00
1660 0.000000e+00
1661 0.000000e+00
1662 0.000000e+00
1663 0.000000e+00
1664 0.000000e+00
1665 2.700306e-05
1666 2.670683e-05
1667 2.317473e-05
1668 1.768420e-05
1669 1.324786e-05
1670 1.017909e-05
1671 6.082032e-06
1672 3.987822e-06
1673 2.386228e-06
1674 1.433637e-06
1675 0.000000e+00
1676 0.000000e+00
1677 0.000000e+00
1678 0.000000e+00
1679 0.000000e+00
1680 2.277464e-05
1681 2.323649e-05
1682 2.102146e-05
1683 1.653843e-05
1684 1.226528e-05
1685 9.544167e-06
1686 6.127362e-06
1687 3.946218e-06
1688 2.322868e-06
1689 1.402435e-06
1690 0.000000e+00
1691 0.000000e+00
1692 0.000000e+00
1693 0.000000e+00
1694 0.000000e+00
1695 1.942457e-05
1696 2.032017e-05
1697 1.904653e-05
1698 1.549729e-05
1699 1.150725e-05
1700 8.867663e-06
1701 6.194355e-06
1702 3.759548e-06
1703 2.246862e-06
1704 1.360682e-06
1705 0.000000e+00
1706 0.000000e+00
1707 0.000000e+00
1708 0.000000e+00
1709 0.000000e+00
1710 1.672536e-05
1711 1.786541e-05
1712 1.726188e-05
1713 1.452981e-05
1714 1.090109e-05
1715 8.270152e-06
1716 6.153343e-06
1717 3.598064e-06
1718 2.260865e-06
1719 1.347905e-06
1720 0.000000e+00
1721 0.000000e+00
1722 0.000000e+00
1723 0.000000e+00
1724 0.000000e+00
1725 1.444082e-05
1726 1.570550e-05
1727 1.558153e-05
1728 1.355447e-05
1729 1.034712e-05
1730 7.743216e-06
1731 5.965413e-06
1732 3.532423e-06
1733 2.308781e-06
1734 1.356482e-06
1735 7.873501e-07
1736 0.000000e+00
1737 0.000000e+00
1738 0.000000e+00
1739 0.000000e+00
1740 1.244307e-05
1741 1.375310e-05
1742 1.397042e-05
1743 1.254432e-05
1744 9.797066e-06
1745 7.270237e-06
1746 5.664814e-06
1747 3.543310e-06
1748 2.299827e-06
1749 1.332286e-06
1750 7.783402e-07
1751 0.000000e+00
1752 0.000000e+00
1753 0.000000e+00
1754 0.000000e+00
1755 1.332342e-06
1756 1.016720e-06
1757 7.685264e-07
1758 5.518916e-07
1759 3.488446e-07
1760 2.220797e-07
1761 1.381894e-07
1762 0.000000e+00
1763 0.000000e+00
1764 0.000000e+00
1765 0.000000e+00
1766 0.000000e+00
1767 0.000000e+00
1768 0.000000e+00
1769 0.000000e+00
1770 1.191843e-06
1771 9.889708e-07
1772 7.443496e-07
1773 5.676157e-07
1774 4.089200e-07
1775 2.509485e-07
1776 1.588247e-07
1777 9.802191e-08
1778 0.000000e+00
1779 0.000000e+00
1780 0.000000e+00
1781 0.000000e+00
1782 0.000000e+00
1783 0.000000e+00
1784 0.000000e+00
1785 1.044595e-06
1786 9.385789e-07
1787 7.376047e-07
1788 5.496422e-07
1789 4.244840e-07
1790 2.743770e-07
1791 1.756000e-07
1792 1.059220e-07
1793 6.530636e-08
1794 0.000000e+00
1795 0.000000e+00
1796 0.000000e+00
1797 0.000000e+00
1798 0.000000e+00
1799 0.000000e+00
1800 9.263962e-07
1801 8.791972e-07
1802 7.272777e-07
1803 5.439889e-07
1804 4.158060e-07
1805 2.994523e-07
1806 1.806039e-07
1807 1.124989e-07
1808 6.876460e-08
1809 0.000000e+00
1810 0.000000e+00
1811 0.000000e+00
1812 0.000000e+00
1813 0.000000e+00
1814 0.000000e+00
1815 8.247380e-07
1816 8.153512e-07
1817 7.076518e-07
1818 5.408674e-07
1819 4.055118e-07
1820 3.102957e-07
1821 1.871507e-07
1822 1.217677e-07
1823 7.285020e-08
1824 4.397158e-08
1825 0.000000e+00
1826 0.000000e+00
1827 0.000000e+00
1828 0.000000e+00
1829 0.000000e+00
1830 7.388792e-07
1831 7.535791e-07
1832 6.816413e-07
1833 5.368072e-07
1834 3.985817e-07
1835 3.094179e-07
1836 1.993693e-07
1837 1.276302e-07
1838 7.539680e-08
1839 4.550166e-08
1840 0.000000e+00
1841 0.000000e+00
1842 0.000000e+00
1843 0.000000e+00
1844 0.000000e+00
1845 6.644123e-07
1846 6.948488e-07
1847 6.510629e-07
1848 5.299894e-07
1849 3.939846e-07
1850 3.033661e-07
1851 2.117337e-07
1852 1.286897e-07
1853 7.729304e-08
1854 4.669577e-08
1855 0.000000e+00
1856 0.000000e+00
1857 0.000000e+00
1858 0.000000e+00
1859 0.000000e+00
1860 5.986983e-07
1861 6.393657e-07
1862 6.175490e-07
1863 5.198649e-07
1864 3.903967e-07
1865 2.962001e-07
1866 2.198568e-07
1867 1.292404e-07
1868 8.119519e-08
1869 4.840090e-08
1870 0.000000e+00
1871 0.000000e+00
1872 0.000000e+00
1873 0.000000e+00
1874 0.000000e+00
1875 5.397405e-07
1876 5.869161e-07
1877 5.820763e-07
1878 5.063025e-07
1879 3.867601e-07
1880 2.895681e-07
1881 2.225877e-07
1882 1.324320e-07
1883 8.616581e-08
1884 5.060913e-08
1885 2.949165e-08
1886 0.000000e+00
1887 0.000000e+00
1888 0.000000e+00
1889 0.000000e+00
1890 4.855403e-07
1891 5.365877e-07
1892 5.448834e-07
1893 4.891332e-07
1894 3.821528e-07
1895 2.837649e-07
1896 2.207853e-07
1897 1.383974e-07
1898 8.946541e-08
1899 5.188579e-08
1900 3.033788e-08
1901 0.000000e+00
1902 0.000000e+00
1903 0.000000e+00
1904 0.000000e+00
1905 1.405537e-08
1906 1.192074e-08
1907 9.707534e-09
1908 7.517081e-09
1909 5.554118e-09
1910 3.960048e-09
1911 2.749184e-09
1912 1.831129e-09
1913 1.164803e-09
1914 7.351991e-10
1915 4.589120e-10
1916 2.869109e-10
1917 1.798419e-10
1918 1.128126e-10
1919 7.044257e-11
1920 2.255220e-08
1921 1.837298e-08
1922 1.444112e-08
1923 1.081232e-08
1924 7.698650e-09
1925 5.341552e-09
1926 3.639975e-09
1927 2.417129e-09
1928 1.559711e-09
1929 1.007300e-09
1930 6.465716e-10
1931 4.137709e-10
1932 2.623323e-10
1933 1.637451e-10
1934 1.001724e-10
1935 2.555830e-08
1936 1.988797e-08
1937 1.484568e-08
1938 1.067581e-08
1939 7.277321e-09
1940 4.791601e-09
1941 3.153815e-09
1942 2.066733e-09
1943 1.359170e-09
1944 9.066135e-10
1945 6.063401e-10
1946 4.020924e-10
1947 2.604958e-10
1948 1.629356e-10
1949 9.772869e-11
1950 3.082516e-08
1951 2.392496e-08
1952 1.757961e-08
1953 1.246276e-08
1954 8.451419e-09
1955 5.414674e-09
1956 3.460291e-09
1957 2.224459e-09
1958 1.465646e-09
1959 9.894290e-10
1960 6.766127e-10
1961 4.597586e-10
1962 3.044710e-10
1963 1.935370e-10
1964 1.169202e-10
1965 3.915767e-08
1966 3.125784e-08
1967 2.341908e-08
1968 1.681866e-08
1969 1.164591e-08
1970 7.600162e-09
1971 4.814454e-09
1972 3.074704e-09
1973 1.993088e-09
1974 1.325146e-09
1975 8.984663e-10
1976 6.111201e-10
1977 4.088449e-10
1978 2.644787e-10
1979 1.634301e-10
1980 4.789128e-08
1981 3.927659e-08
1982 3.005240e-08
1983 2.186256e-08
1984 1.536101e-08
1985 1.025397e-08
1986 6.488431e-09
1987 4.128658e-09
1988 2.636305e-09
1989 1.726819e-09
1990 1.157651e-09
1991 7.843892e-10
1992 5.272549e-10
1993 3.452834e-10
1994 2.172468e-10
1995 5.729182e-08
1996 4.820940e-08
1997 3.774430e-08
1998 2.786495e-08
1999 1.980630e-08
2000 1.349517e-08
2001 8.632783e-09
2002 5.452683e-09
2003 3.448848e-09
2004 2.226901e-09
2005 1.472528e-09
2006 9.900294e-10
2007 6.656299e-10
2008 4.393862e-10
2009 2.804404e-10
2010 6.794975e-08
2011 5.866224e-08
2012 4.708571e-08
2013 3.540320e-08
2014 2.545277e-08
2015 1.764174e-08
2016 1.151375e-08
2017 7.222580e-09
2018 4.554471e-09
2019 2.895493e-09
2020 1.883525e-09
2021 1.251403e-09
2022 8.377487e-10
2023 5.551291e-10
2024 3.582410e-10
2025 8.109072e-08
2026 7.194466e-08
2027 5.943357e-08
2028 4.577043e-08
2029 3.339798e-08
2030 2.349808e-08
2031 1.572543e-08
2032 9.905550e-09
2033 6.219467e-09
2034 3.893309e-09
2035 2.487782e-09
2036 1.625092e-09
2037 1.076703e-09
2038 7.124259e-10
2039 4.630646e-10
2040 9.334372e-08
2041 8.574853e-08
2042 7.366956e-08
2043 5.892987e-08
2044 4.420826e-08
2045 3.170390e-08
2046 2.185456e-08
2047 1.417959e-08
2048 8.834901e-09
2049 5.488230e-09
2050 3.419758e-09
2051 2.169787e-09
2052 1.402596e-09
2053 9.148771e-10
2054 5.935372e-10
2055 2.107089e-07
2056 2.158247e-07
2057 2.101588e-07
2058 1.926644e-07
2059 1.648907e-07
2060 1.311748e-07
2061 9.773303e-08
2062 6.956183e-08
2063 4.749487e-08
2064 3.016311e-08
2065 1.823173e-08
2066 1.083848e-08
2067 6.362290e-09
2068 3.732305e-09
2069 2.209040e-09
