0 2.994013e-09
1 2.047954e-09
2 1.350359e-09
3 8.765208e-10
4 5.745918e-10
5 3.822419e-10
6 2.582570e-10
7 1.749464e-10
8 1.167341e-10
9 7.528581e-11
10 4.626590e-11
11 2.686417e-11
12 1.472536e-11
13 7.675019e-12
14 3.857539e-12
15 4.887736e-09
16 3.416047e-09
17 2.292364e-09
18 1.485392e-09
19 9.630563e-10
20 6.321705e-10
21 4.228413e-10
22 2.862346e-10
23 1.931288e-10
24 1.272947e-10
25 8.052436e-11
26 4.831010e-11
27 2.733275e-11
28 1.461989e-11
29 7.467134e-12
30 5.460693e-09
31 3.831605e-09
32 2.583238e-09
33 1.674431e-09
34 1.082923e-09
35 7.090051e-10
36 4.729965e-10
37 3.199877e-10
38 2.162367e-10
39 1.431320e-10
40 9.106682e-11
41 5.499606e-11
42 3.131794e-11
43 1.683939e-11
44 8.628432e-12
45 5.780078e-09
46 4.063690e-09
47 2.745622e-09
48 1.780224e-09
49 1.149814e-09
50 7.519206e-10
51 5.010815e-10
52 3.388311e-10
53 2.292078e-10
54 1.519670e-10
55 9.695863e-11
56 5.872048e-11
57 3.353788e-11
58 1.807896e-11
59 9.277369e-12
60 5.995762e-09
61 4.221146e-09
62 2.855491e-09
63 1.851502e-09
64 1.195153e-09
65 7.809048e-10
66 5.200261e-10
67 3.516089e-10
68 2.379286e-10
69 1.579524e-10
70 1.009326e-10
71 6.123740e-11
72 3.504311e-11
73 1.891577e-11
74 9.716491e-12
75 6.159389e-09
76 4.340369e-09
77 2.938962e-09
78 1.905668e-09
79 1.229412e-09
80 8.029159e-10
81 5.343615e-10
82 3.612094e-10
83 2.445194e-10
84 1.624709e-10
85 1.039555e-10
86 6.315214e-11
87 3.618931e-11
88 1.955077e-11
89 1.004746e-11
90 6.292108e-09
91 4.436311e-09
92 3.006244e-09
93 1.949563e-09
94 1.257241e-09
95 8.208331e-10
96 5.460404e-10
97 3.690509e-10
98 2.498993e-10
99 1.661386e-10
100 1.063926e-10
101 6.470491e-11
102 3.711021e-11
103 2.006756e-11
104 1.031803e-11
105 6.401634e-09
106 4.515983e-09
107 3.061959e-09
108 1.985757e-09
109 1.280129e-09
110 8.353351e-10
111 5.555787e-10
112 3.754858e-10
113 2.543309e-10
114 1.691719e-10
115 1.084057e-10
116 6.597919e-11
117 3.785313e-11
118 2.048930e-11
119 1.054037e-11
120 6.496399e-09
121 4.584681e-09
122 3.110109e-09
123 2.017754e-09
124 1.299949e-09
125 8.483899e-10
126 5.640008e-10
127 3.810724e-10
128 2.581800e-10
129 1.718295e-10
130 1.101471e-10
131 6.709195e-11
132 3.852698e-11
133 2.086306e-11
134 1.073548e-11
135 6.619637e-09
136 4.675033e-09
137 3.172665e-09
138 2.057814e-09
139 1.325848e-09
140 8.647803e-10
141 5.747949e-10
142 3.883869e-10
143 2.631831e-10
144 1.752241e-10
145 1.124268e-10
146 6.853102e-11
147 3.938244e-11
148 2.133760e-11
149 1.098404e-11
150 1.041183e-08
151 7.535916e-09
152 5.258825e-09
153 3.508722e-09
154 2.254194e-09
155 1.455218e-09
156 9.478873e-10
157 6.303820e-10
158 4.249384e-10
159 2.857088e-10
160 1.876669e-10
161 1.184016e-10
162 7.090689e-11
163 4.008010e-11
164 2.139871e-11
165 1.286799e-08
166 9.414507e-09
167 6.637517e-09
168 4.487049e-09
169 2.893549e-09
170 1.857541e-09
171 1.202565e-09
172 7.937916e-10
173 5.328031e-10
174 3.587395e-10
175 2.374140e-10
176 1.516443e-10
177 9.220229e-11
178 5.298584e-11
179 2.871705e-11
180 1.422776e-08
181 1.045480e-08
182 7.400546e-09
183 5.027444e-09
184 3.245940e-09
185 2.079563e-09
186 1.342694e-09
187 8.840061e-10
188 5.923053e-10
189 3.990751e-10
190 2.649067e-10
191 1.700146e-10
192 1.039677e-10
193 6.011129e-11
194 3.275452e-11
195 1.514843e-08
196 1.115862e-08
197 7.916204e-09
198 5.393596e-09
199 3.485298e-09
200 2.229689e-09
201 1.437983e-09
202 9.450586e-10
203 6.326794e-10
204 4.263036e-10
205 2.835104e-10
206 1.824504e-10
207 1.119166e-10
208 6.493021e-11
209 3.550046e-11
210 1.584420e-08
211 1.169083e-08
212 8.306221e-09
213 5.670626e-09
214 3.666014e-09
215 2.343932e-09
216 1.510114e-09
217 9.913474e-10
218 6.632056e-10
219 4.470069e-10
220 2.976150e-10
221 1.918826e-10
222 1.179613e-10
223 6.860242e-11
224 3.755948e-11
225 1.641251e-08
226 1.212486e-08
227 8.624702e-09
228 5.895299e-09
229 3.812687e-09
230 2.436252e-09
231 1.568376e-09
232 1.028807e-09
233 6.879840e-10
234 4.638503e-10
235 3.090682e-10
236 1.994884e-10
237 1.228728e-10
238 7.154695e-11
239 3.924498e-11
240 1.687884e-08
241 1.248145e-08
242 8.886739e-09
243 6.081819e-09
244 3.934734e-09
245 2.512486e-09
246 1.616884e-09
247 1.059777e-09
248 7.084009e-10
249 4.776738e-10
250 3.185206e-10
251 2.058143e-10
252 1.269063e-10
253 7.399896e-11
254 4.062557e-11
255 1.729134e-08
256 1.279652e-08
257 9.117128e-09
258 6.245085e-09
259 4.040466e-09
260 2.579566e-09
261 1.659141e-09
262 1.086990e-09
263 7.263634e-10
264 4.898722e-10
265 3.268033e-10
266 2.113373e-10
267 1.304463e-10
268 7.614455e-11
269 4.184442e-11
270 1.780664e-08
271 1.319153e-08
272 9.406647e-09
273 6.449784e-09
274 4.176037e-09
275 2.664861e-09
276 1.713072e-09
277 1.121365e-09
278 7.492086e-10
279 5.052612e-10
280 3.372678e-10
281 2.183913e-10
282 1.349564e-10
283 7.884645e-11
284 4.338899e-11
285 1.742262e-08
286 1.305216e-08
287 9.358549e-09
288 6.465240e-09
289 4.256985e-09
290 2.716071e-09
291 1.746316e-09
292 1.134794e-09
293 7.521307e-10
294 5.040972e-10
295 3.357689e-10
296 2.180098e-10
297 1.357703e-10
298 8.030682e-11
299 4.486016e-11
300 2.017935e-08
301 1.528270e-08
302 1.104087e-08
303 7.689432e-09
304 5.111158e-09
305 3.259842e-09
306 2.089713e-09
307 1.349130e-09
308 8.893607e-10
309 5.945895e-10
310 3.966598e-10
311 2.590118e-10
312 1.628264e-10
313 9.738184e-11
314 5.505202e-11
315 2.202944e-08
316 1.677892e-08
317 1.216580e-08
318 8.509983e-09
319 5.682417e-09
320 3.622469e-09
321 2.319003e-09
322 1.492214e-09
323 9.809756e-10
324 6.548961e-10
325 4.373569e-10
326 2.865283e-10
327 1.809279e-10
328 1.087939e-10
329 6.187563e-11
330 2.343429e-08
331 1.791491e-08
332 1.302009e-08
333 9.132034e-09
334 6.115672e-09
335 3.898126e-09
336 2.492748e-09
337 1.600727e-09
338 1.050517e-09
339 7.006302e-10
340 4.682707e-10
341 3.073935e-10
342 1.946483e-10
343 1.174679e-10
344 6.701656e-11
345 2.457962e-08
346 1.883908e-08
347 1.371385e-08
348 9.637125e-09
349 6.467639e-09
350 4.121971e-09
351 2.633899e-09
352 1.688819e-09
353 1.107019e-09
354 7.380607e-10
355 4.933586e-10
356 3.242815e-10
357 2.058453e-10
358 1.245075e-10
359 7.123408e-11
360 2.551481e-08
361 1.959484e-08
362 1.428482e-08
363 1.005411e-08
364 6.758494e-09
365 4.306709e-09
366 2.750325e-09
367 1.761343e-09
368 1.153505e-09
369 7.686592e-10
370 5.140415e-10
371 3.382827e-10
372 2.150084e-10
373 1.303052e-10
374 7.468453e-11
375 2.634007e-08
376 2.026312e-08
377 1.478744e-08
378 1.041953e-08
379 7.012267e-09
380 4.468262e-09
381 2.852585e-09
382 1.825186e-09
383 1.194402e-09
384 7.955736e-10
385 5.322450e-10
386 3.504409e-10
387 2.230767e-10
388 1.354098e-10
389 7.770197e-11
390 2.738272e-08
391 2.110618e-08
392 1.542229e-08
393 1.087940e-08
394 7.335132e-09
395 4.673216e-09
396 2.981678e-09
397 1.905872e-09
398 1.246092e-09
399 8.296386e-10
400 5.551364e-10
401 3.659830e-10
402 2.332881e-10
403 1.418396e-10
404 8.156081e-11
405 2.444988e-08
406 1.889076e-08
407 1.383976e-08
408 9.753933e-09
409 6.591051e-09
410 4.241155e-09
411 2.700981e-09
412 1.731693e-09
413 1.129583e-09
414 7.490724e-10
415 4.989894e-10
416 3.277137e-10
417 2.085108e-10
418 1.268020e-10
419 7.311524e-11
420 2.741571e-08
421 2.141216e-08
422 1.580326e-08
423 1.120520e-08
424 7.633269e-09
425 4.937587e-09
426 3.134174e-09
427 2.003810e-09
428 1.299697e-09
429 8.581463e-10
430 5.710180e-10
431 3.760323e-10
432 2.406207e-10
433 1.475304e-10
434 8.586460e-11
435 2.965302e-08
436 2.330545e-08
437 1.727755e-08
438 1.229185e-08
439 8.413389e-09
440 5.457561e-09
441 3.457279e-09
442 2.206964e-09
443 1.426847e-09
444 9.395980e-10
445 6.249023e-10
446 4.121949e-10
447 2.646628e-10
448 1.630553e-10
449 9.543175e-11
450 3.146930e-08
451 2.484881e-08
452 1.847693e-08
453 1.317661e-08
454 9.047336e-09
455 5.880727e-09
456 3.719938e-09
457 2.371846e-09
458 1.530105e-09
459 1.006066e-09
460 6.687199e-10
461 4.415960e-10
462 2.842804e-10
463 1.756491e-10
464 1.031840e-10
465 3.296491e-08
466 2.611413e-08
467 1.946267e-08
468 1.390539e-08
469 9.570337e-09
470 6.229388e-09
471 3.936386e-09
472 2.507714e-09
473 1.615235e-09
474 1.060625e-09
475 7.048527e-10
476 4.658176e-10
477 3.003580e-10
478 1.860433e-10
479 1.095759e-10
480 3.427572e-08
481 2.723016e-08
482 2.032983e-08
483 1.454497e-08
484 1.002941e-08
485 6.535831e-09
486 4.126986e-09
487 2.627246e-09
488 1.690204e-09
489 1.108628e-09
490 7.365872e-10
491 4.870983e-10
492 3.145646e-10
493 1.951335e-10
494 1.151816e-10
495 3.593109e-08
496 2.863126e-08
497 2.142354e-08
498 1.535231e-08
499 1.060956e-08
500 6.923528e-09
501 4.367948e-09
502 2.778471e-09
503 1.784772e-09
504 1.169284e-09
505 7.766512e-10
506 5.140015e-10
507 3.323519e-10
508 2.066880e-10
509 1.222633e-10
510 3.161353e-08
511 2.511678e-08
512 1.878633e-08
513 1.344598e-08
514 9.262332e-09
515 6.067145e-09
516 3.844858e-09
517 2.450147e-09
518 1.574514e-09
519 1.031241e-09
520 6.830748e-10
521 4.502973e-10
522 2.899933e-10
523 1.797013e-10
524 1.060719e-10
525 3.481714e-08
526 2.795245e-08
527 2.107468e-08
528 1.516568e-08
529 1.051192e-08
530 6.934740e-09
531 4.392421e-09
532 2.793131e-09
533 1.785678e-09
534 1.164385e-09
535 7.693246e-10
536 5.072484e-10
537 3.278432e-10
538 2.044103e-10
539 1.216131e-10
540 3.741305e-08
541 3.023567e-08
542 2.291701e-08
543 1.654736e-08
544 1.151674e-08
545 7.631989e-09
546 4.831471e-09
547 3.068624e-09
548 1.955390e-09
549 1.271288e-09
550 8.383980e-10
551 5.529932e-10
552 3.583649e-10
553 2.242640e-10
554 1.340641e-10
555 3.954599e-08
556 3.212057e-08
557 2.443707e-08
558 1.769006e-08
559 1.234684e-08
560 8.208241e-09
561 5.193984e-09
562 3.295867e-09
563 2.095118e-09
564 1.359161e-09
565 8.955102e-10
566 5.909079e-10
567 3.834347e-10
568 2.406467e-10
569 1.443374e-10
570 4.141473e-08
571 3.377468e-08
572 2.576825e-08
573 1.869060e-08
574 1.307275e-08
575 8.711859e-09
576 5.511094e-09
577 3.494720e-09
578 2.217657e-09
579 1.436486e-09
580 9.456105e-10
581 6.238840e-10
582 4.054587e-10
583 2.549954e-10
584 1.533508e-10
585 4.378289e-08
586 3.586583e-08
587 2.745668e-08
588 1.995668e-08
589 1.399479e-08
590 9.352092e-09
591 5.915288e-09
592 3.747791e-09
593 2.373329e-09
594 1.534388e-09
595 1.008884e-09
596 6.659368e-10
597 4.333846e-10
598 2.732209e-10
599 1.648049e-10
600 3.911234e-08
601 3.187836e-08
602 2.434869e-08
603 1.768199e-08
604 1.235841e-08
605 8.247307e-09
606 5.247739e-09
607 3.323059e-09
608 2.112559e-09
609 1.366909e-09
610 8.977524e-10
611 5.908744e-10
612 3.829780e-10
613 2.405086e-10
614 1.445795e-10
615 4.261067e-08
616 3.507289e-08
617 2.701956e-08
618 1.973331e-08
619 1.386392e-08
620 9.318070e-09
621 5.946360e-09
622 3.755711e-09
623 2.379514e-09
624 1.532519e-09
625 1.002406e-09
626 6.589626e-10
627 4.279652e-10
628 2.699276e-10
629 1.632866e-10
630 4.548199e-08
631 3.769366e-08
632 2.920860e-08
633 2.141414e-08
634 1.509678e-08
635 1.019452e-08
636 6.517079e-09
637 4.108873e-09
638 2.597372e-09
639 1.667375e-09
640 1.088058e-09
641 7.147700e-10
642 4.647766e-10
643 2.940155e-10
644 1.785778e-10
645 4.799716e-08
646 3.999832e-08
647 3.112476e-08
648 2.288794e-08
649 1.617825e-08
650 1.096300e-08
651 7.018161e-09
652 4.418978e-09
653 2.788732e-09
654 1.786082e-09
655 1.163229e-09
656 7.637668e-10
657 4.970814e-10
658 3.151333e-10
659 1.920621e-10
660 5.118315e-08
661 4.291198e-08
662 3.355943e-08
663 2.475555e-08
664 1.754915e-08
665 1.193786e-08
666 7.653627e-09
667 4.811561e-09
668 3.030923e-09
669 1.936409e-09
670 1.258440e-09
671 8.257878e-10
672 5.380515e-10
673 3.420024e-10
674 2.091112e-10
675 4.713390e-08
676 3.933338e-08
677 3.069173e-08
678 2.262758e-08
679 1.601121e-08
680 1.086591e-08
681 6.991290e-09
682 4.402057e-09
683 2.781104e-09
684 1.777443e-09
685 1.154793e-09
686 7.562923e-10
687 4.913971e-10
688 3.113418e-10
689 1.898002e-10
690 5.087074e-08
691 4.285505e-08
692 3.372728e-08
693 2.502338e-08
694 1.779106e-08
695 1.214856e-08
696 7.858119e-09
697 4.938224e-09
698 3.114304e-09
699 1.980821e-09
700 1.281199e-09
701 8.370673e-10
702 5.439391e-10
703 3.456846e-10
704 2.117777e-10
705 5.413612e-08
706 4.593075e-08
707 3.637983e-08
708 2.711649e-08
709 1.934270e-08
710 1.326679e-08
711 8.613298e-09
712 5.405673e-09
713 3.404874e-09
714 2.157966e-09
715 1.391410e-09
716 9.072705e-10
717 5.897193e-10
718 3.754882e-10
719 2.309405e-10
720 5.827805e-08
721 4.983580e-08
722 3.974643e-08
723 2.976783e-08
724 2.131248e-08
725 1.468723e-08
726 9.572567e-09
727 5.997981e-09
728 3.773279e-09
729 2.382630e-09
730 1.531006e-09
731 9.965646e-10
732 6.478066e-10
733 4.134831e-10
734 2.552285e-10
735 5.556243e-08
736 4.739043e-08
737 3.775717e-08
738 2.828153e-08
739 2.024407e-08
740 1.393185e-08
741 9.096402e-09
742 5.716634e-09
743 3.596846e-09
744 2.272364e-09
745 1.460022e-09
746 9.490978e-10
747 6.159070e-10
748 3.923138e-10
749 2.417140e-10
750 5.968790e-08
751 5.138750e-08
752 4.130559e-08
753 3.116392e-08
754 2.241546e-08
755 1.551089e-08
756 1.019296e-08
757 6.407419e-09
758 4.024604e-09
759 2.530979e-09
760 1.618544e-09
761 1.048499e-09
762 6.796533e-10
763 4.334320e-10
764 2.681393e-10
765 6.492226e-08
766 5.644591e-08
767 4.579839e-08
768 3.480439e-08
769 2.515910e-08
770 1.750749e-08
771 1.158070e-08
772 7.279643e-09
773 4.564862e-09
774 2.857866e-09
775 1.818967e-09
776 1.174112e-09
777 7.601018e-10
778 4.855770e-10
779 3.015900e-10
780 6.478900e-08
781 5.643830e-08
782 4.590862e-08
783 3.499519e-08
784 2.535323e-08
785 1.766318e-08
786 1.171792e-08
787 7.392713e-09
788 4.629803e-09
789 2.897714e-09
790 1.840818e-09
791 1.185193e-09
792 7.657938e-10
793 4.885931e-10
794 3.034036e-10
795 7.130547e-08
796 6.289447e-08
797 5.181317e-08
798 3.991850e-08
799 2.913555e-08
800 2.043893e-08
801 1.368443e-08
802 8.667631e-09
803 5.412519e-09
804 3.373279e-09
805 2.128453e-09
806 1.361829e-09
807 8.767834e-10
808 5.596215e-10
809 3.487809e-10
810 7.992621e-08
811 7.168804e-08
812 6.012591e-08
813 4.710329e-08
814 3.481075e-08
815 2.465285e-08
816 1.672159e-08
817 1.071568e-08
818 6.669859e-09
819 4.143470e-09
820 2.587265e-09
821 1.637413e-09
822 1.045697e-09
823 6.652550e-10
824 4.154973e-10
825 5.128486e-07
826 4.101363e-07
827 3.092897e-07
828 2.346853e-07
829 1.585448e-07
830 9.942120e-08
831 6.237863e-08
832 3.884243e-08
833 0.000000e+00
834 0.000000e+00
835 0.000000e+00
836 0.000000e+00
837 0.000000e+00
838 0.000000e+00
839 0.000000e+00
840 6.552987e-07
841 5.272123e-07
842 3.978674e-07
843 3.018374e-07
844 2.059564e-07
845 1.288702e-07
846 8.107233e-08
847 5.037425e-08
848 0.000000e+00
849 0.000000e+00
850 0.000000e+00
851 0.000000e+00
852 0.000000e+00
853 0.000000e+00
854 0.000000e+00
855 7.518608e-07
856 6.065637e-07
857 4.578993e-07
858 3.473340e-07
859 2.380880e-07
860 1.488276e-07
861 9.374094e-08
862 5.819026e-08
863 0.000000e+00
864 0.000000e+00
865 0.000000e+00
866 0.000000e+00
867 0.000000e+00
868 0.000000e+00
869 0.000000e+00
870 8.250004e-07
871 6.666460e-07
872 5.033531e-07
873 3.818074e-07
874 2.624296e-07
875 1.639455e-07
876 1.033388e-07
877 6.411041e-08
878 0.000000e+00
879 0.000000e+00
880 0.000000e+00
881 0.000000e+00
882 0.000000e+00
883 0.000000e+00
884 0.000000e+00
885 8.843480e-07
886 7.154244e-07
887 5.402556e-07
888 4.097803e-07
889 2.821853e-07
890 1.762152e-07
891 1.111273e-07
892 6.891522e-08
893 0.000000e+00
894 0.000000e+00
895 0.000000e+00
896 0.000000e+00
897 0.000000e+00
898 0.000000e+00
899 0.000000e+00
900 9.332763e-07
901 7.556266e-07
902 5.706682e-07
903 4.328366e-07
904 2.984661e-07
905 1.863276e-07
906 1.175467e-07
907 7.287565e-08
908 0.000000e+00
909 0.000000e+00
910 0.000000e+00
911 0.000000e+00
912 0.000000e+00
913 0.000000e+00
914 0.000000e+00
915 9.761900e-07
916 7.908930e-07
917 5.973484e-07
918 4.530632e-07
919 3.127494e-07
920 1.951979e-07
921 1.231778e-07
922 7.634955e-08
923 0.000000e+00
924 0.000000e+00
925 0.000000e+00
926 0.000000e+00
927 0.000000e+00
928 0.000000e+00
929 0.000000e+00
930 1.030523e-06
931 8.355648e-07
932 6.311516e-07
933 4.786900e-07
934 3.308449e-07
935 2.064365e-07
936 1.303123e-07
937 8.075122e-08
938 0.000000e+00
939 0.000000e+00
940 0.000000e+00
941 0.000000e+00
942 0.000000e+00
943 0.000000e+00
944 0.000000e+00
945 2.379293e-07
946 2.234737e-07
947 1.830295e-07
948 1.367250e-07
949 1.048641e-07
950 7.394060e-08
951 4.523506e-08
952 2.796951e-08
953 1.712143e-08
954 0.000000e+00
955 0.000000e+00
956 0.000000e+00
957 0.000000e+00
958 0.000000e+00
959 0.000000e+00
960 3.436295e-07
961 3.241957e-07
962 2.668469e-07
963 1.996481e-07
964 1.528162e-07
965 1.086890e-07
966 6.625407e-08
967 4.118246e-08
968 2.516321e-08
969 0.000000e+00
970 0.000000e+00
971 0.000000e+00
972 0.000000e+00
973 0.000000e+00
974 0.000000e+00
975 4.233939e-07
976 4.001925e-07
977 3.300728e-07
978 2.471068e-07
979 1.889870e-07
980 1.348913e-07
981 8.210315e-08
982 5.114291e-08
983 3.122618e-08
984 0.000000e+00
985 0.000000e+00
986 0.000000e+00
987 0.000000e+00
988 0.000000e+00
989 0.000000e+00
990 4.881505e-07
991 4.618904e-07
992 3.814018e-07
993 2.856356e-07
994 2.183517e-07
995 1.561638e-07
996 9.497001e-08
997 5.922972e-08
998 3.614840e-08
999 0.000000e+00
1000 0.000000e+00
1001 0.000000e+00
1002 0.000000e+00
1003 0.000000e+00
1004 0.000000e+00
1005 5.415000e-07
1006 5.127186e-07
1007 4.236890e-07
1008 3.173773e-07
1009 2.425437e-07
1010 1.736891e-07
1011 1.055703e-07
1012 6.589176e-08
1013 4.020354e-08
1014 0.000000e+00
1015 0.000000e+00
1016 0.000000e+00
1017 0.000000e+00
1018 0.000000e+00
1019 0.000000e+00
1020 5.883136e-07
1021 5.573195e-07
1022 4.607951e-07
1023 3.452299e-07
1024 2.637717e-07
1025 1.890669e-07
1026 1.148718e-07
1027 7.173747e-08
1028 4.376185e-08
1029 0.000000e+00
1030 0.000000e+00
1031 0.000000e+00
1032 0.000000e+00
1033 0.000000e+00
1034 0.000000e+00
1035 6.476284e-07
1036 6.138289e-07
1037 5.078088e-07
1038 3.805195e-07
1039 2.906676e-07
1040 2.085525e-07
1041 1.266569e-07
1042 7.914410e-08
1043 4.827026e-08
1044 0.000000e+00
1045 0.000000e+00
1046 0.000000e+00
1047 0.000000e+00
1048 0.000000e+00
1049 0.000000e+00
1050 1.272392e-07
1051 1.299104e-07
1052 1.177034e-07
1053 9.283727e-08
1054 6.892802e-08
1055 5.349814e-08
1056 3.460430e-08
1057 2.209782e-08
1058 1.306358e-08
1059 7.880458e-09
1060 0.000000e+00
1061 0.000000e+00
1062 0.000000e+00
1063 0.000000e+00
1064 0.000000e+00
1065 2.055894e-07
1066 2.105915e-07
1067 1.916923e-07
1068 1.518504e-07
1069 1.127397e-07
1070 8.742453e-08
1071 5.717359e-08
1072 3.624957e-08
1073 2.146384e-08
1074 1.295443e-08
1075 0.000000e+00
1076 0.000000e+00
1077 0.000000e+00
1078 0.000000e+00
1079 0.000000e+00
1080 2.684676e-07
1081 2.753128e-07
1082 2.510178e-07
1083 1.991515e-07
1084 1.478498e-07
1085 1.146172e-07
1086 7.524555e-08
1087 4.759272e-08
1088 2.819289e-08
1089 1.701927e-08
1090 0.000000e+00
1091 0.000000e+00
1092 0.000000e+00
1093 0.000000e+00
1094 0.000000e+00
1095 3.202746e-07
1096 3.286419e-07
1097 2.999009e-07
1098 2.381163e-07
1099 1.767803e-07
1100 1.370238e-07
1101 9.013548e-08
1102 5.693779e-08
1103 3.373628e-08
1104 2.036839e-08
1105 0.000000e+00
1106 0.000000e+00
1107 0.000000e+00
1108 0.000000e+00
1109 0.000000e+00
1110 3.657251e-07
1111 3.754277e-07
1112 3.427863e-07
1113 2.723055e-07
1114 2.021612e-07
1115 1.566811e-07
1116 1.031985e-07
1117 6.513629e-08
1118 3.860008e-08
1119 2.330659e-08
1120 0.000000e+00
1121 0.000000e+00
1122 0.000000e+00
1123 0.000000e+00
1124 0.000000e+00
1125 4.233072e-07
1126 4.347146e-07
1127 3.971305e-07
1128 3.156066e-07
1129 2.343237e-07
1130 1.815908e-07
1131 1.197519e-07
1132 7.552535e-08
1133 4.476346e-08
1134 2.702987e-08
1135 0.000000e+00
1136 0.000000e+00
1137 0.000000e+00
1138 0.000000e+00
1139 0.000000e+00
1140 1.367664e-07
1141 1.468774e-07
1142 1.430646e-07
1143 1.216766e-07
1144 9.181243e-08
1145 6.935042e-08
1146 5.215705e-08
1147 3.065675e-08
1148 1.951785e-08
1149 1.157988e-08
1150 6.852986e-09
1151 0.000000e+00
1152 0.000000e+00
1153 0.000000e+00
1154 0.000000e+00
1155 1.857535e-07
1156 1.996509e-07
1157 1.947107e-07
1158 1.658531e-07
1159 1.252417e-07
1160 9.454335e-08
1161 7.122244e-08
1162 4.188258e-08
1163 2.671174e-08
1164 1.583730e-08
1165 9.360858e-09
1166 0.000000e+00
1167 0.000000e+00
1168 0.000000e+00
1169 0.000000e+00
1170 2.287308e-07
1171 2.459574e-07
1172 2.400117e-07
1173 2.046021e-07
1174 1.545704e-07
1175 1.166411e-07
1176 8.794470e-08
1177 5.172930e-08
1178 3.302338e-08
1179 1.957204e-08
1180 1.156115e-08
1181 0.000000e+00
1182 0.000000e+00
1183 0.000000e+00
1184 0.000000e+00
1185 2.831925e-07
1186 3.046215e-07
1187 2.974217e-07
1188 2.537003e-07
1189 1.917262e-07
1190 1.446408e-07
1191 1.091385e-07
1192 6.420868e-08
1193 4.102415e-08
1194 2.430526e-08
1195 1.434858e-08
1196 0.000000e+00
1197 0.000000e+00
1198 0.000000e+00
1199 0.000000e+00
1200 9.740321e-08
1201 1.080083e-07
1202 1.102392e-07
1203 9.966737e-08
1204 7.833154e-08
1205 5.810551e-08
1206 4.522064e-08
1207 2.879821e-08
1208 1.847147e-08
1209 1.069707e-08
1210 6.274259e-09
1211 0.000000e+00
1212 0.000000e+00
1213 0.000000e+00
1214 0.000000e+00
1215 1.375235e-07
1216 1.525919e-07
1217 1.558869e-07
1218 1.411225e-07
1219 1.110369e-07
1220 8.235632e-08
1221 6.408696e-08
1222 4.094022e-08
1223 2.621118e-08
1224 1.517720e-08
1225 8.907914e-09
1226 0.000000e+00
1227 0.000000e+00
1228 0.000000e+00
1229 0.000000e+00
1230 1.883677e-07
1231 2.090944e-07
1232 2.137391e-07
1233 1.936555e-07
1234 1.524844e-07
1235 1.130875e-07
1236 8.799619e-08
1237 5.632430e-08
1238 3.601906e-08
1239 2.085450e-08
1240 1.224532e-08
1241 0.000000e+00
1242 0.000000e+00
1243 0.000000e+00
1244 0.000000e+00
1245 7.513603e-08
1246 8.530890e-08
1247 9.007586e-08
1248 8.547476e-08
1249 7.042050e-08
1250 5.243238e-08
1251 4.020574e-08
1252 2.875580e-08
1253 1.703741e-08
1254 1.018990e-08
1255 5.995171e-09
1256 0.000000e+00
1257 0.000000e+00
1258 0.000000e+00
1259 0.000000e+00
1260 1.222467e-07
1261 1.388785e-07
1262 1.467597e-07
1263 1.394325e-07
1264 1.150298e-07
1265 8.568112e-08
1266 6.566046e-08
1267 4.708674e-08
1268 2.785034e-08
1269 1.669427e-08
1270 9.816045e-09
1271 0.000000e+00
1272 0.000000e+00
1273 0.000000e+00
1274 0.000000e+00
1275 7.540956e-08
1276 8.722075e-08
1277 9.452103e-08
1278 9.317482e-08
1279 8.032049e-08
1280 6.096069e-08
1281 4.579725e-08
1282 3.502503e-08
1283 2.040938e-08
1284 1.312597e-08
1285 7.585910e-09
1286 4.263012e-09
1287 0.000000e+00
1288 0.000000e+00
1289 0.000000e+00
1290 4.053025e-08
1291 4.757671e-08
1292 5.261811e-08
1293 5.343607e-08
1294 4.792390e-08
1295 3.737534e-08
1296 2.774598e-08
1297 2.163637e-08
1298 1.340446e-08
1299 8.678098e-09
1300 4.940753e-09
1301 2.785779e-09
1302 0.000000e+00
1303 0.000000e+00
1304 0.000000e+00
1305 3.940587e-05
1306 3.178849e-05
1307 2.393007e-05
1308 1.821502e-05
1309 1.249775e-05
1310 7.789480e-06
1311 4.899598e-06
1312 3.042981e-06
1313 0.000000e+00
1314 0.000000e+00
1315 0.000000e+00
1316 0.000000e+00
1317 0.000000e+00
1318 0.000000e+00
1319 0.000000e+00
1320 2.252345e-05
1321 2.138353e-05
1322 1.769588e-05
1323 1.323667e-05
1324 1.011618e-05
1325 7.290875e-06
1326 4.397525e-06
1327 2.742055e-06
1328 1.676049e-06
1329 0.000000e+00
1330 0.000000e+00
1331 0.000000e+00
1332 0.000000e+00
1333 0.000000e+00
1334 0.000000e+00
1335 1.469489e-05
1336 1.510995e-05
1337 1.382060e-05
1338 1.098644e-05
1339 8.147935e-06
1340 6.323625e-06
1341 4.172195e-06
1342 2.636679e-06
1343 1.556517e-06
1344 9.416150e-07
1345 0.000000e+00
1346 0.000000e+00
1347 0.000000e+00
1348 0.000000e+00
1349 0.000000e+00
1350 1.001316e-05
1351 1.078069e-05
1352 1.053877e-05
1353 8.999330e-06
1354 6.799923e-06
1355 5.126445e-06
1356 3.880869e-06
1357 2.272981e-06
1358 1.457269e-06
1359 8.630855e-07
1360 5.085649e-07
1361 0.000000e+00
1362 0.000000e+00
1363 0.000000e+00
1364 0.000000e+00
1365 7.094520e-06
1366 7.881320e-06
1367 8.065144e-06
1368 7.317040e-06
1369 5.765308e-06
1370 4.273267e-06
1371 3.327939e-06
1372 2.133148e-06
1373 1.365588e-06
1374 7.892824e-07
1375 4.640026e-07
1376 0.000000e+00
1377 0.000000e+00
1378 0.000000e+00
1379 0.000000e+00
1380 5.188951e-06
1381 5.899201e-06
1382 6.240262e-06
1383 5.936934e-06
1384 4.904067e-06
1385 3.652855e-06
1386 2.797878e-06
1387 2.013351e-06
1388 1.186941e-06
1389 7.119475e-07
1390 4.184884e-07
1391 0.000000e+00
1392 0.000000e+00
1393 0.000000e+00
1394 0.000000e+00
1395 3.886031e-06
1396 4.497889e-06
1397 4.879184e-06
1398 4.816536e-06
1399 4.158944e-06
1400 3.158679e-06
1401 2.371131e-06
1402 1.817574e-06
1403 1.058423e-06
1404 6.829652e-07
1405 3.945519e-07
1406 2.210788e-07
1407 0.000000e+00
1408 0.000000e+00
1409 0.000000e+00
1410 2.701128e-06
1411 3.173486e-06
1412 3.513887e-06
1413 3.574597e-06
1414 3.213114e-06
1415 2.509981e-06
1416 1.862240e-06
1417 1.453080e-06
1418 9.040477e-07
1419 5.848966e-07
1420 3.326371e-07
1421 1.878682e-07
1422 0.000000e+00
1423 0.000000e+00
1424 0.000000e+00
1425 1.550966e-06
1426 1.849254e-06
1427 2.088821e-06
1428 2.186952e-06
1429 2.047901e-06
1430 1.661933e-06
1431 1.232635e-06
1432 9.526603e-07
1433 6.578205e-07
1434 3.968083e-07
1435 2.282730e-07
1436 1.316424e-07
1437 0.000000e+00
1438 0.000000e+00
1439 0.000000e+00
1440 6.870354e-07
1441 8.306719e-07
1442 9.558747e-07
1443 1.027427e-06
1444 9.998176e-07
1445 8.475785e-07
1446 6.375316e-07
1447 4.826328e-07
1448 3.621512e-07
1449 2.083764e-07
1450 1.294081e-07
1451 7.361867e-08
1452 4.047786e-08
1453 0.000000e+00
1454 0.000000e+00
1455 1.227397e-06
1456 9.975765e-07
1457 7.537948e-07
1458 5.717032e-07
1459 3.965284e-07
1460 2.472353e-07
1461 1.562128e-07
1462 9.673048e-08
1463 0.000000e+00
1464 0.000000e+00
1465 0.000000e+00
1466 0.000000e+00
1467 0.000000e+00
1468 0.000000e+00
1469 0.000000e+00
1470 8.625629e-07
1471 8.187690e-07
1472 6.783859e-07
1473 5.085876e-07
1474 3.882856e-07
1475 2.792626e-07
1476 1.694324e-07
1477 1.060318e-07
1478 6.463452e-08
1479 0.000000e+00
1480 0.000000e+00
1481 0.000000e+00
1482 0.000000e+00
1483 0.000000e+00
1484 0.000000e+00
1485 6.321246e-07
1486 6.498098e-07
1487 5.943566e-07
1488 4.728846e-07
1489 3.510758e-07
1490 2.720171e-07
1491 1.798475e-07
1492 1.132478e-07
1493 6.713693e-08
1494 4.054492e-08
1495 0.000000e+00
1496 0.000000e+00
1497 0.000000e+00
1498 0.000000e+00
1499 0.000000e+00
1500 4.807473e-07
1501 5.175506e-07
1502 5.058284e-07
1503 4.319927e-07
1504 3.266501e-07
1505 2.463182e-07
1506 1.860877e-07
1507 1.095199e-07
1508 7.006547e-08
1509 4.149048e-08
1510 2.447120e-08
1511 0.000000e+00
1512 0.000000e+00
1513 0.000000e+00
1514 0.000000e+00
1515 3.729256e-07
1516 4.142599e-07
1517 4.238291e-07
1518 3.844481e-07
1519 3.030079e-07
1520 2.247062e-07
1521 1.748302e-07
1522 1.121976e-07
1523 7.163836e-08
1524 4.147311e-08
1525 2.436606e-08
1526 0.000000e+00
1527 0.000000e+00
1528 0.000000e+00
1529 0.000000e+00
1530 2.934183e-07
1531 3.335794e-07
1532 3.528075e-07
1533 3.355649e-07
1534 2.771744e-07
1535 2.065337e-07
1536 1.581842e-07
1537 1.137062e-07
1538 6.715331e-08
1539 4.033424e-08
1540 2.370300e-08
1541 0.000000e+00
1542 0.000000e+00
1543 0.000000e+00
1544 0.000000e+00
1545 2.334364e-07
1546 2.702024e-07
1547 2.930754e-07
1548 2.892449e-07
1549 2.497135e-07
1550 1.896920e-07
1551 1.424273e-07
1552 1.090633e-07
1553 6.363290e-08
1554 4.098951e-08
1555 2.367743e-08
1556 1.329081e-08
1557 0.000000e+00
1558 0.000000e+00
1559 0.000000e+00
1560 1.850501e-07
1561 2.174451e-07
1562 2.407813e-07
1563 2.449398e-07
1564 2.201805e-07
1565 1.720424e-07
1566 1.276715e-07
1567 9.956647e-08
1568 6.201780e-08
1569 4.005036e-08
1570 2.278437e-08
1571 1.287406e-08
1572 0.000000e+00
1573 0.000000e+00
1574 0.000000e+00
1575 1.390495e-07
1576 1.658224e-07
1577 1.873158e-07
1578 1.961204e-07
1579 1.836582e-07
1580 1.490741e-07
1581 1.105953e-07
1582 8.545501e-08
1583 5.901312e-08
1584 3.559606e-08
1585 2.050972e-08
1586 1.181828e-08
1587 0.000000e+00
1588 0.000000e+00
1589 0.000000e+00
1590 9.485632e-08
1591 1.148683e-07
1592 1.324368e-07
1593 1.427256e-07
1594 1.394354e-07
1595 1.188193e-07
1596 8.965765e-08
1597 6.773199e-08
1598 5.105888e-08
1599 2.952458e-08
1600 1.846195e-08
1601 1.048969e-08
1602 5.744740e-09
1603 0.000000e+00
1604 0.000000e+00
1605 7.067062e-09
1606 5.003871e-09
1607 3.408041e-09
1608 2.216598e-09
1609 1.433372e-09
1610 9.409271e-10
1611 6.319361e-10
1612 4.336789e-10
1613 3.001555e-10
1614 2.053673e-10
1615 1.362604e-10
1616 8.637722e-11
1617 5.184555e-11
1618 2.939475e-11
1619 1.580769e-11
1620 1.969633e-08
1621 1.464297e-08
1622 1.047708e-08
1623 7.215879e-09
1624 4.685518e-09
1625 2.996969e-09
1626 1.936022e-09
1627 1.277825e-09
1628 8.652235e-10
1629 5.954153e-10
1630 4.086046e-10
1631 2.738936e-10
1632 1.763102e-10
1633 1.077573e-10
1634 6.221552e-11
1635 3.117899e-08
1636 2.417700e-08
1637 1.774051e-08
1638 1.257619e-08
1639 8.527368e-09
1640 5.443102e-09
1641 3.484025e-09
1642 2.235946e-09
1643 1.474783e-09
1644 9.968764e-10
1645 6.824821e-10
1646 4.641712e-10
1647 3.075642e-10
1648 1.954954e-10
1649 1.180220e-10
1650 4.197036e-08
1651 3.375921e-08
1652 2.541826e-08
1653 1.830743e-08
1654 1.274157e-08
1655 8.359280e-09
1656 5.277138e-09
1657 3.368967e-09
1658 2.174780e-09
1659 1.440091e-09
1660 9.743423e-10
1661 6.628844e-10
1662 4.445953e-10
1663 2.888470e-10
1664 1.794716e-10
1665 5.239689e-08
1666 4.347593e-08
1667 3.359378e-08
1668 2.457584e-08
1669 1.736391e-08
1670 1.170326e-08
1671 7.414976e-09
1672 4.709265e-09
1673 2.988308e-09
1674 1.945716e-09
1675 1.297746e-09
1676 8.772802e-10
1677 5.904530e-10
1678 3.884462e-10
1679 2.461506e-10
1680 6.276288e-08
1681 5.349671e-08
1682 4.239431e-08
1683 3.155095e-08
1684 2.254606e-08
1685 1.550352e-08
1686 9.998042e-09
1687 6.286679e-09
1688 3.965655e-09
1689 2.542484e-09
1690 1.668489e-09
1691 1.116515e-09
1692 7.499553e-10
1693 4.965304e-10
1694 3.189063e-10
1695 7.332483e-08
1696 6.400961e-08
1697 5.196472e-08
1698 3.941208e-08
1699 2.847769e-08
1700 1.986697e-08
1701 1.309108e-08
1702 8.198805e-09
1703 5.167692e-09
1704 3.262749e-09
1705 2.107585e-09
1706 1.391889e-09
1707 9.291683e-10
1708 6.161392e-10
1709 3.991855e-10
1710 8.390734e-08
1711 7.481679e-08
1712 6.212000e-08
1713 4.804080e-08
1714 3.514443e-08
1715 2.478543e-08
1716 1.665472e-08
1717 1.050229e-08
1718 6.587642e-09
1719 4.112381e-09
1720 2.620860e-09
1721 1.707301e-09
1722 1.129006e-09
1723 7.467734e-10
1724 4.859478e-10
1725 9.495509e-08
1726 8.633889e-08
1727 7.324819e-08
1728 5.780426e-08
1729 4.288821e-08
1730 3.053924e-08
1731 2.086243e-08
1732 1.335264e-08
1733 8.319408e-09
1734 5.171413e-09
1735 3.250846e-09
1736 2.085039e-09
1737 1.362431e-09
1738 8.956263e-10
1739 5.831380e-10
1740 1.120113e-07
1741 1.045359e-07
1742 9.135729e-08
1743 7.430663e-08
1744 5.647814e-08
1745 4.083587e-08
1746 2.842529e-08
1747 1.869427e-08
1748 1.164061e-08
1749 7.220075e-09
1750 4.455718e-09
1751 2.795201e-09
1752 1.787072e-09
1753 1.156940e-09
1754 7.485181e-10
1755 2.107089e-07
1756 2.158247e-07
1757 2.101588e-07
1758 1.926644e-07
1759 1.648907e-07
1760 1.311748e-07
1761 9.773303e-08
1762 6.956183e-08
1763 4.749487e-08
1764 3.016311e-08
1765 1.823173e-08
1766 1.083848e-08
1767 6.362290e-09
1768 3.732305e-09
1769 2.209040e-09
