0 1.852820e-09
1 1.241195e-09
2 8.127831e-10
3 5.347910e-10
4 3.579497e-10
5 2.445116e-10
6 1.691070e-10
7 1.165824e-10
8 7.868986e-11
9 5.124714e-11
10 3.185362e-11
11 1.878067e-11
12 1.049094e-11
13 5.582839e-12
14 2.860341e-12
15 2.958952e-09
16 2.019748e-09
17 1.329793e-09
18 8.667677e-10
19 5.725192e-10
20 3.857204e-10
21 2.649254e-10
22 1.832323e-10
23 1.253951e-10
24 8.344499e-11
25 5.327929e-11
26 3.234087e-11
27 1.858416e-11
28 1.012495e-11
29 5.278724e-12
30 3.376204e-09
31 2.318429e-09
32 1.532412e-09
33 9.971185e-10
34 6.563021e-10
35 4.401418e-10
36 3.014084e-10
37 2.085325e-10
38 1.429794e-10
39 9.567154e-11
40 6.154016e-11
41 3.768317e-11
42 2.184126e-11
43 1.199219e-11
44 6.289448e-12
45 3.619440e-09
46 2.492764e-09
47 1.650966e-09
48 1.073454e-09
49 7.054045e-10
50 4.720022e-10
51 3.227072e-10
52 2.230461e-10
53 1.532656e-10
54 1.028167e-10
55 6.637033e-11
56 4.080463e-11
57 2.374849e-11
58 1.308628e-11
59 6.882185e-12
60 3.789517e-09
61 2.614535e-09
62 1.733883e-09
63 1.126713e-09
64 7.395377e-10
65 4.942256e-10
66 3.375636e-10
67 2.332942e-10
68 1.604146e-10
69 1.077994e-10
70 6.974334e-11
71 4.298164e-11
72 2.508083e-11
73 1.384943e-11
74 7.296449e-12
75 3.921952e-09
76 2.709598e-09
77 1.798303e-09
78 1.168233e-09
79 7.661898e-10
80 5.115551e-10
81 3.491615e-10
82 2.412841e-10
83 1.661034e-10
84 1.116852e-10
85 7.236320e-11
86 4.468380e-11
87 2.611656e-11
88 1.444435e-11
89 7.617705e-12
90 4.034047e-09
91 2.789395e-09
92 1.852548e-09
93 1.203209e-09
94 7.885855e-10
95 5.261257e-10
96 3.588799e-10
97 2.479924e-10
98 1.707078e-10
99 1.149501e-10
100 7.457368e-11
101 4.610487e-11
102 2.698368e-11
103 1.494208e-11
104 7.888472e-12
105 4.132579e-09
106 2.860048e-09
107 1.900752e-09
108 1.234283e-09
109 8.085588e-10
110 5.390677e-10
111 3.675567e-10
112 2.539664e-10
113 1.748941e-10
114 1.178520e-10
115 7.653356e-11
116 4.737156e-11
117 2.776219e-11
118 1.539019e-11
119 8.128361e-12
120 4.229973e-09
121 2.929778e-09
122 1.947761e-09
123 1.264654e-09
124 8.280443e-10
125 5.517561e-10
126 3.760528e-10
127 2.598074e-10
128 1.789731e-10
129 1.207083e-10
130 7.845971e-11
131 4.861695e-11
132 2.851951e-11
133 1.582299e-11
134 8.363296e-12
135 4.353449e-09
136 3.018313e-09
137 2.007825e-09
138 1.303190e-09
139 8.527615e-10
140 5.678454e-10
141 3.868179e-10
142 2.672885e-10
143 1.841890e-10
144 1.243218e-10
145 8.091991e-11
146 5.020823e-11
147 2.948117e-11
148 1.637404e-11
149 8.663154e-12
150 5.647480e-09
151 3.968860e-09
152 2.676099e-09
153 1.739011e-09
154 1.130568e-09
155 7.454556e-10
156 5.030388e-10
157 3.459165e-10
158 2.389536e-10
159 1.627496e-10
160 1.074594e-10
161 6.788852e-11
162 4.065772e-11
163 2.299685e-11
164 1.234483e-11
165 7.023437e-09
166 4.987098e-09
167 3.404430e-09
168 2.225770e-09
169 1.439869e-09
170 9.431724e-10
171 6.307663e-10
172 4.313308e-10
173 2.977433e-10
174 2.038454e-10
175 1.359573e-10
176 8.709088e-11
177 5.299857e-11
178 3.046366e-11
179 1.657733e-11
180 7.868462e-09
181 5.614184e-09
182 3.854114e-09
183 2.529490e-09
184 1.633048e-09
185 1.066742e-09
186 7.102165e-10
187 4.841094e-10
188 3.339622e-10
189 2.291581e-10
190 1.535322e-10
191 9.895746e-11
192 6.067157e-11
193 3.513799e-11
194 1.924627e-11
195 8.462754e-09
196 6.055447e-09
197 4.170652e-09
198 2.743251e-09
199 1.769326e-09
200 1.153554e-09
201 7.662108e-10
202 5.213604e-10
203 3.594421e-10
204 2.469290e-10
205 1.659160e-10
206 1.073157e-10
207 6.606916e-11
208 3.843590e-11
209 2.112945e-11
210 8.926626e-09
211 6.398907e-09
212 4.417415e-09
213 2.909417e-09
214 1.875262e-09
215 1.221178e-09
216 8.097468e-10
217 5.500294e-10
218 3.793158e-10
219 2.607599e-10
220 1.754979e-10
221 1.138331e-10
222 7.026352e-11
223 4.098925e-11
224 2.258905e-11
225 9.314335e-09
226 6.687023e-09
227 4.623629e-09
228 3.048532e-09
229 1.963768e-09
230 1.277952e-09
231 8.462464e-10
232 5.743276e-10
233 3.958112e-10
234 2.723809e-10
235 1.835652e-10
236 1.192559e-10
237 7.378623e-11
238 4.313317e-11
239 2.380984e-11
240 9.658948e-09
241 6.943052e-09
242 4.807751e-09
243 3.172837e-09
244 2.042541e-09
245 1.328244e-09
246 8.785473e-10
247 5.958736e-10
248 4.107093e-10
249 2.827499e-10
250 1.907246e-10
251 1.241060e-10
252 7.691699e-11
253 4.504123e-11
254 2.490698e-11
255 9.998289e-09
256 7.194321e-09
257 4.988466e-09
258 3.294401e-09
259 2.119832e-09
260 1.377850e-09
261 9.103694e-10
262 6.169935e-10
263 4.252708e-10
264 2.928939e-10
265 1.977833e-10
266 1.288721e-10
267 8.000968e-11
268 4.692110e-11
269 2.597323e-11
270 1.042954e-08
271 7.514626e-09
272 5.218276e-09
273 3.449818e-09
274 2.218658e-09
275 1.440442e-09
276 9.511380e-10
277 6.440710e-10
278 4.436667e-10
279 3.057289e-10
280 2.067751e-10
281 1.349494e-10
282 8.393658e-11
283 4.930174e-11
284 2.733540e-11
285 9.340546e-09
286 6.727564e-09
287 4.671660e-09
288 3.101693e-09
289 1.998960e-09
290 1.299576e-09
291 8.579247e-10
292 5.799824e-10
293 3.985317e-10
294 2.739158e-10
295 1.848620e-10
296 1.205287e-10
297 7.499070e-11
298 4.413676e-11
299 2.453585e-11
300 1.093447e-08
301 7.939935e-09
302 5.558936e-09
303 3.726529e-09
304 2.404345e-09
305 1.556556e-09
306 1.020579e-09
307 6.856954e-10
308 4.694353e-10
309 3.228295e-10
310 2.189293e-10
311 1.439477e-10
312 9.055912e-11
313 5.395273e-11
314 3.035827e-11
315 1.208129e-08
316 8.815075e-09
317 6.199897e-09
318 4.178520e-09
319 2.699340e-09
320 1.743032e-09
321 1.139200e-09
322 7.624212e-10
323 5.206470e-10
324 3.580444e-10
325 2.435208e-10
326 1.608498e-10
327 1.018138e-10
328 6.108592e-11
329 3.459381e-11
330 1.297641e-08
331 9.498626e-09
332 6.701689e-09
333 4.531971e-09
334 2.930328e-09
335 1.889390e-09
336 1.232078e-09
337 8.222341e-10
338 5.608046e-10
339 3.857405e-10
340 2.627132e-10
341 1.741083e-10
342 1.106338e-10
343 6.665939e-11
344 3.790773e-11
345 1.372727e-08
346 1.007131e-08
347 7.121063e-09
348 4.827857e-09
349 3.123404e-09
350 2.011349e-09
351 1.309491e-09
352 8.725034e-10
353 5.943529e-10
354 4.089002e-10
355 2.788021e-10
356 1.851504e-10
357 1.179923e-10
358 7.132138e-11
359 4.068665e-11
360 1.439414e-08
361 1.058117e-08
362 7.494367e-09
363 5.090660e-09
364 3.295560e-09
365 2.120313e-09
366 1.378589e-09
367 9.171359e-10
368 6.242374e-10
369 4.294033e-10
370 2.931050e-10
371 1.949736e-10
372 1.245411e-10
373 7.546771e-11
374 4.314465e-11
375 1.505002e-08
376 1.108026e-08
377 7.860346e-09
378 5.349599e-09
379 3.463830e-09
380 2.226690e-09
381 1.446306e-09
382 9.610146e-10
383 6.535321e-10
384 4.496038e-10
385 3.071504e-10
386 2.046646e-10
387 1.309973e-10
388 7.955028e-11
389 4.557416e-11
390 1.588153e-08
391 1.171465e-08
392 8.325469e-09
393 5.677372e-09
394 3.678273e-09
395 2.362376e-09
396 1.532408e-09
397 1.016622e-09
398 6.907053e-10
399 4.751998e-10
400 3.250633e-10
401 2.169402e-10
402 1.391570e-10
403 8.470787e-11
404 4.864695e-11
405 1.329668e-08
406 9.773825e-09
407 6.913704e-09
408 4.699404e-09
409 3.051958e-09
410 1.964578e-09
411 1.279166e-09
412 8.509131e-10
413 5.783959e-10
414 3.971501e-10
415 2.705955e-10
416 1.796346e-10
417 1.146211e-10
418 6.944139e-11
419 3.974288e-11
420 1.511072e-08
421 1.119994e-08
422 7.973920e-09
423 5.463125e-09
424 3.569059e-09
425 2.290224e-09
426 1.485989e-09
427 9.822036e-10
428 6.641691e-10
429 4.552505e-10
430 3.107865e-10
431 2.075202e-10
432 1.334648e-10
433 8.166459e-11
434 4.722919e-11
435 1.654471e-08
436 1.232943e-08
437 8.813487e-09
438 6.068949e-09
439 3.980348e-09
440 2.549969e-09
441 1.650777e-09
442 1.086727e-09
443 7.326866e-10
444 5.014736e-10
445 3.426826e-10
446 2.295665e-10
447 1.484157e-10
448 9.137952e-11
449 5.318242e-11
450 1.774808e-08
451 1.327814e-08
452 9.519433e-09
453 6.577652e-09
454 4.326258e-09
455 2.767938e-09
456 1.789045e-09
457 1.174347e-09
458 7.899449e-10
459 5.402821e-10
460 3.695020e-10
461 2.481263e-10
462 1.609760e-10
463 9.953034e-11
464 5.818938e-11
465 1.881792e-08
466 1.412152e-08
467 1.014627e-08
468 7.029247e-09
469 4.632680e-09
470 2.961571e-09
471 1.912138e-09
472 1.252198e-09
473 8.409168e-10
474 5.746424e-10
475 3.932716e-10
476 2.645435e-10
477 1.721156e-10
478 1.067691e-10
479 6.262238e-11
480 1.986943e-08
481 1.494805e-08
482 1.076114e-08
483 7.472981e-09
484 4.934192e-09
485 3.152022e-09
486 2.032755e-09
487 1.328684e-09
488 8.908617e-10
489 6.084338e-10
490 4.166518e-10
491 2.807545e-10
492 1.830471e-10
493 1.138723e-10
494 6.699572e-11
495 2.120072e-08
496 1.599732e-08
497 1.154288e-08
498 8.037239e-09
499 5.316812e-09
500 3.393287e-09
501 2.185821e-09
502 1.425750e-09
503 9.543301e-10
504 6.513421e-10
505 4.463269e-10
506 3.012767e-10
507 1.969645e-10
508 1.229031e-10
509 7.252821e-11
510 1.762431e-08
511 1.322409e-08
512 9.495343e-09
513 6.571217e-09
514 4.338775e-09
515 2.778701e-09
516 1.795749e-09
517 1.176581e-09
518 7.896460e-10
519 5.390568e-10
520 3.683164e-10
521 2.473544e-10
522 1.606454e-10
523 9.955314e-11
524 5.839541e-11
525 1.970476e-08
526 1.491601e-08
527 1.077503e-08
528 7.505287e-09
529 4.992806e-09
530 3.198800e-09
531 2.060559e-09
532 1.342777e-09
533 8.966157e-10
534 6.099577e-10
535 4.167163e-10
536 2.807718e-10
537 1.834785e-10
538 1.146630e-10
539 6.788970e-11
540 2.146210e-08
541 1.634743e-08
542 1.185935e-08
543 8.295866e-09
544 5.546538e-09
545 3.553936e-09
546 2.284658e-09
547 1.483389e-09
548 9.868699e-10
549 6.698657e-10
550 4.577269e-10
551 3.090717e-10
552 2.028282e-10
553 1.274348e-10
554 7.592093e-11
555 2.302095e-08
556 1.761847e-08
557 1.282279e-08
558 8.997915e-09
559 6.039575e-09
560 3.870481e-09
561 2.484216e-09
562 1.608556e-09
563 1.067358e-09
564 7.232479e-10
565 4.940741e-10
566 3.342190e-10
567 2.200056e-10
568 1.388013e-10
569 8.305934e-11
570 2.455882e-08
571 1.886881e-08
572 1.376616e-08
573 9.689058e-09
574 6.521918e-09
575 4.181128e-09
576 2.679435e-09
577 1.731449e-09
578 1.146101e-09
579 7.754547e-10
580 5.297443e-10
581 3.589521e-10
582 2.368597e-10
583 1.499501e-10
584 9.006279e-11
585 2.649976e-08
586 2.045006e-08
587 1.496646e-08
588 1.056330e-08
589 7.134129e-09
590 4.574564e-09
591 2.928074e-09
592 1.887146e-09
593 1.246126e-09
594 8.418138e-10
595 5.751886e-10
596 3.902232e-10
597 2.582577e-10
598 1.640898e-10
599 9.896700e-11
600 2.248919e-08
601 1.724115e-08
602 1.256359e-08
603 8.820187e-09
604 5.930226e-09
605 3.813349e-09
606 2.445432e-09
607 1.583929e-09
608 1.049593e-09
609 7.099221e-10
610 4.843072e-10
611 3.272902e-10
612 2.154152e-10
613 1.359808e-10
614 8.150351e-11
615 2.492487e-08
616 1.928875e-08
617 1.415202e-08
618 9.989974e-09
619 6.765795e-09
620 4.367115e-09
621 2.791522e-09
622 1.801346e-09
623 1.186874e-09
624 7.993249e-10
625 5.444879e-10
626 3.685612e-10
627 2.437372e-10
628 1.549085e-10
629 9.362867e-11
630 2.709240e-08
631 2.111803e-08
632 1.556750e-08
633 1.103283e-08
634 7.512891e-09
635 4.861430e-09
636 3.100784e-09
637 1.995606e-09
638 1.309600e-09
639 8.790829e-10
640 5.980367e-10
641 4.053412e-10
642 2.689055e-10
643 1.717949e-10
644 1.044441e-10
645 2.922780e-08
646 2.291253e-08
647 1.695752e-08
648 1.205669e-08
649 8.243788e-09
650 5.346957e-09
651 3.403549e-09
652 2.186410e-09
653 1.429875e-09
654 9.572784e-10
655 6.506784e-10
656 4.415052e-10
657 2.936420e-10
658 1.883700e-10
659 1.150733e-10
660 3.192369e-08
661 2.518472e-08
662 1.871813e-08
663 1.335573e-08
664 9.172749e-09
665 5.962531e-09
666 3.788831e-09
667 2.427909e-09
668 1.582342e-09
669 1.056543e-09
670 7.173933e-10
671 4.872778e-10
672 3.250672e-10
673 2.093895e-10
674 1.285859e-10
675 2.812291e-08
676 2.205829e-08
677 1.634337e-08
678 1.161934e-08
679 7.945487e-09
680 5.169683e-09
681 3.292964e-09
682 2.117125e-09
683 1.383735e-09
684 9.254330e-10
685 6.280839e-10
686 4.254068e-10
687 2.827346e-10
688 1.812095e-10
689 1.107289e-10
690 3.106533e-08
691 2.462033e-08
692 1.838042e-08
693 1.314153e-08
694 9.047438e-09
695 5.923871e-09
696 3.766730e-09
697 2.414971e-09
698 1.569122e-09
699 1.043785e-09
700 7.061286e-10
701 4.784249e-10
702 3.189435e-10
703 2.056728e-10
704 1.266573e-10
705 3.395447e-08
706 2.712908e-08
707 2.038115e-08
708 1.463424e-08
709 1.012760e-08
710 6.664659e-09
711 4.231528e-09
712 2.707670e-09
713 1.750879e-09
714 1.159716e-09
715 7.828381e-10
716 5.305011e-10
717 3.545040e-10
718 2.297147e-10
719 1.423336e-10
720 3.761444e-08
721 3.031875e-08
722 2.291655e-08
723 1.652907e-08
724 1.149968e-08
725 7.604574e-09
726 4.822106e-09
727 3.078468e-09
728 1.981304e-09
729 1.307175e-09
730 8.800902e-10
731 5.964541e-10
732 3.996864e-10
733 2.601663e-10
734 1.622072e-10
735 3.492213e-08
736 2.807457e-08
737 2.120529e-08
738 1.528108e-08
739 1.060941e-08
740 7.020347e-09
741 4.466257e-09
742 2.852742e-09
743 1.839396e-09
744 1.213867e-09
745 8.165487e-10
746 5.523807e-10
747 3.692734e-10
748 2.397579e-10
749 1.491463e-10
750 3.881105e-08
751 3.157221e-08
752 2.407966e-08
753 1.746888e-08
754 1.220819e-08
755 8.146478e-09
756 5.190500e-09
757 3.304855e-09
758 2.118352e-09
759 1.389220e-09
760 9.298059e-10
761 6.280347e-10
762 4.205855e-10
763 2.745287e-10
764 1.720884e-10
765 4.373612e-08
766 3.600938e-08
767 2.772876e-08
768 2.024442e-08
769 1.423719e-08
770 9.574797e-09
771 6.110002e-09
772 3.877307e-09
773 2.472583e-09
774 1.611584e-09
775 1.073670e-09
776 7.238759e-10
777 4.857243e-10
778 3.185647e-10
779 2.011696e-10
780 4.402341e-08
781 3.642097e-08
782 2.819657e-08
783 2.067407e-08
784 1.457336e-08
785 9.842742e-09
786 6.317666e-09
787 4.001981e-09
788 2.550961e-09
789 1.656559e-09
790 1.098921e-09
791 7.386632e-10
792 4.948130e-10
793 3.246642e-10
794 2.054330e-10
795 5.082217e-08
796 4.277276e-08
797 3.362466e-08
798 2.492487e-08
799 1.771973e-08
800 1.210268e-08
801 7.831990e-09
802 4.940052e-09
803 3.134313e-09
804 2.015613e-09
805 1.325257e-09
806 8.858447e-10
807 5.931857e-10
808 3.909081e-10
809 2.495062e-10
810 6.114637e-08
811 5.286170e-08
812 4.267775e-08
813 3.233141e-08
814 2.333271e-08
815 1.619983e-08
816 1.070045e-08
817 6.760504e-09
818 4.262551e-09
819 2.699845e-09
820 1.745204e-09
821 1.150052e-09
822 7.645317e-10
823 5.044286e-10
824 3.249003e-10
825 5.226603e-07
826 3.952900e-07
827 2.941911e-07
828 2.006339e-07
829 1.268876e-07
830 8.020063e-08
831 5.067897e-08
832 0.000000e+00
833 0.000000e+00
834 0.000000e+00
835 0.000000e+00
836 0.000000e+00
837 0.000000e+00
838 0.000000e+00
839 0.000000e+00
840 6.684621e-07
841 5.070029e-07
842 3.782463e-07
843 2.608599e-07
844 1.653384e-07
845 1.045751e-07
846 6.588962e-08
847 0.000000e+00
848 0.000000e+00
849 0.000000e+00
850 0.000000e+00
851 0.000000e+00
852 0.000000e+00
853 0.000000e+00
854 0.000000e+00
855 7.721873e-07
856 5.866454e-07
857 4.381713e-07
858 3.038399e-07
859 1.928755e-07
860 1.220129e-07
861 7.678085e-08
862 0.000000e+00
863 0.000000e+00
864 0.000000e+00
865 0.000000e+00
866 0.000000e+00
867 0.000000e+00
868 0.000000e+00
869 0.000000e+00
870 8.531125e-07
871 6.487712e-07
872 4.849210e-07
873 3.373671e-07
874 2.143601e-07
875 1.356196e-07
876 8.527923e-08
877 0.000000e+00
878 0.000000e+00
879 0.000000e+00
880 0.000000e+00
881 0.000000e+00
882 0.000000e+00
883 0.000000e+00
884 0.000000e+00
885 9.209346e-07
886 7.008462e-07
887 5.241107e-07
888 3.654730e-07
889 2.323705e-07
890 1.470247e-07
891 9.240271e-08
892 0.000000e+00
893 0.000000e+00
894 0.000000e+00
895 0.000000e+00
896 0.000000e+00
897 0.000000e+00
898 0.000000e+00
899 0.000000e+00
900 9.813045e-07
901 7.471897e-07
902 5.589856e-07
903 3.904863e-07
904 2.483995e-07
905 1.571748e-07
906 9.874238e-08
907 0.000000e+00
908 0.000000e+00
909 0.000000e+00
910 0.000000e+00
911 0.000000e+00
912 0.000000e+00
913 0.000000e+00
914 0.000000e+00
915 1.040610e-06
916 7.927235e-07
917 5.932553e-07
918 4.150592e-07
919 2.641454e-07
920 1.671461e-07
921 1.049704e-07
922 0.000000e+00
923 0.000000e+00
924 0.000000e+00
925 0.000000e+00
926 0.000000e+00
927 0.000000e+00
928 0.000000e+00
929 0.000000e+00
930 1.115909e-06
931 8.505414e-07
932 6.367633e-07
933 4.462630e-07
934 2.841399e-07
935 1.798091e-07
936 1.128796e-07
937 0.000000e+00
938 0.000000e+00
939 0.000000e+00
940 0.000000e+00
941 0.000000e+00
942 0.000000e+00
943 0.000000e+00
944 0.000000e+00
945 2.665544e-07
946 2.067566e-07
947 1.557499e-07
948 1.161901e-07
949 7.484766e-08
950 4.762356e-08
951 2.946505e-08
952 1.858925e-08
953 0.000000e+00
954 0.000000e+00
955 0.000000e+00
956 0.000000e+00
957 0.000000e+00
958 0.000000e+00
959 0.000000e+00
960 4.286291e-07
961 3.365592e-07
962 2.532975e-07
963 1.902769e-07
964 1.251808e-07
965 7.914224e-08
966 4.911627e-08
967 3.083795e-08
968 0.000000e+00
969 0.000000e+00
970 0.000000e+00
971 0.000000e+00
972 0.000000e+00
973 0.000000e+00
974 0.000000e+00
975 5.555908e-07
976 4.392247e-07
977 3.306596e-07
978 2.489517e-07
979 1.656288e-07
980 1.044346e-07
981 6.496441e-08
982 4.068049e-08
983 0.000000e+00
984 0.000000e+00
985 0.000000e+00
986 0.000000e+00
987 0.000000e+00
988 0.000000e+00
989 0.000000e+00
990 6.556639e-07
991 5.202919e-07
992 3.918100e-07
993 2.953078e-07
994 1.976418e-07
995 1.244793e-07
996 7.752565e-08
997 4.847870e-08
998 0.000000e+00
999 0.000000e+00
1000 0.000000e+00
1001 0.000000e+00
1002 0.000000e+00
1003 0.000000e+00
1004 0.000000e+00
1005 7.395206e-07
1006 5.882249e-07
1007 4.430530e-07
1008 3.341503e-07
1009 2.244653e-07
1010 1.412775e-07
1011 8.805036e-08
1012 5.501231e-08
1013 0.000000e+00
1014 0.000000e+00
1015 0.000000e+00
1016 0.000000e+00
1017 0.000000e+00
1018 0.000000e+00
1019 0.000000e+00
1020 8.141289e-07
1021 6.486525e-07
1022 4.886341e-07
1023 3.687119e-07
1024 2.483292e-07
1025 1.562220e-07
1026 9.741414e-08
1027 6.082514e-08
1028 0.000000e+00
1029 0.000000e+00
1030 0.000000e+00
1031 0.000000e+00
1032 0.000000e+00
1033 0.000000e+00
1034 0.000000e+00
1035 8.874555e-07
1036 7.080334e-07
1037 5.334226e-07
1038 4.026624e-07
1039 2.717756e-07
1040 1.709054e-07
1041 1.066141e-07
1042 6.653682e-08
1043 0.000000e+00
1044 0.000000e+00
1045 0.000000e+00
1046 0.000000e+00
1047 0.000000e+00
1048 0.000000e+00
1049 0.000000e+00
1050 9.805291e-07
1051 7.834369e-07
1052 5.903014e-07
1053 4.457832e-07
1054 3.015548e-07
1055 1.895548e-07
1056 1.182980e-07
1057 7.378988e-08
1058 0.000000e+00
1059 0.000000e+00
1060 0.000000e+00
1061 0.000000e+00
1062 0.000000e+00
1063 0.000000e+00
1064 0.000000e+00
1065 2.426527e-07
1066 2.003791e-07
1067 1.510871e-07
1068 1.149924e-07
1069 8.199809e-08
1070 5.070385e-08
1071 3.203555e-08
1072 1.977067e-08
1073 1.247974e-08
1074 0.000000e+00
1075 0.000000e+00
1076 0.000000e+00
1077 0.000000e+00
1078 0.000000e+00
1079 0.000000e+00
1080 3.744544e-07
1081 3.132060e-07
1082 2.374352e-07
1083 1.801375e-07
1084 1.304567e-07
1085 8.093076e-08
1086 5.135049e-08
1087 3.156195e-08
1088 1.982764e-08
1089 0.000000e+00
1090 0.000000e+00
1091 0.000000e+00
1092 0.000000e+00
1093 0.000000e+00
1094 0.000000e+00
1095 4.850333e-07
1096 4.085100e-07
1097 3.107382e-07
1098 2.353822e-07
1099 1.716704e-07
1100 1.069046e-07
1101 6.788518e-08
1102 4.165805e-08
1103 2.611074e-08
1104 0.000000e+00
1105 0.000000e+00
1106 0.000000e+00
1107 0.000000e+00
1108 0.000000e+00
1109 0.000000e+00
1110 5.781264e-07
1111 4.888070e-07
1112 3.725528e-07
1113 2.819715e-07
1114 2.064207e-07
1115 1.288402e-07
1116 8.183958e-08
1117 5.018389e-08
1118 3.141509e-08
1119 0.000000e+00
1120 0.000000e+00
1121 0.000000e+00
1122 0.000000e+00
1123 0.000000e+00
1124 0.000000e+00
1125 6.608827e-07
1126 5.601771e-07
1127 4.274904e-07
1128 3.233797e-07
1129 2.373097e-07
1130 1.483402e-07
1131 9.424305e-08
1132 5.776201e-08
1133 3.613011e-08
1134 0.000000e+00
1135 0.000000e+00
1136 0.000000e+00
1137 0.000000e+00
1138 0.000000e+00
1139 0.000000e+00
1140 7.421999e-07
1141 6.303008e-07
1142 4.814712e-07
1143 3.640603e-07
1144 2.676528e-07
1145 1.674930e-07
1146 1.064268e-07
1147 6.520661e-08
1148 4.076241e-08
1149 0.000000e+00
1150 0.000000e+00
1151 0.000000e+00
1152 0.000000e+00
1153 0.000000e+00
1154 0.000000e+00
1155 8.454632e-07
1156 7.193668e-07
1157 5.500256e-07
1158 4.157350e-07
1159 3.061954e-07
1160 1.918215e-07
1161 1.219039e-07
1162 7.466296e-08
1163 4.664559e-08
1164 0.000000e+00
1165 0.000000e+00
1166 0.000000e+00
1167 0.000000e+00
1168 0.000000e+00
1169 0.000000e+00
1170 2.257669e-07
1171 1.987415e-07
1172 1.543999e-07
1173 1.157126e-07
1174 8.808307e-08
1175 5.603248e-08
1176 3.581554e-08
1177 2.174117e-08
1178 1.345097e-08
1179 0.000000e+00
1180 0.000000e+00
1181 0.000000e+00
1182 0.000000e+00
1183 0.000000e+00
1184 0.000000e+00
1185 3.386656e-07
1186 3.012365e-07
1187 2.359789e-07
1188 1.766682e-07
1189 1.348064e-07
1190 8.720110e-08
1191 5.535754e-08
1192 3.367215e-08
1193 2.079247e-08
1194 0.000000e+00
1195 0.000000e+00
1196 0.000000e+00
1197 0.000000e+00
1198 0.000000e+00
1199 0.000000e+00
1200 4.372658e-07
1201 3.910712e-07
1202 3.077634e-07
1203 2.303648e-07
1204 1.759203e-07
1205 1.148341e-07
1206 7.263646e-08
1207 4.426009e-08
1208 2.729810e-08
1209 0.000000e+00
1210 0.000000e+00
1211 0.000000e+00
1212 0.000000e+00
1213 0.000000e+00
1214 0.000000e+00
1215 5.249413e-07
1216 4.709799e-07
1217 3.716395e-07
1218 2.781408e-07
1219 2.125002e-07
1220 1.394223e-07
1221 8.801283e-08
1222 5.368309e-08
1223 3.308685e-08
1224 0.000000e+00
1225 0.000000e+00
1226 0.000000e+00
1227 0.000000e+00
1228 0.000000e+00
1229 0.000000e+00
1230 6.110398e-07
1231 5.494311e-07
1232 4.343293e-07
1233 3.250416e-07
1234 2.484040e-07
1235 1.635602e-07
1236 1.031098e-07
1237 6.293421e-08
1238 3.876966e-08
1239 0.000000e+00
1240 0.000000e+00
1241 0.000000e+00
1242 0.000000e+00
1243 0.000000e+00
1244 0.000000e+00
1245 7.203700e-07
1246 6.490578e-07
1247 5.139639e-07
1248 3.846109e-07
1249 2.940129e-07
1250 1.942219e-07
1251 1.222869e-07
1252 7.468716e-08
1253 4.598901e-08
1254 0.000000e+00
1255 0.000000e+00
1256 0.000000e+00
1257 0.000000e+00
1258 0.000000e+00
1259 0.000000e+00
1260 2.150327e-07
1261 1.999368e-07
1262 1.624162e-07
1263 1.213805e-07
1264 9.307328e-08
1265 6.458340e-08
1266 3.979670e-08
1267 2.452996e-08
1268 1.502625e-08
1269 0.000000e+00
1270 0.000000e+00
1271 0.000000e+00
1272 0.000000e+00
1273 0.000000e+00
1274 0.000000e+00
1275 3.154755e-07
1276 2.955821e-07
1277 2.420924e-07
1278 1.813480e-07
1279 1.387115e-07
1280 9.758904e-08
1281 5.988101e-08
1282 3.715817e-08
1283 2.269624e-08
1284 0.000000e+00
1285 0.000000e+00
1286 0.000000e+00
1287 0.000000e+00
1288 0.000000e+00
1289 0.000000e+00
1290 4.062407e-07
1291 3.821521e-07
1292 3.143716e-07
1293 2.358197e-07
1294 1.801297e-07
1295 1.276031e-07
1296 7.818542e-08
1297 4.866943e-08
1298 2.968203e-08
1299 0.000000e+00
1300 0.000000e+00
1301 0.000000e+00
1302 0.000000e+00
1303 0.000000e+00
1304 0.000000e+00
1305 4.952488e-07
1306 4.670165e-07
1307 3.852107e-07
1308 2.892047e-07
1309 2.207299e-07
1310 1.570154e-07
1311 9.612381e-08
1312 5.995017e-08
1313 3.652787e-08
1314 0.000000e+00
1315 0.000000e+00
1316 0.000000e+00
1317 0.000000e+00
1318 0.000000e+00
1319 0.000000e+00
1320 6.082656e-07
1321 5.748016e-07
1322 4.751743e-07
1323 3.570045e-07
1324 2.722852e-07
1325 1.943680e-07
1326 1.188991e-07
1327 7.427178e-08
1328 4.521993e-08
1329 0.000000e+00
1330 0.000000e+00
1331 0.000000e+00
1332 0.000000e+00
1333 0.000000e+00
1334 0.000000e+00
1335 2.103777e-07
1336 2.045725e-07
1337 1.743747e-07
1338 1.323584e-07
1339 9.994794e-08
1340 7.463635e-08
1341 4.524530e-08
1342 2.890525e-08
1343 1.741602e-08
1344 1.061882e-08
1345 0.000000e+00
1346 0.000000e+00
1347 0.000000e+00
1348 0.000000e+00
1349 0.000000e+00
1350 3.027952e-07
1351 2.960315e-07
1352 2.540489e-07
1353 1.936211e-07
1354 1.459023e-07
1355 1.095594e-07
1356 6.681468e-08
1357 4.273542e-08
1358 2.568900e-08
1359 1.563372e-08
1360 0.000000e+00
1361 0.000000e+00
1362 0.000000e+00
1363 0.000000e+00
1364 0.000000e+00
1365 3.935720e-07
1366 3.858846e-07
1367 3.323614e-07
1368 2.538650e-07
1369 1.910946e-07
1370 1.439004e-07
1371 8.804707e-08
1372 5.633866e-08
1373 3.382864e-08
1374 2.056792e-08
1375 0.000000e+00
1376 0.000000e+00
1377 0.000000e+00
1378 0.000000e+00
1379 0.000000e+00
1380 5.087554e-07
1381 4.998980e-07
1382 4.317148e-07
1383 3.302874e-07
1384 2.484244e-07
1385 1.874611e-07
1386 1.149807e-07
1387 7.359629e-08
1388 4.415577e-08
1389 2.682741e-08
1390 0.000000e+00
1391 0.000000e+00
1392 0.000000e+00
1393 0.000000e+00
1394 0.000000e+00
1395 1.211510e-07
1396 1.213143e-07
1397 1.071848e-07
1398 8.304716e-08
1399 6.200386e-08
1400 4.769068e-08
1401 2.971806e-08
1402 1.915729e-08
1403 1.139397e-08
1404 6.878803e-09
1405 0.000000e+00
1406 0.000000e+00
1407 0.000000e+00
1408 0.000000e+00
1409 0.000000e+00
1410 2.114832e-07
1411 2.133792e-07
1412 1.904964e-07
1413 1.488505e-07
1414 1.109756e-07
1415 8.549888e-08
1416 5.433656e-08
1417 3.472251e-08
1418 2.065607e-08
1419 1.246907e-08
1420 0.000000e+00
1421 0.000000e+00
1422 0.000000e+00
1423 0.000000e+00
1424 0.000000e+00
1425 3.033963e-07
1426 3.072407e-07
1427 2.756794e-07
1428 2.163345e-07
1429 1.612196e-07
1430 1.242547e-07
1431 7.974534e-08
1432 5.072228e-08
1433 3.020265e-08
1434 1.822746e-08
1435 0.000000e+00
1436 0.000000e+00
1437 0.000000e+00
1438 0.000000e+00
1439 0.000000e+00
1440 4.197357e-07
1441 4.260325e-07
1442 3.834765e-07
1443 3.017235e-07
1444 2.247942e-07
1445 1.732934e-07
1446 1.118899e-07
1447 7.096625e-08
1448 4.228198e-08
1449 2.551337e-08
1450 0.000000e+00
1451 0.000000e+00
1452 0.000000e+00
1453 0.000000e+00
1454 0.000000e+00
1455 1.299849e-07
1456 1.345941e-07
1457 1.244581e-07
1458 1.001655e-07
1459 7.449156e-08
1460 5.745782e-08
1461 3.903104e-08
1462 2.413157e-08
1463 1.445498e-08
1464 8.717996e-09
1465 0.000000e+00
1466 0.000000e+00
1467 0.000000e+00
1468 0.000000e+00
1469 0.000000e+00
1470 2.217826e-07
1471 2.308531e-07
1472 2.150852e-07
1473 1.744732e-07
1474 1.299549e-07
1475 9.996949e-08
1476 6.902927e-08
1477 4.229226e-08
1478 2.553370e-08
1479 1.537073e-08
1480 0.000000e+00
1481 0.000000e+00
1482 0.000000e+00
1483 0.000000e+00
1484 0.000000e+00
1485 3.386045e-07
1486 3.534020e-07
1487 3.305381e-07
1488 2.692100e-07
1489 2.006943e-07
1490 1.541723e-07
1491 1.073157e-07
1492 6.547467e-08
1493 3.969031e-08
1494 2.386816e-08
1495 0.000000e+00
1496 0.000000e+00
1497 0.000000e+00
1498 0.000000e+00
1499 0.000000e+00
1500 1.464847e-07
1501 1.561527e-07
1502 1.505221e-07
1503 1.266072e-07
1504 9.522924e-08
1505 7.227862e-08
1506 5.330339e-08
1507 3.168265e-08
1508 1.986823e-08
1509 1.183161e-08
1510 7.049421e-09
1511 0.000000e+00
1512 0.000000e+00
1513 0.000000e+00
1514 0.000000e+00
1515 2.633352e-07
1516 2.817118e-07
1517 2.729745e-07
1518 2.310633e-07
1519 1.743356e-07
1520 1.319862e-07
1521 9.809177e-08
1522 5.836816e-08
1523 3.682917e-08
1524 2.187070e-08
1525 1.298477e-08
1526 0.000000e+00
1527 0.000000e+00
1528 0.000000e+00
1529 0.000000e+00
1530 1.918880e-07
1531 2.100028e-07
1532 2.103249e-07
1533 1.855178e-07
1534 1.433080e-07
1535 1.069664e-07
1536 8.244885e-08
1537 5.054441e-08
1538 3.258431e-08
1539 1.903956e-08
1540 1.114041e-08
1541 0.000000e+00
1542 0.000000e+00
1543 0.000000e+00
1544 0.000000e+00
1545 5.567591e-05
1546 4.205741e-05
1547 3.191067e-05
1548 2.213546e-05
1549 1.391959e-05
1550 8.794852e-06
1551 5.517336e-06
1552 0.000000e+00
1553 0.000000e+00
1554 0.000000e+00
1555 0.000000e+00
1556 0.000000e+00
1557 0.000000e+00
1558 0.000000e+00
1559 0.000000e+00
1560 4.160151e-05
1561 3.303129e-05
1562 2.473199e-05
1563 1.894654e-05
1564 1.262486e-05
1565 7.979260e-06
1566 4.927430e-06
1567 3.077884e-06
1568 0.000000e+00
1569 0.000000e+00
1570 0.000000e+00
1571 0.000000e+00
1572 0.000000e+00
1573 0.000000e+00
1574 0.000000e+00
1575 3.256127e-05
1576 2.771537e-05
1577 2.106285e-05
1578 1.592372e-05
1579 1.187708e-05
1580 7.271240e-06
1581 4.671063e-06
1582 2.856692e-06
1583 1.780075e-06
1584 0.000000e+00
1585 0.000000e+00
1586 0.000000e+00
1587 0.000000e+00
1588 0.000000e+00
1589 0.000000e+00
1590 2.616504e-05
1591 2.364769e-05
1592 1.868479e-05
1593 1.391821e-05
1594 1.074610e-05
1595 7.033416e-06
1596 4.471831e-06
1597 2.702418e-06
1598 1.664489e-06
1599 0.000000e+00
1600 0.000000e+00
1601 0.000000e+00
1602 0.000000e+00
1603 0.000000e+00
1604 0.000000e+00
1605 2.141165e-05
1606 2.031590e-05
1607 1.681071e-05
1608 1.258214e-05
1609 9.612421e-06
1610 6.919321e-06
1611 4.180512e-06
1612 2.606428e-06
1613 1.591470e-06
1614 0.000000e+00
1615 0.000000e+00
1616 0.000000e+00
1617 0.000000e+00
1618 0.000000e+00
1619 0.000000e+00
1620 1.776287e-05
1621 1.752413e-05
1622 1.517715e-05
1623 1.159187e-05
1624 8.698812e-06
1625 6.635436e-06
1626 4.008170e-06
1627 2.598715e-06
1628 1.556005e-06
1629 9.406301e-07
1630 0.000000e+00
1631 0.000000e+00
1632 0.000000e+00
1633 0.000000e+00
1634 0.000000e+00
1635 1.484971e-05
1636 1.512935e-05
1637 1.367050e-05
1638 1.076182e-05
1639 7.994911e-06
1640 6.199593e-06
1641 3.993669e-06
1642 2.552976e-06
1643 1.510372e-06
1644 9.110147e-07
1645 0.000000e+00
1646 0.000000e+00
1647 0.000000e+00
1648 0.000000e+00
1649 0.000000e+00
1650 1.243673e-05
1651 1.302524e-05
1652 1.223467e-05
1653 9.989006e-06
1654 7.433077e-06
1655 5.714487e-06
1656 4.011119e-06
1657 2.429856e-06
1658 1.466510e-06
1659 8.842947e-07
1660 0.000000e+00
1661 0.000000e+00
1662 0.000000e+00
1663 0.000000e+00
1664 0.000000e+00
1665 1.037790e-05
1666 1.113870e-05
1667 1.084116e-05
1668 9.213626e-06
1669 6.951460e-06
1670 5.252370e-06
1671 3.943702e-06
1672 2.321288e-06
1673 1.475997e-06
1674 8.756857e-07
1675 5.183005e-07
1676 0.000000e+00
1677 0.000000e+00
1678 0.000000e+00
1679 0.000000e+00
1680 8.537776e-06
1681 9.374675e-06
1682 9.432815e-06
1683 8.365280e-06
1684 6.477226e-06
1685 4.822857e-06
1686 3.739503e-06
1687 2.293765e-06
1688 1.490472e-06
1689 8.682672e-07
1690 5.059635e-07
1691 0.000000e+00
1692 0.000000e+00
1693 0.000000e+00
1694 0.000000e+00
1695 1.323091e-06
1696 1.009968e-06
1697 7.566770e-07
1698 5.320611e-07
1699 3.393850e-07
1700 2.147510e-07
1701 1.347275e-07
1702 0.000000e+00
1703 0.000000e+00
1704 0.000000e+00
1705 0.000000e+00
1706 0.000000e+00
1707 0.000000e+00
1708 0.000000e+00
1709 0.000000e+00
1710 1.236697e-06
1711 9.913663e-07
1712 7.473369e-07
1713 5.644940e-07
1714 3.835686e-07
1715 2.410280e-07
1716 1.505681e-07
1717 9.381843e-08
1718 0.000000e+00
1719 0.000000e+00
1720 0.000000e+00
1721 0.000000e+00
1722 0.000000e+00
1723 0.000000e+00
1724 0.000000e+00
1725 1.129653e-06
1726 9.648512e-07
1727 7.391144e-07
1728 5.583387e-07
1729 4.120604e-07
1730 2.591361e-07
1731 1.645801e-07
1732 1.007710e-07
1733 6.289642e-08
1734 0.000000e+00
1735 0.000000e+00
1736 0.000000e+00
1737 0.000000e+00
1738 0.000000e+00
1739 0.000000e+00
1740 1.021487e-06
1741 9.238115e-07
1742 7.336076e-07
1743 5.492346e-07
1744 4.195561e-07
1745 2.788335e-07
1746 1.751622e-07
1747 1.071342e-07
1748 6.593027e-08
1749 0.000000e+00
1750 0.000000e+00
1751 0.000000e+00
1752 0.000000e+00
1753 0.000000e+00
1754 0.000000e+00
1755 9.197037e-07
1756 8.720641e-07
1757 7.231923e-07
1758 5.442266e-07
1759 4.145616e-07
1760 2.971356e-07
1761 1.818493e-07
1762 1.138228e-07
1763 6.922088e-08
1764 0.000000e+00
1765 0.000000e+00
1766 0.000000e+00
1767 0.000000e+00
1768 0.000000e+00
1769 0.000000e+00
1770 8.262590e-07
1771 8.143959e-07
1772 7.056104e-07
1773 5.412079e-07
1774 4.068176e-07
1775 3.073017e-07
1776 1.894595e-07
1777 1.212136e-07
1778 7.263743e-08
1779 4.411084e-08
1780 0.000000e+00
1781 0.000000e+00
1782 0.000000e+00
1783 0.000000e+00
1784 0.000000e+00
1785 7.405089e-07
1786 7.537763e-07
1787 6.806694e-07
1788 5.372793e-07
1789 4.004711e-07
1790 3.083999e-07
1791 2.006671e-07
1792 1.268409e-07
1793 7.565777e-08
1794 4.563477e-08
1795 0.000000e+00
1796 0.000000e+00
1797 0.000000e+00
1798 0.000000e+00
1799 0.000000e+00
1800 6.606660e-07
1801 6.913972e-07
1802 6.487150e-07
1803 5.303012e-07
1804 3.959627e-07
1805 3.036302e-07
1806 2.127977e-07
1807 1.294427e-07
1808 7.881398e-08
1809 4.733966e-08
1810 0.000000e+00
1811 0.000000e+00
1812 0.000000e+00
1813 0.000000e+00
1814 0.000000e+00
1815 5.850512e-07
1816 6.275302e-07
1817 6.099907e-07
1818 5.184615e-07
1819 3.922592e-07
1820 2.965223e-07
1821 2.212372e-07
1822 1.319099e-07
1823 8.350298e-08
1824 4.949513e-08
1825 2.934503e-08
1826 0.000000e+00
1827 0.000000e+00
1828 0.000000e+00
1829 0.000000e+00
1830 5.123605e-07
1831 5.622691e-07
1832 5.650476e-07
1833 5.007464e-07
1834 3.884414e-07
1835 2.897846e-07
1836 2.234735e-07
1837 1.382909e-07
1838 8.880573e-08
1839 5.184668e-08
1840 3.037368e-08
1841 0.000000e+00
1842 0.000000e+00
1843 0.000000e+00
1844 0.000000e+00
1845 4.694424e-09
1846 3.262541e-09
1847 2.173815e-09
1848 1.410248e-09
1849 9.215750e-10
1850 6.125577e-10
1851 4.167155e-10
1852 2.878325e-10
1853 1.985835e-10
1854 1.343129e-10
1855 8.765163e-11
1856 5.455893e-11
1857 3.214787e-11
1858 1.790688e-11
1859 9.491157e-12
1860 1.161868e-08
1861 8.397813e-09
1862 5.850174e-09
1863 3.876278e-09
1864 2.491130e-09
1865 1.614780e-09
1866 1.063141e-09
1867 7.183959e-10
1868 4.947776e-10
1869 3.413649e-10
1870 2.314540e-10
1871 1.516295e-10
1872 9.470593e-11
1873 5.587901e-11
1874 3.108346e-11
1875 1.817941e-08
1876 1.347013e-08
1877 9.609656e-09
1878 6.582490e-09
1879 4.269284e-09
1880 2.736571e-09
1881 1.770639e-09
1882 1.170662e-09
1883 7.935745e-10
1884 5.459825e-10
1885 3.742357e-10
1886 2.507776e-10
1887 1.617023e-10
1888 9.899476e-11
1889 5.712848e-11
1890 2.488249e-08
1891 1.890100e-08
1892 1.369972e-08
1893 9.590854e-09
1894 6.371041e-09
1895 4.060237e-09
1896 2.609320e-09
1897 1.693903e-09
1898 1.129778e-09
1899 7.699934e-10
1900 5.283263e-10
1901 3.579166e-10
1902 2.353496e-10
1903 1.478137e-10
1904 8.780466e-11
1905 3.187260e-08
1906 2.482571e-08
1907 1.827919e-08
1908 1.297847e-08
1909 8.825045e-09
1910 5.663073e-09
1911 3.613406e-09
1912 2.317736e-09
1913 1.522688e-09
1914 1.025308e-09
1915 7.003882e-10
1916 4.767173e-10
1917 3.173692e-10
1918 2.031869e-10
1919 1.235260e-10
1920 3.938945e-08
1921 3.147031e-08
1922 2.358444e-08
1923 1.694185e-08
1924 1.173394e-08
1925 7.661186e-09
1926 4.850708e-09
1927 3.095700e-09
1928 2.004232e-09
1929 1.330776e-09
1930 9.017530e-10
1931 6.137254e-10
1932 4.117314e-10
1933 2.674668e-10
1934 1.657924e-10
1935 4.771748e-08
1936 3.911531e-08
1937 2.991733e-08
1938 2.175743e-08
1939 1.528271e-08
1940 1.019500e-08
1941 6.450253e-09
1942 4.102499e-09
1943 2.618167e-09
1944 1.714080e-09
1945 1.148685e-09
1946 7.785310e-10
1947 5.242823e-10
1948 3.442693e-10
1949 2.169912e-10
1950 5.732862e-08
1951 4.824865e-08
1952 3.778286e-08
1953 2.789523e-08
1954 1.982926e-08
1955 1.350871e-08
1956 8.643335e-09
1957 5.456689e-09
1958 3.449598e-09
1959 2.225116e-09
1960 1.470272e-09
1961 9.883294e-10
1962 6.652905e-10
1963 4.401328e-10
1964 2.813446e-10
1965 6.958020e-08
1966 6.029948e-08
1967 4.859459e-08
1968 3.665067e-08
1969 2.639967e-08
1970 1.833570e-08
1971 1.200778e-08
1972 7.530691e-09
1973 4.744460e-09
1974 3.006781e-09
1975 1.950014e-09
1976 1.292327e-09
1977 8.647131e-10
1978 5.739344e-10
1979 3.711468e-10
1980 9.146323e-08
1981 8.278439e-08
1982 6.991381e-08
1983 5.499954e-08
1984 4.075802e-08
1985 2.899014e-08
1986 1.973426e-08
1987 1.263221e-08
1988 7.888596e-09
1989 4.910812e-09
1990 3.090680e-09
1991 1.985270e-09
1992 1.298149e-09
1993 8.534028e-10
1994 5.547343e-10
1995 2.106694e-07
1996 2.157895e-07
1997 2.100824e-07
1998 1.925726e-07
1999 1.647997e-07
2000 1.310995e-07
2001 9.771389e-08
2002 6.954200e-08
2003 4.746666e-08
2004 3.013621e-08
2005 1.822004e-08
2006 1.082952e-08
2007 6.355620e-09
2008 3.726929e-09
2009 2.204599e-09
