0 2.322082e-09
1 1.571970e-09
2 1.032419e-09
3 6.757971e-10
4 4.490596e-10
5 3.044239e-10
6 2.097607e-10
7 1.448506e-10
8 9.850270e-11
9 6.491447e-11
10 4.095567e-11
11 2.454904e-11
12 1.393578e-11
13 7.518084e-12
14 3.891417e-12
15 3.727408e-09
16 2.574836e-09
17 1.710664e-09
18 1.112515e-09
19 7.300453e-10
20 4.874699e-10
21 3.325762e-10
22 2.296246e-10
23 1.578167e-10
24 1.060694e-10
25 6.868045e-11
26 4.239515e-11
27 2.478458e-11
28 1.371770e-11
29 7.240604e-12
30 4.238117e-09
31 2.944523e-09
32 1.966267e-09
33 1.278718e-09
34 8.363029e-10
35 5.560748e-10
36 3.779435e-10
37 2.605510e-10
38 1.794075e-10
39 1.211138e-10
40 7.895533e-11
41 4.913087e-11
42 2.897077e-11
43 1.616263e-11
44 8.584411e-12
45 4.532827e-09
46 3.157740e-09
47 2.113651e-09
48 1.374619e-09
49 8.976357e-10
50 5.956745e-10
51 4.041248e-10
52 2.784462e-10
53 1.918573e-10
54 1.298104e-10
55 8.487821e-11
56 5.301401e-11
57 3.138449e-11
58 1.757249e-11
59 9.359419e-12
60 4.738471e-09
61 3.306886e-09
62 2.216789e-09
63 1.441667e-09
64 9.404567e-10
65 6.233366e-10
66 4.224053e-10
67 2.909179e-10
68 2.005503e-10
69 1.358720e-10
70 8.902058e-11
71 5.573234e-11
72 3.307226e-11
73 1.855756e-11
74 9.901027e-12
75 4.897581e-09
76 3.421811e-09
77 2.296243e-09
78 1.493371e-09
79 9.735331e-10
80 6.446958e-10
81 4.365475e-10
82 3.005594e-10
83 2.072651e-10
84 1.405605e-10
85 9.221503e-11
86 5.782668e-11
87 3.437522e-11
88 1.931934e-11
89 1.031970e-11
90 5.028988e-09
91 3.516926e-09
92 2.362238e-09
93 1.536215e-09
94 1.000904e-09
95 6.623744e-10
96 4.482389e-10
97 3.085523e-10
98 2.128337e-10
99 1.444452e-10
100 9.486605e-11
101 5.956386e-11
102 3.545342e-11
103 1.994749e-11
104 1.066573e-11
105 5.146143e-09
106 3.601852e-09
107 2.420815e-09
108 1.574293e-09
109 1.025214e-09
110 6.780889e-10
111 4.586333e-10
112 3.156448e-10
113 2.177770e-10
114 1.478908e-10
115 9.722027e-11
116 6.110740e-11
117 3.641172e-11
118 2.050864e-11
119 1.097363e-11
120 5.261660e-09
121 3.684919e-09
122 2.477752e-09
123 1.611316e-09
124 1.048937e-09
125 6.933830e-10
126 4.688026e-10
127 3.225386e-10
128 2.225925e-10
129 1.512480e-10
130 9.950995e-11
131 6.261512e-11
132 3.734380e-11
133 2.105351e-11
134 1.127347e-11
135 5.398639e-09
136 3.784630e-09
137 2.547230e-09
138 1.656439e-09
139 1.077772e-09
140 7.119973e-10
141 4.810429e-10
142 3.309362e-10
143 2.284491e-10
144 1.554616e-10
145 1.022936e-10
146 6.443463e-11
147 3.848136e-11
148 2.171715e-11
149 1.163796e-11
150 7.228621e-09
151 5.142387e-09
152 3.518889e-09
153 2.305113e-09
154 1.490357e-09
155 9.752437e-10
156 6.510216e-10
157 4.443103e-10
158 3.065956e-10
159 2.100722e-10
160 1.403273e-10
161 9.010563e-11
162 5.500182e-11
163 3.172340e-11
164 1.731301e-11
165 8.980255e-09
166 6.452550e-09
167 4.469838e-09
168 2.958416e-09
169 1.907490e-09
170 1.241249e-09
171 8.208361e-10
172 5.561915e-10
173 3.825954e-10
174 2.629066e-10
175 1.771261e-10
176 1.151834e-10
177 7.141837e-11
178 4.187277e-11
179 2.319652e-11
180 1.003288e-08
181 7.245801e-09
182 5.044415e-09
183 3.356120e-09
184 2.162820e-09
185 1.403800e-09
186 9.244977e-10
187 6.241474e-10
188 4.285808e-10
189 2.948160e-10
190 1.993639e-10
191 1.303632e-10
192 8.138437e-11
193 4.807285e-11
194 2.680801e-11
195 1.077175e-08
196 7.800648e-09
197 5.447846e-09
198 3.634158e-09
199 2.341946e-09
200 1.517587e-09
201 9.972037e-10
202 6.715410e-10
203 4.608302e-10
204 3.171911e-10
205 2.149222e-10
206 1.410247e-10
207 8.839027e-11
208 5.241394e-11
209 2.934326e-11
210 1.134075e-08
211 8.227760e-09
212 5.757603e-09
213 3.848741e-09
214 2.479935e-09
215 1.605306e-09
216 1.053174e-09
217 7.082802e-10
218 4.856851e-10
219 3.344615e-10
220 2.269538e-10
221 1.491936e-10
222 9.375608e-11
223 5.575750e-11
224 3.129504e-11
225 1.181114e-08
226 8.582032e-09
227 6.015078e-09
228 4.026687e-09
229 2.593763e-09
230 1.677837e-09
231 1.099490e-09
232 7.386748e-10
233 5.061870e-10
234 3.487391e-10
235 2.368711e-10
236 1.559822e-10
237 9.821121e-11
238 5.853554e-11
239 3.291048e-11
240 1.223246e-08
241 8.897975e-09
242 6.245312e-09
243 4.184936e-09
244 2.695435e-09
245 1.742432e-09
246 1.140616e-09
247 7.656818e-10
248 5.245571e-10
249 3.614689e-10
250 2.457395e-10
251 1.620377e-10
252 1.021958e-10
253 6.099243e-11
254 3.435006e-11
255 1.264146e-08
256 9.206403e-09
257 6.468187e-09
258 4.339802e-09
259 2.794752e-09
260 1.805099e-09
261 1.181019e-09
262 7.920180e-10
263 5.424769e-10
264 3.738169e-10
265 2.543775e-10
266 1.679366e-10
267 1.060598e-10
268 6.340861e-11
269 3.574961e-11
270 1.313264e-08
271 9.577913e-09
272 6.737335e-09
273 4.525882e-09
274 2.914503e-09
275 1.881642e-09
276 1.229520e-09
277 8.239697e-10
278 5.639099e-10
279 3.887183e-10
280 2.647571e-10
281 1.750500e-10
282 1.107251e-10
283 6.631012e-11
284 3.744717e-11
285 1.196191e-08
286 8.734753e-09
287 6.146257e-09
288 4.147634e-09
289 2.683353e-09
290 1.732481e-09
291 1.132258e-09
292 7.569290e-10
293 5.164331e-10
294 3.549689e-10
295 2.413257e-10
296 1.594179e-10
297 1.009838e-10
298 6.065881e-11
299 3.440048e-11
300 1.396426e-08
301 1.029296e-08
302 7.298059e-09
303 4.973528e-09
304 3.235359e-09
305 2.080403e-09
306 1.352682e-09
307 8.979115e-10
308 6.092564e-10
309 4.181806e-10
310 2.852008e-10
311 1.897675e-10
312 1.214096e-10
313 7.380466e-11
314 4.238688e-11
315 1.539248e-08
316 1.140680e-08
317 8.122752e-09
318 5.565150e-09
319 3.632396e-09
320 2.330604e-09
321 1.511652e-09
322 9.992575e-10
323 6.761133e-10
324 4.635249e-10
325 3.165502e-10
326 2.114548e-10
327 1.360486e-10
328 8.325122e-11
329 4.812756e-11
330 1.649602e-08
331 1.226822e-08
332 8.760447e-09
333 6.022986e-09
334 3.939667e-09
335 2.524084e-09
336 1.634389e-09
337 1.077485e-09
338 7.275248e-10
339 4.986122e-10
340 3.408567e-10
341 2.282447e-10
342 1.473665e-10
343 9.054532e-11
344 5.256720e-11
345 1.740752e-08
346 1.298077e-08
347 9.287558e-09
348 6.400734e-09
349 4.193174e-09
350 2.684172e-09
351 1.735871e-09
352 1.142170e-09
353 7.701062e-10
354 5.275585e-10
355 3.609377e-10
356 2.421082e-10
357 1.567051e-10
358 9.657304e-11
359 5.622512e-11
360 1.822194e-08
361 1.361408e-08
362 9.756324e-09
363 6.737418e-09
364 4.418522e-09
365 2.826415e-09
366 1.826407e-09
367 1.199714e-09
368 8.079989e-10
369 5.532722e-10
370 3.787946e-10
371 2.544629e-10
372 1.650395e-10
373 1.019439e-10
374 5.950260e-11
375 1.901127e-08
376 1.423092e-08
377 1.021255e-08
378 7.064582e-09
379 4.638424e-09
380 2.965102e-09
381 1.914299e-09
382 1.255752e-09
383 8.448175e-10
384 5.782621e-10
385 3.961193e-10
386 2.664336e-10
387 1.731260e-10
388 1.071572e-10
389 6.267488e-11
390 1.996830e-08
391 1.497615e-08
392 1.076533e-08
393 7.461180e-09
394 4.905132e-09
395 3.132805e-09
396 2.020880e-09
397 1.323702e-09
398 8.895215e-10
399 6.086909e-10
400 4.171984e-10
401 2.810064e-10
402 1.829422e-10
403 1.134881e-10
404 6.653100e-11
405 1.693544e-08
406 1.266718e-08
407 9.076006e-09
408 6.265532e-09
409 4.125704e-09
410 2.643082e-09
411 1.709946e-09
412 1.122776e-09
413 7.549172e-10
414 5.159159e-10
415 3.524556e-10
416 2.363782e-10
417 1.531557e-10
418 9.461368e-11
419 5.530647e-11
420 1.918859e-08
421 1.449070e-08
422 1.045139e-08
423 7.267882e-09
424 4.824792e-09
425 3.090069e-09
426 1.992300e-09
427 1.300092e-09
428 8.693887e-10
429 5.919811e-10
430 4.044895e-10
431 2.723287e-10
432 1.777095e-10
433 1.108149e-10
434 6.545188e-11
435 2.094551e-08
436 1.591383e-08
437 1.152745e-08
438 8.051606e-09
439 5.371629e-09
440 3.440028e-09
441 2.213077e-09
442 1.438738e-09
443 9.585770e-10
444 6.513640e-10
445 4.452139e-10
446 3.004418e-10
447 1.968969e-10
448 1.234629e-10
449 7.337965e-11
450 2.239403e-08
451 1.709055e-08
452 1.241505e-08
453 8.698916e-09
454 5.824304e-09
455 3.729668e-09
456 2.395659e-09
457 1.553529e-09
458 1.032442e-09
459 7.005386e-10
460 4.787616e-10
461 3.236618e-10
462 2.127352e-10
463 1.339198e-10
464 7.992564e-11
465 2.369192e-08
466 1.814111e-08
467 1.320583e-08
468 9.276580e-09
469 6.226930e-09
470 3.987441e-09
471 2.558143e-09
472 1.655802e-09
473 1.098163e-09
474 7.442480e-10
475 5.086808e-10
476 3.444299e-10
477 2.268229e-10
478 1.432380e-10
479 8.577910e-11
480 2.494351e-08
481 1.915630e-08
482 1.397411e-08
483 9.835829e-09
484 6.616303e-09
485 4.237589e-09
486 2.716102e-09
487 1.754563e-09
488 1.162008e-09
489 7.866158e-10
490 5.376484e-10
491 3.643767e-10
492 2.405317e-10
493 1.522631e-10
494 9.143084e-11
495 2.646556e-08
496 2.039106e-08
497 1.490763e-08
498 1.051512e-08
499 7.091240e-09
500 4.541657e-09
501 2.907860e-09
502 1.875335e-09
503 1.239493e-09
504 8.382324e-10
505 5.730704e-10
506 3.888032e-10
507 2.572032e-10
508 1.632550e-10
509 9.832062e-11
510 2.230953e-08
511 1.709044e-08
512 1.244772e-08
513 8.734647e-09
514 5.869187e-09
515 3.773222e-09
516 2.420332e-09
517 1.568180e-09
518 1.039657e-09
519 7.034152e-10
520 4.799091e-10
521 3.242702e-10
522 2.133431e-10
523 1.345963e-10
524 8.061820e-11
525 2.484598e-08
526 1.922327e-08
527 1.409865e-08
528 9.949410e-09
529 6.737170e-09
530 4.347586e-09
531 2.779517e-09
532 1.793944e-09
533 1.182164e-09
534 7.962344e-10
535 5.424709e-10
536 3.671627e-10
537 2.427378e-10
538 1.542679e-10
539 9.321290e-11
540 2.694572e-08
541 2.099096e-08
542 1.546747e-08
543 1.095931e-08
544 7.459465e-09
545 4.825151e-09
546 3.078249e-09
547 1.981422e-09
548 1.300932e-09
549 8.734108e-10
550 5.942673e-10
551 4.027636e-10
552 2.671281e-10
553 1.705959e-10
554 1.036736e-10
555 2.882279e-08
556 2.256773e-08
557 1.668796e-08
558 1.185880e-08
559 8.101736e-09
560 5.250542e-09
561 3.343690e-09
562 2.148596e-09
563 1.406215e-09
564 9.421066e-10
565 6.404478e-10
566 4.345456e-10
567 2.888175e-10
568 1.851527e-10
569 1.130230e-10
570 3.063667e-08
571 2.409568e-08
572 1.786929e-08
573 1.272976e-08
574 8.723631e-09
575 5.663292e-09
576 3.601763e-09
577 2.310521e-09
578 1.508481e-09
579 1.008665e-09
580 6.852018e-10
581 4.651929e-10
582 3.099189e-10
583 1.992539e-10
584 1.220670e-10
585 3.284128e-08
586 2.595131e-08
587 1.930752e-08
588 1.378836e-08
589 9.479778e-09
590 6.164746e-09
591 3.915453e-09
592 2.507484e-09
593 1.632777e-09
594 1.089517e-09
595 7.397308e-10
596 5.025296e-10
597 3.355247e-10
598 2.163820e-10
599 1.330504e-10
600 2.821844e-08
601 2.214147e-08
602 1.640961e-08
603 1.166881e-08
604 7.980759e-09
605 5.194298e-09
606 3.308263e-09
607 2.126824e-09
608 1.389792e-09
609 9.292385e-10
610 6.306301e-10
611 4.271346e-10
612 2.839123e-10
613 1.820061e-10
614 1.112481e-10
615 3.111082e-08
616 2.466097e-08
617 1.841374e-08
618 1.316806e-08
619 9.066439e-09
620 5.937345e-09
621 3.775147e-09
622 2.420351e-09
623 1.572432e-09
624 1.045786e-09
625 7.074608e-10
626 4.793142e-10
627 3.195399e-10
628 2.060836e-10
629 1.269230e-10
630 3.368845e-08
631 2.690185e-08
632 2.020030e-08
633 1.450287e-08
634 1.003328e-08
635 6.599744e-09
636 4.190871e-09
637 2.681903e-09
638 1.734844e-09
639 1.149660e-09
640 7.759910e-10
641 5.258800e-10
642 3.513176e-10
643 2.275503e-10
644 1.409556e-10
645 3.618089e-08
646 2.907606e-08
647 2.193225e-08
648 1.579619e-08
649 1.096838e-08
650 7.241647e-09
651 4.594127e-09
652 2.935417e-09
653 1.892380e-09
654 1.250188e-09
655 8.423410e-10
656 5.707743e-10
657 3.821019e-10
658 2.483280e-10
659 1.545053e-10
660 3.921575e-08
661 3.172002e-08
662 2.404062e-08
663 1.736683e-08
664 1.210792e-08
665 8.022750e-09
666 5.085184e-09
667 3.243920e-09
668 2.084139e-09
669 1.372618e-09
670 9.231856e-10
671 6.256874e-10
672 4.196324e-10
673 2.736367e-10
674 1.710071e-10
675 3.487771e-08
676 2.803495e-08
677 2.117107e-08
678 1.525673e-08
679 1.059115e-08
680 7.006874e-09
681 4.457618e-09
682 2.847442e-09
683 1.836226e-09
684 1.211864e-09
685 8.152514e-10
686 5.514835e-10
687 3.686736e-10
688 2.393580e-10
689 1.488544e-10
690 3.832235e-08
691 3.113325e-08
692 2.371739e-08
693 1.719458e-08
694 1.200762e-08
695 8.004240e-09
696 5.098877e-09
697 3.247556e-09
698 2.083115e-09
699 1.367093e-09
700 9.156259e-10
701 6.185276e-10
702 4.141170e-10
703 2.701327e-10
704 1.691994e-10
705 4.165696e-08
706 3.413084e-08
707 2.618455e-08
708 1.907148e-08
709 1.337851e-08
710 8.969837e-09
711 5.719780e-09
712 3.634625e-09
713 2.322339e-09
714 1.517498e-09
715 1.012670e-09
716 6.832658e-10
717 4.581503e-10
718 2.999138e-10
719 1.888680e-10
720 4.571365e-08
721 3.778744e-08
722 2.918718e-08
723 2.135380e-08
724 1.504683e-08
725 1.014408e-08
726 6.474398e-09
727 4.105421e-09
728 2.613488e-09
729 1.700164e-09
730 1.130997e-09
731 7.622107e-10
732 5.117276e-10
733 3.361757e-10
734 2.127870e-10
735 4.278662e-08
736 3.527029e-08
737 2.721562e-08
738 1.990804e-08
739 1.400832e-08
740 9.436339e-09
741 6.046411e-09
742 3.833773e-09
743 2.446552e-09
744 1.592102e-09
745 1.058436e-09
746 7.121824e-10
747 4.770702e-10
748 3.126789e-10
749 1.974783e-10
750 4.721385e-08
751 3.938147e-08
752 3.071255e-08
753 2.263531e-08
754 1.602116e-08
755 1.088035e-08
756 7.007923e-09
757 4.429507e-09
758 2.816792e-09
759 1.820466e-09
760 1.202672e-09
761 8.064140e-10
762 5.402598e-10
763 3.553018e-10
764 2.257955e-10
765 5.259789e-08
766 4.438769e-08
767 3.496621e-08
768 2.595240e-08
769 1.847154e-08
770 1.263649e-08
771 8.177396e-09
772 5.153592e-09
773 3.266396e-09
774 2.098193e-09
775 1.378370e-09
776 9.211194e-10
777 6.171371e-10
778 4.071412e-10
779 2.602741e-10
780 5.305488e-08
781 4.497570e-08
782 3.562143e-08
783 2.656932e-08
784 1.896519e-08
785 1.301547e-08
786 8.476217e-09
787 5.345318e-09
788 3.386621e-09
789 2.167435e-09
790 1.418034e-09
791 9.439484e-10
792 6.309146e-10
793 4.159368e-10
794 2.661960e-10
795 6.032590e-08
796 5.197914e-08
797 4.180496e-08
798 3.155247e-08
799 2.270909e-08
800 1.573470e-08
801 1.035497e-08
802 6.525904e-09
803 4.119615e-09
804 2.613268e-09
805 1.694006e-09
806 1.119572e-09
807 7.459823e-10
808 4.927296e-10
809 3.172309e-10
810 7.088427e-08
811 6.253605e-08
812 5.154541e-08
813 3.975237e-08
814 2.904800e-08
815 2.039656e-08
816 1.368149e-08
817 8.701786e-09
818 5.457017e-09
819 3.427351e-09
820 2.186888e-09
821 1.423237e-09
822 9.385974e-10
823 6.181207e-10
824 3.998402e-10
825 5.961653e-07
826 4.525514e-07
827 3.422349e-07
828 2.410213e-07
829 1.518237e-07
830 9.640248e-08
831 6.024944e-08
832 0.000000e+00
833 0.000000e+00
834 0.000000e+00
835 0.000000e+00
836 0.000000e+00
837 0.000000e+00
838 0.000000e+00
839 0.000000e+00
840 7.356972e-07
841 5.594457e-07
842 4.229896e-07
843 2.999010e-07
844 1.891371e-07
845 1.202046e-07
846 7.500865e-08
847 0.000000e+00
848 0.000000e+00
849 0.000000e+00
850 0.000000e+00
851 0.000000e+00
852 0.000000e+00
853 0.000000e+00
854 0.000000e+00
855 8.332383e-07
856 6.341570e-07
857 4.794347e-07
858 3.410645e-07
859 2.152236e-07
860 1.368437e-07
861 8.532743e-08
862 0.000000e+00
863 0.000000e+00
864 0.000000e+00
865 0.000000e+00
866 0.000000e+00
867 0.000000e+00
868 0.000000e+00
869 0.000000e+00
870 9.085881e-07
871 6.918765e-07
872 5.230404e-07
873 3.728600e-07
874 2.353755e-07
875 1.496970e-07
876 9.329818e-08
877 0.000000e+00
878 0.000000e+00
879 0.000000e+00
880 0.000000e+00
881 0.000000e+00
882 0.000000e+00
883 0.000000e+00
884 0.000000e+00
885 9.709056e-07
886 7.396257e-07
887 5.591147e-07
888 3.991627e-07
889 2.520459e-07
890 1.603304e-07
891 9.989282e-08
892 0.000000e+00
893 0.000000e+00
894 0.000000e+00
895 0.000000e+00
896 0.000000e+00
897 0.000000e+00
898 0.000000e+00
899 0.000000e+00
900 1.026479e-06
901 7.821980e-07
902 5.912765e-07
903 4.226132e-07
904 2.669082e-07
905 1.698103e-07
906 1.057727e-07
907 0.000000e+00
908 0.000000e+00
909 0.000000e+00
910 0.000000e+00
911 0.000000e+00
912 0.000000e+00
913 0.000000e+00
914 0.000000e+00
915 1.080380e-06
916 8.234870e-07
917 6.224707e-07
918 4.453603e-07
919 2.813218e-07
920 1.790043e-07
921 1.114750e-07
922 0.000000e+00
923 0.000000e+00
924 0.000000e+00
925 0.000000e+00
926 0.000000e+00
927 0.000000e+00
928 0.000000e+00
929 0.000000e+00
930 1.145999e-06
931 8.737530e-07
932 6.604415e-07
933 4.730541e-07
934 2.988706e-07
935 1.902011e-07
936 1.184169e-07
937 0.000000e+00
938 0.000000e+00
939 0.000000e+00
940 0.000000e+00
941 0.000000e+00
942 0.000000e+00
943 0.000000e+00
944 0.000000e+00
945 2.677874e-07
946 2.179689e-07
947 1.631227e-07
948 1.251449e-07
949 8.742343e-08
950 5.411387e-08
951 3.376933e-08
952 2.098236e-08
953 0.000000e+00
954 0.000000e+00
955 0.000000e+00
956 0.000000e+00
957 0.000000e+00
958 0.000000e+00
959 0.000000e+00
960 4.383611e-07
961 3.599058e-07
962 2.699766e-07
963 2.065507e-07
964 1.464210e-07
965 9.018815e-08
966 5.666543e-08
967 3.510278e-08
968 0.000000e+00
969 0.000000e+00
970 0.000000e+00
971 0.000000e+00
972 0.000000e+00
973 0.000000e+00
974 0.000000e+00
975 5.618307e-07
976 4.629255e-07
977 3.476292e-07
978 2.656542e-07
979 1.893819e-07
980 1.164865e-07
981 7.337925e-08
982 4.539743e-08
983 0.000000e+00
984 0.000000e+00
985 0.000000e+00
986 0.000000e+00
987 0.000000e+00
988 0.000000e+00
989 0.000000e+00
990 6.570335e-07
991 5.423465e-07
992 4.074957e-07
993 3.112260e-07
994 2.225021e-07
995 1.367622e-07
996 8.626358e-08
997 5.333375e-08
998 0.000000e+00
999 0.000000e+00
1000 0.000000e+00
1001 0.000000e+00
1002 0.000000e+00
1003 0.000000e+00
1004 0.000000e+00
1005 7.357664e-07
1006 6.080389e-07
1007 4.570097e-07
1008 3.489176e-07
1009 2.498910e-07
1010 1.535295e-07
1011 9.691880e-08
1012 5.989807e-08
1013 0.000000e+00
1014 0.000000e+00
1015 0.000000e+00
1016 0.000000e+00
1017 0.000000e+00
1018 0.000000e+00
1019 0.000000e+00
1020 8.059673e-07
1021 6.666126e-07
1022 5.011672e-07
1023 3.825241e-07
1024 2.743138e-07
1025 1.684815e-07
1026 1.064197e-07
1027 6.575007e-08
1028 0.000000e+00
1029 0.000000e+00
1030 0.000000e+00
1031 0.000000e+00
1032 0.000000e+00
1033 0.000000e+00
1034 0.000000e+00
1035 8.740552e-07
1036 7.234175e-07
1037 5.439854e-07
1038 4.151174e-07
1039 2.979983e-07
1040 1.829835e-07
1041 1.156334e-07
1042 7.142605e-08
1043 0.000000e+00
1044 0.000000e+00
1045 0.000000e+00
1046 0.000000e+00
1047 0.000000e+00
1048 0.000000e+00
1049 0.000000e+00
1050 9.569799e-07
1051 7.925873e-07
1052 5.961253e-07
1053 4.548044e-07
1054 3.268402e-07
1055 2.006406e-07
1056 1.268534e-07
1057 7.833761e-08
1058 0.000000e+00
1059 0.000000e+00
1060 0.000000e+00
1061 0.000000e+00
1062 0.000000e+00
1063 0.000000e+00
1064 0.000000e+00
1065 2.305199e-07
1066 2.040244e-07
1067 1.584337e-07
1068 1.183071e-07
1069 9.116376e-08
1070 5.735166e-08
1071 3.716073e-08
1072 2.241913e-08
1073 1.382711e-08
1074 0.000000e+00
1075 0.000000e+00
1076 0.000000e+00
1077 0.000000e+00
1078 0.000000e+00
1079 0.000000e+00
1080 3.631264e-07
1081 3.233641e-07
1082 2.523189e-07
1083 1.882307e-07
1084 1.452077e-07
1085 9.236450e-08
1086 5.955575e-08
1087 3.592096e-08
1088 2.215038e-08
1089 0.000000e+00
1090 0.000000e+00
1091 0.000000e+00
1092 0.000000e+00
1093 0.000000e+00
1094 0.000000e+00
1095 4.667186e-07
1096 4.166819e-07
1097 3.258067e-07
1098 2.429696e-07
1099 1.874973e-07
1100 1.198291e-07
1101 7.709742e-08
1102 4.650428e-08
1103 2.867327e-08
1104 0.000000e+00
1105 0.000000e+00
1106 0.000000e+00
1107 0.000000e+00
1108 0.000000e+00
1109 0.000000e+00
1110 5.522220e-07
1111 4.937006e-07
1112 3.864554e-07
1113 2.881445e-07
1114 2.224014e-07
1115 1.424926e-07
1116 9.157400e-08
1117 5.523809e-08
1118 3.405642e-08
1119 0.000000e+00
1120 0.000000e+00
1121 0.000000e+00
1122 0.000000e+00
1123 0.000000e+00
1124 0.000000e+00
1125 6.284704e-07
1126 5.623760e-07
1127 4.405342e-07
1128 3.284253e-07
1129 2.535237e-07
1130 1.626996e-07
1131 1.044820e-07
1132 6.302554e-08
1133 3.885628e-08
1134 0.000000e+00
1135 0.000000e+00
1136 0.000000e+00
1137 0.000000e+00
1138 0.000000e+00
1139 0.000000e+00
1140 7.024222e-07
1141 6.289831e-07
1142 4.929842e-07
1143 3.674930e-07
1144 2.837087e-07
1145 1.822972e-07
1146 1.170002e-07
1147 7.057847e-08
1148 4.351159e-08
1149 0.000000e+00
1150 0.000000e+00
1151 0.000000e+00
1152 0.000000e+00
1153 0.000000e+00
1154 0.000000e+00
1155 7.924561e-07
1156 7.100855e-07
1157 5.568487e-07
1158 4.150629e-07
1159 3.204627e-07
1160 2.061626e-07
1161 1.322429e-07
1162 7.977558e-08
1163 4.917980e-08
1164 0.000000e+00
1165 0.000000e+00
1166 0.000000e+00
1167 0.000000e+00
1168 0.000000e+00
1169 0.000000e+00
1170 2.147044e-07
1171 2.019371e-07
1172 1.654006e-07
1173 1.233482e-07
1174 9.466168e-08
1175 6.700242e-08
1176 4.074344e-08
1177 2.509959e-08
1178 1.540035e-08
1179 0.000000e+00
1180 0.000000e+00
1181 0.000000e+00
1182 0.000000e+00
1183 0.000000e+00
1184 0.000000e+00
1185 3.224631e-07
1186 3.044440e-07
1187 2.504238e-07
1188 1.869882e-07
1189 1.432467e-07
1190 1.021628e-07
1191 6.189819e-08
1192 3.831599e-08
1193 2.347102e-08
1194 0.000000e+00
1195 0.000000e+00
1196 0.000000e+00
1197 0.000000e+00
1198 0.000000e+00
1199 0.000000e+00
1200 4.113306e-07
1201 3.889995e-07
1202 3.205658e-07
1203 2.394933e-07
1204 1.833288e-07
1205 1.311770e-07
1206 7.935563e-08
1207 4.922626e-08
1208 3.013240e-08
1209 0.000000e+00
1210 0.000000e+00
1211 0.000000e+00
1212 0.000000e+00
1213 0.000000e+00
1214 0.000000e+00
1215 4.904682e-07
1216 4.642942e-07
1217 3.830210e-07
1218 2.862505e-07
1219 2.190210e-07
1220 1.570126e-07
1221 9.490235e-08
1222 5.894120e-08
1223 3.606359e-08
1224 0.000000e+00
1225 0.000000e+00
1226 0.000000e+00
1227 0.000000e+00
1228 0.000000e+00
1229 0.000000e+00
1230 5.672265e-07
1231 5.373121e-07
1232 4.436036e-07
1233 3.316003e-07
1234 2.536404e-07
1235 1.820690e-07
1236 1.099786e-07
1237 6.836320e-08
1238 4.181664e-08
1239 0.000000e+00
1240 0.000000e+00
1241 0.000000e+00
1242 0.000000e+00
1243 0.000000e+00
1244 0.000000e+00
1245 6.606926e-07
1246 6.262408e-07
1247 5.173682e-07
1248 3.868214e-07
1249 2.957941e-07
1250 2.125841e-07
1251 1.283402e-07
1252 7.983624e-08
1253 4.882177e-08
1254 0.000000e+00
1255 0.000000e+00
1256 0.000000e+00
1257 0.000000e+00
1258 0.000000e+00
1259 0.000000e+00
1260 2.094403e-07
1261 2.058486e-07
1262 1.773525e-07
1263 1.349409e-07
1264 1.014182e-07
1265 7.719959e-08
1266 4.621819e-08
1267 2.999677e-08
1268 1.800783e-08
1269 1.089512e-08
1270 0.000000e+00
1271 0.000000e+00
1272 0.000000e+00
1273 0.000000e+00
1274 0.000000e+00
1275 3.003760e-07
1276 2.959112e-07
1277 2.557119e-07
1278 1.949223e-07
1279 1.463484e-07
1280 1.116429e-07
1281 6.705163e-08
1282 4.355609e-08
1283 2.611220e-08
1284 1.578297e-08
1285 0.000000e+00
1286 0.000000e+00
1287 0.000000e+00
1288 0.000000e+00
1289 0.000000e+00
1290 3.809538e-07
1291 3.757075e-07
1292 3.251305e-07
1293 2.480558e-07
1294 1.861509e-07
1295 1.421526e-07
1296 8.548757e-08
1297 5.557271e-08
1298 3.328695e-08
1299 2.011189e-08
1300 0.000000e+00
1301 0.000000e+00
1302 0.000000e+00
1303 0.000000e+00
1304 0.000000e+00
1305 4.590837e-07
1306 4.530786e-07
1307 3.924382e-07
1308 2.995730e-07
1309 2.247427e-07
1310 1.717342e-07
1311 1.033703e-07
1312 6.721805e-08
1313 4.024596e-08
1314 2.430976e-08
1315 0.000000e+00
1316 0.000000e+00
1317 0.000000e+00
1318 0.000000e+00
1319 0.000000e+00
1320 5.542212e-07
1321 5.472923e-07
1322 4.743550e-07
1323 3.622716e-07
1324 2.717102e-07
1325 2.077551e-07
1326 1.251457e-07
1327 8.139838e-08
1328 4.871981e-08
1329 2.942269e-08
1330 0.000000e+00
1331 0.000000e+00
1332 0.000000e+00
1333 0.000000e+00
1334 0.000000e+00
1335 1.189685e-07
1336 1.204466e-07
1337 1.078586e-07
1338 8.422057e-08
1339 6.259914e-08
1340 4.860287e-08
1341 3.064162e-08
1342 1.985127e-08
1343 1.173269e-08
1344 7.064330e-09
1345 0.000000e+00
1346 0.000000e+00
1347 0.000000e+00
1348 0.000000e+00
1349 0.000000e+00
1350 2.102041e-07
1351 2.135790e-07
1352 1.922218e-07
1353 1.507293e-07
1354 1.119705e-07
1355 8.693640e-08
1356 5.541280e-08
1357 3.568659e-08
1358 2.108307e-08
1359 1.270989e-08
1360 0.000000e+00
1361 0.000000e+00
1362 0.000000e+00
1363 0.000000e+00
1364 0.000000e+00
1365 2.915874e-07
1366 2.966956e-07
1367 2.675435e-07
1368 2.101552e-07
1369 1.560837e-07
1370 1.211762e-07
1371 7.757230e-08
1372 4.983900e-08
1373 2.944270e-08
1374 1.775755e-08
1375 0.000000e+00
1376 0.000000e+00
1377 0.000000e+00
1378 0.000000e+00
1379 0.000000e+00
1380 3.702988e-07
1381 3.770720e-07
1382 3.403809e-07
1383 2.676012e-07
1384 1.987283e-07
1385 1.542789e-07
1386 9.899380e-08
1387 6.352133e-08
1388 3.752436e-08
1389 2.263632e-08
1390 0.000000e+00
1391 0.000000e+00
1392 0.000000e+00
1393 0.000000e+00
1394 0.000000e+00
1395 4.661286e-07
1396 4.749288e-07
1397 4.290648e-07
1398 3.375442e-07
1399 2.506496e-07
1400 1.945883e-07
1401 1.250747e-07
1402 8.017523e-08
1403 4.736637e-08
1404 2.857811e-08
1405 0.000000e+00
1406 0.000000e+00
1407 0.000000e+00
1408 0.000000e+00
1409 0.000000e+00
1410 1.343554e-07
1411 1.398755e-07
1412 1.302420e-07
1413 1.053278e-07
1414 7.820146e-08
1415 6.037334e-08
1416 4.153590e-08
1417 2.549584e-08
1418 1.520565e-08
1419 9.202050e-09
1420 0.000000e+00
1421 0.000000e+00
1422 0.000000e+00
1423 0.000000e+00
1424 0.000000e+00
1425 2.164765e-07
1426 2.258413e-07
1427 2.109207e-07
1428 1.711126e-07
1429 1.271183e-07
1430 9.801399e-08
1431 6.790691e-08
1432 4.148208e-08
1433 2.482424e-08
1434 1.501027e-08
1435 0.000000e+00
1436 0.000000e+00
1437 0.000000e+00
1438 0.000000e+00
1439 0.000000e+00
1440 2.953155e-07
1441 3.083638e-07
1442 2.883630e-07
1443 2.342519e-07
1444 1.740695e-07
1445 1.341393e-07
1446 9.321372e-08
1447 5.682368e-08
1448 3.405538e-08
1449 2.058498e-08
1450 0.000000e+00
1451 0.000000e+00
1452 0.000000e+00
1453 0.000000e+00
1454 0.000000e+00
1455 3.912671e-07
1456 4.088008e-07
1457 3.826124e-07
1458 3.111051e-07
1459 2.312134e-07
1460 1.781114e-07
1461 1.240089e-07
1462 7.549728e-08
1463 4.528960e-08
1464 2.736942e-08
1465 0.000000e+00
1466 0.000000e+00
1467 0.000000e+00
1468 0.000000e+00
1469 0.000000e+00
1470 7.111344e-08
1471 7.548522e-08
1472 7.227828e-08
1473 6.022319e-08
1474 4.503095e-08
1475 3.432445e-08
1476 2.509351e-08
1477 1.481220e-08
1478 9.164226e-09
1479 5.489754e-09
1480 0.000000e+00
1481 0.000000e+00
1482 0.000000e+00
1483 0.000000e+00
1484 0.000000e+00
1485 1.517938e-07
1486 1.616658e-07
1487 1.555616e-07
1488 1.303743e-07
1489 9.771892e-08
1490 7.428676e-08
1491 5.479277e-08
1492 3.225573e-08
1493 2.013466e-08
1494 1.202747e-08
1495 0.000000e+00
1496 0.000000e+00
1497 0.000000e+00
1498 0.000000e+00
1499 0.000000e+00
1500 2.306335e-07
1501 2.459211e-07
1502 2.370427e-07
1503 1.990731e-07
1504 1.493427e-07
1505 1.134265e-07
1506 8.390999e-08
1507 4.936282e-08
1508 3.090601e-08
1509 1.844400e-08
1510 0.000000e+00
1511 0.000000e+00
1512 0.000000e+00
1513 0.000000e+00
1514 0.000000e+00
1515 3.262965e-07
1516 3.481501e-07
1517 3.359001e-07
1518 2.824101e-07
1519 2.119641e-07
1520 1.609053e-07
1521 1.192274e-07
1522 7.011275e-08
1523 4.397055e-08
1524 2.622616e-08
1525 0.000000e+00
1526 0.000000e+00
1527 0.000000e+00
1528 0.000000e+00
1529 0.000000e+00
1530 9.487615e-08
1531 1.028155e-07
1532 1.014783e-07
1533 8.771930e-08
1534 6.674453e-08
1535 5.007922e-08
1536 3.833166e-08
1537 2.264639e-08
1538 1.468718e-08
1539 8.650902e-09
1540 5.052908e-09
1541 0.000000e+00
1542 0.000000e+00
1543 0.000000e+00
1544 0.000000e+00
1545 1.737898e-07
1546 1.886742e-07
1547 1.867130e-07
1548 1.619677e-07
1549 1.235074e-07
1550 9.255665e-08
1551 7.101692e-08
1552 4.212095e-08
1553 2.736878e-08
1554 1.609466e-08
1555 9.388062e-09
1556 0.000000e+00
1557 0.000000e+00
1558 0.000000e+00
1559 0.000000e+00
1560 2.688780e-07
1561 2.921243e-07
1562 2.894050e-07
1563 2.513993e-07
1564 1.918793e-07
1565 1.437230e-07
1566 1.103852e-07
1567 6.557550e-08
1568 4.263987e-08
1569 2.505910e-08
1570 1.460918e-08
1571 0.000000e+00
1572 0.000000e+00
1573 0.000000e+00
1574 0.000000e+00
1575 1.225210e-07
1576 1.351530e-07
1577 1.368990e-07
1578 1.224835e-07
1579 9.543348e-08
1580 7.089978e-08
1581 5.515128e-08
1582 3.432073e-08
1583 2.226029e-08
1584 1.292248e-08
1585 7.542938e-09
1586 0.000000e+00
1587 0.000000e+00
1588 0.000000e+00
1589 0.000000e+00
1590 2.169097e-07
1591 2.395088e-07
1592 2.429501e-07
1593 2.177902e-07
1594 1.699671e-07
1595 1.262321e-07
1596 9.820782e-08
1597 6.137984e-08
1598 3.973298e-08
1599 2.305215e-08
1600 1.346886e-08
1601 0.000000e+00
1602 0.000000e+00
1603 0.000000e+00
1604 0.000000e+00
1605 6.394120e-05
1606 4.836437e-05
1607 3.681899e-05
1608 2.645851e-05
1609 1.646067e-05
1610 1.050870e-05
1611 6.543004e-06
1612 0.000000e+00
1613 0.000000e+00
1614 0.000000e+00
1615 0.000000e+00
1616 0.000000e+00
1617 0.000000e+00
1618 0.000000e+00
1619 0.000000e+00
1620 5.104810e-05
1621 4.225854e-05
1622 3.165518e-05
1623 2.419731e-05
1624 1.749547e-05
1625 1.061482e-05
1626 6.695265e-06
1627 4.148521e-06
1628 0.000000e+00
1629 0.000000e+00
1630 0.000000e+00
1631 0.000000e+00
1632 0.000000e+00
1633 0.000000e+00
1634 0.000000e+00
1635 4.023481e-05
1636 3.610596e-05
1637 2.827794e-05
1638 2.102664e-05
1639 1.632648e-05
1640 1.042947e-05
1641 6.760565e-06
1642 4.053828e-06
1643 2.496221e-06
1644 0.000000e+00
1645 0.000000e+00
1646 0.000000e+00
1647 0.000000e+00
1648 0.000000e+00
1649 0.000000e+00
1650 3.254703e-05
1651 3.090268e-05
1652 2.553929e-05
1653 1.906016e-05
1654 1.458117e-05
1655 1.053021e-05
1656 6.308800e-06
1657 3.912506e-06
1658 2.397657e-06
1659 0.000000e+00
1660 0.000000e+00
1661 0.000000e+00
1662 0.000000e+00
1663 0.000000e+00
1664 0.000000e+00
1665 2.700306e-05
1666 2.670683e-05
1667 2.317473e-05
1668 1.768420e-05
1669 1.324786e-05
1670 1.017909e-05
1671 6.082032e-06
1672 3.987822e-06
1673 2.386228e-06
1674 1.433637e-06
1675 0.000000e+00
1676 0.000000e+00
1677 0.000000e+00
1678 0.000000e+00
1679 0.000000e+00
1680 2.277464e-05
1681 2.323649e-05
1682 2.102146e-05
1683 1.653843e-05
1684 1.226528e-05
1685 9.544167e-06
1686 6.127362e-06
1687 3.946218e-06
1688 2.322868e-06
1689 1.402435e-06
1690 0.000000e+00
1691 0.000000e+00
1692 0.000000e+00
1693 0.000000e+00
1694 0.000000e+00
1695 1.942457e-05
1696 2.032017e-05
1697 1.904653e-05
1698 1.549729e-05
1699 1.150725e-05
1700 8.867663e-06
1701 6.194355e-06
1702 3.759548e-06
1703 2.246862e-06
1704 1.360682e-06
1705 0.000000e+00
1706 0.000000e+00
1707 0.000000e+00
1708 0.000000e+00
1709 0.000000e+00
1710 1.672536e-05
1711 1.786541e-05
1712 1.726188e-05
1713 1.452981e-05
1714 1.090109e-05
1715 8.270152e-06
1716 6.153343e-06
1717 3.598064e-06
1718 2.260865e-06
1719 1.347905e-06
1720 0.000000e+00
1721 0.000000e+00
1722 0.000000e+00
1723 0.000000e+00
1724 0.000000e+00
1725 1.444082e-05
1726 1.570550e-05
1727 1.558153e-05
1728 1.355447e-05
1729 1.034712e-05
1730 7.743216e-06
1731 5.965413e-06
1732 3.532423e-06
1733 2.308781e-06
1734 1.356482e-06
1735 7.873501e-07
1736 0.000000e+00
1737 0.000000e+00
1738 0.000000e+00
1739 0.000000e+00
1740 1.244307e-05
1741 1.375310e-05
1742 1.397042e-05
1743 1.254432e-05
1744 9.797066e-06
1745 7.270237e-06
1746 5.664814e-06
1747 3.543310e-06
1748 2.299827e-06
1749 1.332286e-06
1750 7.783402e-07
1751 0.000000e+00
1752 0.000000e+00
1753 0.000000e+00
1754 0.000000e+00
1755 1.332348e-06
1756 1.016724e-06
1757 7.685295e-07
1758 5.518939e-07
1759 3.488460e-07
1760 2.220806e-07
1761 1.381900e-07
1762 0.000000e+00
1763 0.000000e+00
1764 0.000000e+00
1765 0.000000e+00
1766 0.000000e+00
1767 0.000000e+00
1768 0.000000e+00
1769 0.000000e+00
1770 1.192640e-06
1771 9.893882e-07
1772 7.445528e-07
1773 5.678206e-07
1774 4.089774e-07
1775 2.509242e-07
1776 1.588088e-07
1777 9.802286e-08
1778 0.000000e+00
1779 0.000000e+00
1780 0.000000e+00
1781 0.000000e+00
1782 0.000000e+00
1783 0.000000e+00
1784 0.000000e+00
1785 1.048400e-06
1786 9.408234e-07
1787 7.386433e-07
1788 5.504954e-07
1789 4.251146e-07
1790 2.741238e-07
1791 1.756506e-07
1792 1.059639e-07
1793 6.532111e-08
1794 0.000000e+00
1795 0.000000e+00
1796 0.000000e+00
1797 0.000000e+00
1798 0.000000e+00
1799 0.000000e+00
1800 9.263962e-07
1801 8.791972e-07
1802 7.272777e-07
1803 5.439889e-07
1804 4.158060e-07
1805 2.994523e-07
1806 1.806039e-07
1807 1.124989e-07
1808 6.876460e-08
1809 0.000000e+00
1810 0.000000e+00
1811 0.000000e+00
1812 0.000000e+00
1813 0.000000e+00
1814 0.000000e+00
1815 8.247380e-07
1816 8.153512e-07
1817 7.076518e-07
1818 5.408674e-07
1819 4.055118e-07
1820 3.102957e-07
1821 1.871507e-07
1822 1.217677e-07
1823 7.285020e-08
1824 4.397158e-08
1825 0.000000e+00
1826 0.000000e+00
1827 0.000000e+00
1828 0.000000e+00
1829 0.000000e+00
1830 7.388792e-07
1831 7.535791e-07
1832 6.816413e-07
1833 5.368072e-07
1834 3.985817e-07
1835 3.094179e-07
1836 1.993693e-07
1837 1.276302e-07
1838 7.539680e-08
1839 4.550166e-08
1840 0.000000e+00
1841 0.000000e+00
1842 0.000000e+00
1843 0.000000e+00
1844 0.000000e+00
1845 6.644123e-07
1846 6.948488e-07
1847 6.510629e-07
1848 5.299894e-07
1849 3.939846e-07
1850 3.033661e-07
1851 2.117337e-07
1852 1.286897e-07
1853 7.729304e-08
1854 4.669577e-08
1855 0.000000e+00
1856 0.000000e+00
1857 0.000000e+00
1858 0.000000e+00
1859 0.000000e+00
1860 5.986983e-07
1861 6.393657e-07
1862 6.175490e-07
1863 5.198649e-07
1864 3.903967e-07
1865 2.962001e-07
1866 2.198568e-07
1867 1.292404e-07
1868 8.119519e-08
1869 4.840090e-08
1870 0.000000e+00
1871 0.000000e+00
1872 0.000000e+00
1873 0.000000e+00
1874 0.000000e+00
1875 5.397405e-07
1876 5.869161e-07
1877 5.820763e-07
1878 5.063025e-07
1879 3.867601e-07
1880 2.895681e-07
1881 2.225877e-07
1882 1.324320e-07
1883 8.616581e-08
1884 5.060913e-08
1885 2.949165e-08
1886 0.000000e+00
1887 0.000000e+00
1888 0.000000e+00
1889 0.000000e+00
1890 4.855403e-07
1891 5.365877e-07
1892 5.448834e-07
1893 4.891332e-07
1894 3.821528e-07
1895 2.837649e-07
1896 2.207853e-07
1897 1.383974e-07
1898 8.946541e-08
1899 5.188579e-08
1900 3.033788e-08
1901 0.000000e+00
1902 0.000000e+00
1903 0.000000e+00
1904 0.000000e+00
1905 5.793249e-09
1906 4.070232e-09
1907 2.744615e-09
1908 1.784905e-09
1909 1.159847e-09
1910 7.650119e-10
1911 5.161108e-10
1912 3.548622e-10
1913 2.451225e-10
1914 1.669584e-10
1915 1.102349e-10
1916 6.964154e-11
1917 4.171481e-11
1918 2.360646e-11
1919 1.267619e-11
1920 1.454900e-08
1921 1.064151e-08
1922 7.509601e-09
1923 5.058145e-09
1924 3.257186e-09
1925 2.099007e-09
1926 1.368530e-09
1927 9.150808e-10
1928 6.258000e-10
1929 4.316835e-10
1930 2.946147e-10
1931 1.954239e-10
1932 1.241146e-10
1933 7.463313e-11
1934 4.229384e-11
1935 2.270522e-08
1936 1.711278e-08
1937 1.234548e-08
1938 8.594221e-09
1939 5.664980e-09
1940 3.612172e-09
1941 2.325165e-09
1942 1.517808e-09
1943 1.017178e-09
1944 6.954937e-10
1945 4.774203e-10
1946 3.225751e-10
1947 2.109768e-10
1948 1.315630e-10
1949 7.750377e-11
1950 3.081506e-08
1951 2.391580e-08
1952 1.756787e-08
1953 1.245344e-08
1954 8.442765e-09
1955 5.407106e-09
1956 3.454514e-09
1957 2.218703e-09
1958 1.460403e-09
1959 9.851962e-10
1960 6.735626e-10
1961 4.583500e-10
1962 3.046715e-10
1963 1.945549e-10
1964 1.179378e-10
1965 3.914195e-08
1966 3.124715e-08
1967 2.340539e-08
1968 1.680980e-08
1969 1.163841e-08
1970 7.594269e-09
1971 4.808133e-09
1972 3.068866e-09
1973 1.987463e-09
1974 1.320322e-09
1975 8.948409e-10
1976 6.090681e-10
1977 4.085345e-10
1978 2.652746e-10
1979 1.643795e-10
1980 4.787184e-08
1981 3.925471e-08
1982 3.004184e-08
1983 2.185115e-08
1984 1.535338e-08
1985 1.024564e-08
1986 6.480777e-09
1987 4.121942e-09
1988 2.629952e-09
1989 1.721259e-09
1990 1.153253e-09
1991 7.816064e-10
1992 5.264077e-10
1993 3.457159e-10
1994 2.179795e-10
1995 5.726931e-08
1996 4.818573e-08
1997 3.773063e-08
1998 2.785196e-08
1999 1.979704e-08
2000 1.348574e-08
2001 8.623791e-09
2002 5.444832e-09
2003 3.441803e-09
2004 2.220615e-09
2005 1.467459e-09
2006 9.866623e-10
2007 6.642681e-10
2008 4.394132e-10
2009 2.808894e-10
2010 6.792443e-08
2011 5.863379e-08
2012 4.706970e-08
2013 3.539111e-08
2014 2.544320e-08
2015 1.763135e-08
2016 1.150359e-08
2017 7.214225e-09
2018 4.546642e-09
2019 2.888600e-09
2020 1.877911e-09
2021 1.247478e-09
2022 8.357556e-10
2023 5.546921e-10
2024 3.583315e-10
2025 8.106353e-08
2026 7.192813e-08
2027 5.942102e-08
2028 4.575586e-08
2029 3.338739e-08
2030 2.348667e-08
2031 1.571371e-08
2032 9.897083e-09
2033 6.211005e-09
2034 3.885754e-09
2035 2.481528e-09
2036 1.620351e-09
2037 1.074150e-09
2038 7.113734e-10
2039 4.626412e-10
2040 1.024527e-07
2041 9.434255e-08
2042 8.122295e-08
2043 6.508044e-08
2044 4.888254e-08
2045 3.507910e-08
2046 2.419518e-08
2047 1.570733e-08
2048 9.779943e-09
2049 6.070368e-09
2050 3.776896e-09
2051 2.393560e-09
2052 1.546564e-09
2053 1.009178e-09
2054 6.549493e-10
2055 2.106856e-07
2056 2.157991e-07
2057 2.101319e-07
2058 1.926370e-07
2059 1.648644e-07
2060 1.311504e-07
2061 9.771107e-08
2062 6.954276e-08
2063 4.747848e-08
2064 3.014836e-08
2065 1.821900e-08
2066 1.082788e-08
2067 6.354447e-09
2068 3.726892e-09
2069 2.204503e-09
