1455 1.227397e-06
1456 9.975765e-07
1457 7.537948e-07
1458 5.717032e-07
1459 3.965284e-07
1460 2.472353e-07
1461 1.562128e-07
1462 9.673048e-08
1463 0.000000e+00
1464 0.000000e+00
1465 0.000000e+00
1466 0.000000e+00
1467 0.000000e+00
1468 0.000000e+00
1469 0.000000e+00
1470 8.625629e-07
1471 8.187690e-07
1472 6.783859e-07
1473 5.085876e-07
1474 3.882856e-07
1475 2.792626e-07
1476 1.694324e-07
1477 1.060318e-07
1478 6.463452e-08
1479 0.000000e+00
1480 0.000000e+00
1481 0.000000e+00
1482 0.000000e+00
1483 0.000000e+00
1484 0.000000e+00
1485 6.321246e-07
1486 6.498098e-07
1487 5.943566e-07
1488 4.728846e-07
1489 3.510758e-07
1490 2.720171e-07
1491 1.798475e-07
1492 1.132478e-07
1493 6.713693e-08
1494 4.054492e-08
1495 0.000000e+00
1496 0.000000e+00
1497 0.000000e+00
1498 0.000000e+00
1499 0.000000e+00
1500 4.807473e-07
1501 5.175506e-07
1502 5.058284e-07
1503 4.319927e-07
1504 3.266501e-07
1505 2.463182e-07
1506 1.860877e-07
1507 1.095199e-07
1508 7.006547e-08
1509 4.149048e-08
1510 2.447120e-08
1511 0.000000e+00
1512 0.000000e+00
1513 0.000000e+00
1514 0.000000e+00
1515 3.729256e-07
1516 4.142599e-07
1517 4.238291e-07
1518 3.844481e-07
1519 3.030079e-07
1520 2.247062e-07
1521 1.748302e-07
1522 1.121976e-07
1523 7.163836e-08
1524 4.147311e-08
1525 2.436606e-08
1526 0.000000e+00
1527 0.000000e+00
1528 0.000000e+00
1529 0.000000e+00
1530 2.934183e-07
1531 3.335794e-07
1532 3.528075e-07
1533 3.355649e-07
1534 2.771744e-07
1535 2.065337e-07
1536 1.581842e-07
1537 1.137062e-07
1538 6.715331e-08
1539 4.033424e-08
1540 2.370300e-08
1541 0.000000e+00
1542 0.000000e+00
1543 0.000000e+00
1544 0.000000e+00
1545 2.334364e-07
1546 2.702024e-07
1547 2.930754e-07
1548 2.892449e-07
1549 2.497135e-07
1550 1.896920e-07
1551 1.424273e-07
1552 1.090633e-07
1553 6.363290e-08
1554 4.098951e-08
1555 2.367743e-08
1556 1.329081e-08
1557 0.000000e+00
1558 0.000000e+00
1559 0.000000e+00
1560 1.850501e-07
1561 2.174451e-07
1562 2.407813e-07
1563 2.449398e-07
1564 2.201805e-07
1565 1.720424e-07
1566 1.276715e-07
1567 9.956647e-08
1568 6.201780e-08
1569 4.005036e-08
1570 2.278437e-08
1571 1.287406e-08
1572 0.000000e+00
1573 0.000000e+00
1574 0.000000e+00
1575 1.390495e-07
1576 1.658224e-07
1577 1.873158e-07
1578 1.961204e-07
1579 1.836582e-07
1580 1.490741e-07
1581 1.105953e-07
1582 8.545501e-08
1583 5.901312e-08
1584 3.559606e-08
1585 2.050972e-08
1586 1.181828e-08
1587 0.000000e+00
1588 0.000000e+00
1589 0.000000e+00
1590 9.485632e-08
1591 1.148683e-07
1592 1.324368e-07
1593 1.427256e-07
1594 1.394354e-07
1595 1.188193e-07
1596 8.965765e-08
1597 6.773199e-08
1598 5.105888e-08
1599 2.952458e-08
1600 1.846195e-08
1601 1.048969e-08
1602 5.744740e-09
1603 0.000000e+00
1604 0.000000e+00
1605 7.067062e-09
1606 5.003871e-09
1607 3.408041e-09
1608 2.216598e-09
1609 1.433372e-09
1610 9.409271e-10
1611 6.319361e-10
1612 4.336789e-10
1613 3.001555e-10
1614 2.053673e-10
1615 1.362604e-10
1616 8.637722e-11
1617 5.184555e-11
1618 2.939475e-11
1619 1.580769e-11
1620 1.969633e-08
1621 1.464297e-08
1622 1.047708e-08
1623 7.215879e-09
1624 4.685518e-09
1625 2.996969e-09
1626 1.936022e-09
1627 1.277825e-09
1628 8.652235e-10
1629 5.954153e-10
1630 4.086046e-10
1631 2.738936e-10
1632 1.763102e-10
1633 1.077573e-10
1634 6.221552e-11
1635 3.117899e-08
1636 2.417700e-08
1637 1.774051e-08
1638 1.257619e-08
1639 8.527368e-09
1640 5.443102e-09
1641 3.484025e-09
1642 2.235946e-09
1643 1.474783e-09
1644 9.968764e-10
1645 6.824821e-10
1646 4.641712e-10
1647 3.075642e-10
1648 1.954954e-10
1649 1.180220e-10
1650 4.197036e-08
1651 3.375921e-08
1652 2.541826e-08
1653 1.830743e-08
1654 1.274157e-08
1655 8.359280e-09
1656 5.277138e-09
1657 3.368967e-09
1658 2.174780e-09
1659 1.440091e-09
1660 9.743423e-10
1661 6.628844e-10
1662 4.445953e-10
1663 2.888470e-10
1664 1.794716e-10
1665 5.239689e-08
1666 4.347593e-08
1667 3.359378e-08
1668 2.457584e-08
1669 1.736391e-08
1670 1.170326e-08
1671 7.414976e-09
1672 4.709265e-09
1673 2.988308e-09
1674 1.945716e-09
1675 1.297746e-09
1676 8.772802e-10
1677 5.904530e-10
1678 3.884462e-10
1679 2.461506e-10
1680 6.276288e-08
1681 5.349671e-08
1682 4.239431e-08
1683 3.155095e-08
1684 2.254606e-08
1685 1.550352e-08
1686 9.998042e-09
1687 6.286679e-09
1688 3.965655e-09
1689 2.542484e-09
1690 1.668489e-09
1691 1.116515e-09
1692 7.499553e-10
1693 4.965304e-10
1694 3.189063e-10
1695 7.332483e-08
1696 6.400961e-08
1697 5.196472e-08
1698 3.941208e-08
1699 2.847769e-08
1700 1.986697e-08
1701 1.309108e-08
1702 8.198805e-09
1703 5.167692e-09
1704 3.262749e-09
1705 2.107585e-09
1706 1.391889e-09
1707 9.291683e-10
1708 6.161392e-10
1709 3.991855e-10
1710 8.390734e-08
1711 7.481679e-08
1712 6.212000e-08
1713 4.804080e-08
1714 3.514443e-08
1715 2.478543e-08
1716 1.665472e-08
1717 1.050229e-08
1718 6.587642e-09
1719 4.112381e-09
1720 2.620860e-09
1721 1.707301e-09
1722 1.129006e-09
1723 7.467734e-10
1724 4.859478e-10
1725 9.495509e-08
1726 8.633889e-08
1727 7.324819e-08
1728 5.780426e-08
1729 4.288821e-08
1730 3.053924e-08
1731 2.086243e-08
1732 1.335264e-08
1733 8.319408e-09
1734 5.171413e-09
1735 3.250846e-09
1736 2.085039e-09
1737 1.362431e-09
1738 8.956263e-10
1739 5.831380e-10
1740 1.120113e-07
1741 1.045359e-07
1742 9.135729e-08
1743 7.430663e-08
1744 5.647814e-08
1745 4.083587e-08
1746 2.842529e-08
1747 1.869427e-08
1748 1.164061e-08
1749 7.220075e-09
1750 4.455718e-09
1751 2.795201e-09
1752 1.787072e-09
1753 1.156940e-09
1754 7.485181e-10
1755 2.107089e-07
1756 2.158247e-07
1757 2.101588e-07
1758 1.926644e-07
1759 1.648907e-07
1760 1.311748e-07
1761 9.773303e-08
1762 6.956183e-08
1763 4.749487e-08
1764 3.016311e-08
1765 1.823173e-08
1766 1.083848e-08
1767 6.362290e-09
1768 3.732305e-09
1769 2.209040e-09
