-6.38650652e-11 6.49327822e-10 1.56346617e-09 -2.67167677e-09 3.77813604e-09 -9.51074491e-10
-6.33825907e-11 6.63466545e-10 1.70892357e-09 -2.64387882e-09 3.69261265e-09 -4.87734758e-10
-6.01665520e-11 6.39024645e-10 1.75906022e-09 -2.44261060e-09 3.24461420e-09 -3.20545490e-10
-5.25056605e-11 5.77663761e-10 1.72840423e-09 -2.06711729e-09 2.34206114e-09 -9.33884949e-11
-4.83926677e-11 4.96116712e-10 1.55133613e-09 -1.58824463e-09 1.44049895e-09 7.31042691e-11
-4.93673639e-11 4.06516149e-10 1.26223176e-09 -1.02624266e-09 5.28506541e-10 9.59296874e-11
-5.60695292e-11 3.21755159e-10 9.08404023e-10 -4.32881763e-10 -8.97408121e-11 -2.90542579e-11
-6.75912462e-11 2.54074008e-10 5.30003042e-10 1.51430828e-11 -5.44710548e-10 -1.56594747e-11
-8.41305003e-11 2.18738359e-10 2.76564960e-10 1.72679777e-10 -2.76137620e-10 1.55485653e-10
-1.02918414e-10 2.01658623e-10 8.25002859e-11 1.96748971e-10 -1.56019812e-10 -2.78816369e-11
-1.18907406e-10 1.73440680e-10 -3.17452036e-11 1.13717462e-10 1.37252052e-10 -2.44887135e-11
-1.28375261e-10 1.10528925e-10 -7.19512821e-11 2.40766214e-11 1.04133429e-10 9.06036923e-11
-1.31862020e-10 1.60911194e-11 -6.09752459e-11 -1.05933775e-10 -6.82482249e-11 -1.61828010e-10
-1.28073464e-10 -8.87075308e-11 2.42339300e-12 -5.21776180e-11 -4.37800801e-11 1.39209708e-10
-1.17086764e-10 -1.74734063e-10 1.33853388e-10 1.55397668e-10 9.17542591e-11 -1.08385027e-10
