-5.33087361e-11 4.95543494e-10 -2.82503255e-10 1.27898387e-09 2.32874991e-09 -1.93206030e-09
-5.58680441e-11 5.18020840e-10 -2.96221256e-10 1.34809815e-09 2.43497514e-09 -2.02024377e-09
-5.36934024e-11 4.96178450e-10 -2.82829530e-10 1.29483076e-09 2.33068761e-09 -1.94359465e-09
-5.28104401e-11 4.34653941e-10 -2.15310267e-10 1.17246613e-09 1.97317119e-09 -1.74933866e-09
-4.82288019e-11 2.88782971e-10 -8.04573582e-11 8.59333923e-10 1.24531473e-09 -1.31485881e-09
-4.11019708e-11 1.47878867e-10 4.50829841e-11 5.39472461e-10 4.99468921e-10 -8.21909606e-10
-3.71947183e-11 5.02330995e-11 1.87330745e-10 3.92270082e-10 -3.92785321e-10 -2.79434173e-10
-4.53906892e-11 5.79683727e-11 2.09289772e-10 3.66852068e-10 -6.24947325e-10 7.96282392e-11
0.00000000e+00 0.00000000e+00 0.00000000e+00 0.00000000e+00 0.00000000e+00 0.00000000e+00
0.00000000e+00 0.00000000e+00 0.00000000e+00 0.00000000e+00 0.00000000e+00 0.00000000e+00
0.00000000e+00 0.00000000e+00 0.00000000e+00 0.00000000e+00 0.00000000e+00 0.00000000e+00
0.00000000e+00 0.00000000e+00 0.00000000e+00 0.00000000e+00 0.00000000e+00 0.00000000e+00
0.00000000e+00 0.00000000e+00 0.00000000e+00 0.00000000e+00 0.00000000e+00 0.00000000e+00
0.00000000e+00 0.00000000e+00 0.00000000e+00 0.00000000e+00 0.00000000e+00 0.00000000e+00
0.00000000e+00 0.00000000e+00 0.00000000e+00 0.00000000e+00 0.00000000e+00 0.00000000e+00
-1.43018140e-11 1.48033636e-10 -9.39735579e-11 4.94251278e-10 7.91052672e-10 -8.75370396e-10
-1.87100201e-11 1.91857402e-10 -1.20286929e-10 6.46224280e-10 1.02633464e-09 -1.14840183e-09
-2.04119299e-11 2.07985065e-10 -1.29354488e-10 7.06227097e-10 1.11412037e-09 -1.26022757e-09
-1.96153067e-11 1.98687814e-10 -1.22846052e-10 6.78024780e-10 1.06430333e-09 -1.20772750e-09
-1.92124780e-11 1.83715489e-10 -1.07110780e-10 6.38576849e-10 9.71407596e-10 -1.13633866e-09
-2.00153677e-11 1.11403661e-10 -1.98887902e-11 4.84248468e-10 5.45645697e-10 -8.87870428e-10
-1.71829104e-11 4.45538180e-11 3.07114064e-11 2.85190482e-10 2.53363722e-10 -5.91337090e-10
-1.59356334e-11 -6.41728635e-12 1.22895350e-10 1.95692886e-10 -3.50946559e-10 -2.45044311e-10
-1.80485026e-11 -2.20198695e-11 1.50307543e-10 1.77668612e-10 -4.75898203e-10 8.06262473e-12
0.00000000e+00 0.00000000e+00 0.00000000e+00 0.00000000e+00 0.00000000e+00 0.00000000e+00
0.00000000e+00 0.00000000e+00 0.00000000e+00 0.00000000e+00 0.00000000e+00 0.00000000e+00
0.00000000e+00 0.00000000e+00 0.00000000e+00 0.00000000e+00 0.00000000e+00 0.00000000e+00
0.00000000e+00 0.00000000e+00 0.00000000e+00 0.00000000e+00 0.00000000e+00 0.00000000e+00
0.00000000e+00 0.00000000e+00 0.00000000e+00 0.00000000e+00 0.00000000e+00 0.00000000e+00
0.00000000e+00 0.00000000e+00 0.00000000e+00 0.00000000e+00 0.00000000e+00 0.00000000e+00
-3.79873637e-12 5.41463250e-11 -3.56511532e-11 2.44556204e-10 3.68122580e-10 -5.04227900e-10
-5.73294046e-12 7.86181703e-11 -5.01887749e-11 3.61891786e-10 5.35112020e-10 -7.46721152e-10
-7.20411336e-12 9.64391435e-11 -6.00199839e-11 4.50707088e-10 6.58334684e-10 -9.32683134e-10
-7.53977217e-12 9.91230720e-11 -6.04678670e-11 4.68475032e-10 6.78126068e-10 -9.70850610e-10
-7.17253313e-12 9.28227801e-11 -5.58048888e-11 4.41444898e-10 6.34916028e-10 -9.14541231e-10
-7.74150453e-12 7.77617952e-11 -3.46693529e-11 4.08720669e-10 5.26723289e-10 -8.48140538e-10
-8.54949205e-12 2.63918412e-11 2.04751694e-11 2.66733803e-10 2.45900647e-10 -6.15204006e-10
-8.28385354e-12 -6.22663314e-12 4.78992367e-11 1.52942874e-10 7.87703479e-11 -4.20044623e-10
-7.90558576e-12 -2.62029398e-11 1.11058266e-10 1.26667830e-10 -3.88484958e-10 -1.32066767e-10
-1.14785430e-11 -3.09357036e-11 9.81364748e-11 9.69998681e-11 -2.71529057e-10 -2.32308392e-11
0.00000000e+00 0.00000000e+00 0.00000000e+00 0.00000000e+00 0.00000000e+00 0.00000000e+00
0.00000000e+00 0.00000000e+00 0.00000000e+00 0.00000000e+00 0.00000000e+00 0.00000000e+00
0.00000000e+00 0.00000000e+00 0.00000000e+00 0.00000000e+00 0.00000000e+00 0.00000000e+00
0.00000000e+00 0.00000000e+00 0.00000000e+00 0.00000000e+00 0.00000000e+00 0.00000000e+00
0.00000000e+00 0.00000000e+00 0.00000000e+00 0.00000000e+00 0.00000000e+00 0.00000000e+00
-3.99435680e-13 2.19675220e-11 -1.60096412e-11 1.36271717e-10 2.03205413e-10 -3.01630846e-10
-7.69166440e-13 3.37209115e-11 -2.27300853e-11 2.19359557e-10 3.16995285e-10 -4.86288545e-10
-1.15478709e-12 4.44294350e-11 -2.81594229e-11 2.99773473e-10 4.23426972e-10 -6.63876404e-10
-1.38503883e-12 4.92772383e-11 -2.96427849e-11 3.41355530e-10 4.74953751e-10 -7.59117919e-10
-1.41134579e-12 4.70008120e-11 -2.72021360e-11 3.32747667e-10 4.56692523e-10 -7.40917152e-10
-1.40121455e-12 4.37821150e-11 -2.44621176e-11 3.14717185e-10 4.27428658e-10 -6.98888627e-10
-2.90824048e-12 1.78179560e-11 1.34705143e-11 2.57939706e-10 2.41871622e-10 -5.90230043e-10
-3.37315962e-12 -7.78632697e-12 2.96913066e-11 1.40557140e-10 1.27714614e-10 -4.01325011e-10
-4.08110229e-12 -2.52258399e-11 6.40596280e-11 8.95224190e-11 -1.17180582e-10 -2.25876569e-10
-4.64471264e-12 -3.45945020e-11 8.91155099e-11 8.43275814e-11 -2.83766768e-10 -9.88428874e-12
-8.08814632e-12 -3.73473621e-11 6.82825772e-11 3.98387980e-11 -1.46055994e-10 -3.27739587e-11
0.00000000e+00 0.00000000e+00 0.00000000e+00 0.00000000e+00 0.00000000e+00 0.00000000e+00
0.00000000e+00 0.00000000e+00 0.00000000e+00 0.00000000e+00 0.00000000e+00 0.00000000e+00
0.00000000e+00 0.00000000e+00 0.00000000e+00 0.00000000e+00 0.00000000e+00 0.00000000e+00
0.00000000e+00 0.00000000e+00 0.00000000e+00 0.00000000e+00 0.00000000e+00 0.00000000e+00
7.53364730e-13 9.63496376e-12 -8.65973259e-12 8.02742082e-11 1.26363522e-10 -1.94542039e-10
1.17770978e-12 1.46946026e-11 -1.16851621e-11 1.37558541e-10 2.05726578e-10 -3.33735261e-10
1.62757555e-12 1.97936220e-11 -1.41768692e-11 2.01100143e-10 2.91004145e-10 -4.87525261e-10
1.92986816e-12 2.27871746e-11 -1.47858611e-11 2.46526990e-10 3.48771753e-10 -6.01855670e-10
1.92370481e-12 2.22036897e-11 -1.31973006e-11 2.53117739e-10 3.51333825e-10 -6.17700067e-10
1.74575987e-12 2.00317553e-11 -1.09736015e-11 2.37380540e-10 3.24552146e-10 -5.79911926e-10
1.11270501e-12 1.15737426e-11 2.30810468e-12 2.18366221e-10 2.56678171e-10 -5.40601941e-10
-3.63235842e-13 -1.00967561e-11 2.36670864e-11 1.32764238e-10 1.34844124e-10 -3.91606310e-10
-1.25963745e-12 -2.24205464e-11 3.36243231e-11 7.19431128e-11 6.41319230e-11 -2.85669730e-10
-1.80346188e-12 -2.29239826e-11 6.53743071e-11 7.43897810e-11 -2.19625129e-10 -9.63749483e-11
-3.73373269e-12 -3.06739245e-11 5.27925778e-11 4.61426332e-11 -1.10812672e-10 -2.95763650e-11
0.00000000e+00 0.00000000e+00 0.00000000e+00 0.00000000e+00 0.00000000e+00 0.00000000e+00
0.00000000e+00 0.00000000e+00 0.00000000e+00 0.00000000e+00 0.00000000e+00 0.00000000e+00
0.00000000e+00 0.00000000e+00 0.00000000e+00 0.00000000e+00 0.00000000e+00 0.00000000e+00
0.00000000e+00 0.00000000e+00 0.00000000e+00 0.00000000e+00 0.00000000e+00 0.00000000e+00
1.03351794e-12 4.72266188e-12 -5.60940205e-12 4.81431339e-11 8.46279274e-11 -1.31564834e-10
1.79045365e-12 6.74840737e-12 -6.94093464e-12 8.62417337e-11 1.43055967e-10 -2.40243550e-10
2.67006492e-12 8.54109013e-12 -7.56101729e-12 1.33402299e-10 2.10311610e-10 -3.72394440e-10
3.41653806e-12 9.47406385e-12 -7.10588626e-12 1.74220993e-10 2.65325077e-10 -4.91712992e-10
3.66690299e-12 8.93618279e-12 -5.43318523e-12 1.89306998e-10 2.81262457e-10 -5.35896665e-10
3.44398821e-12 7.50797381e-12 -3.56602588e-12 1.79803439e-10 2.61728762e-10 -5.12091990e-10
3.20955587e-12 6.10189256e-12 -1.62441873e-12 1.70892018e-10 2.42565465e-10 -4.86471303e-10
1.80287607e-12 -9.52012988e-12 1.89932240e-11 1.24774610e-10 1.37143695e-10 -3.97416417e-10
6.41497495e-13 -1.72583720e-11 2.02330804e-11 6.27107103e-11 1.02692492e-10 -2.83180822e-10
-2.38365632e-13 -1.89476551e-11 4.08784906e-11 5.11746531e-11 -9.35224828e-11 -1.41573824e-10
-1.23817505e-12 -2.34374700e-11 4.39516381e-11 4.58577729e-11 -1.02936077e-10 -2.88702451e-11
0.00000000e+00 0.00000000e+00 0.00000000e+00 0.00000000e+00 0.00000000e+00 0.00000000e+00
0.00000000e+00 0.00000000e+00 0.00000000e+00 0.00000000e+00 0.00000000e+00 0.00000000e+00
0.00000000e+00 0.00000000e+00 0.00000000e+00 0.00000000e+00 0.00000000e+00 0.00000000e+00
0.00000000e+00 0.00000000e+00 0.00000000e+00 0.00000000e+00 0.00000000e+00 0.00000000e+00
9.63970249e-13 3.04787714e-12 -4.60430677e-12 2.91705822e-11 6.04723073e-11 -9.14383695e-11
1.75011889e-12 4.05147142e-12 -5.80641491e-12 5.50848465e-11 1.04976610e-10 -1.75695714e-10
2.75930758e-12 4.73914757e-12 -6.33663655e-12 8.84757941e-11 1.59723829e-10 -2.83209360e-10
3.74256518e-12 4.81198336e-12 -5.78321418e-12 1.20505492e-10 2.10413838e-10 -3.88770976e-10
4.23957125e-12 4.12927811e-12 -4.14462100e-12 1.38747140e-10 2.34499791e-10 -4.52567973e-10
4.10077699e-12 2.99307041e-12 -2.24879347e-12 1.34997860e-10 2.23307467e-10 -4.40569157e-10
3.82424391e-12 2.03006875e-12 -8.75405233e-13 1.26233148e-10 2.05113310e-10 -4.15992056e-10
3.02742289e-12 -5.94096821e-12 1.20671598e-11 1.07855677e-10 1.37931251e-10 -3.68326969e-10
1.59031452e-12 -1.34775852e-11 1.34348576e-11 5.21447270e-11 1.09334800e-10 -2.63462110e-10
7.18985420e-13 -1.65374098e-11 2.36295436e-11 3.42968836e-11 1.49384624e-11 -1.76341981e-10
1.65877557e-14 -1.54052400e-11 3.61451058e-11 4.51008757e-11 -9.89853353e-11 -4.51862198e-11
-9.91928987e-13 -2.07395744e-11 2.49784567e-11 1.90700385e-11 -1.37299230e-11 -3.73968544e-11
0.00000000e+00 0.00000000e+00 0.00000000e+00 0.00000000e+00 0.00000000e+00 0.00000000e+00
0.00000000e+00 0.00000000e+00 0.00000000e+00 0.00000000e+00 0.00000000e+00 0.00000000e+00
0.00000000e+00 0.00000000e+00 0.00000000e+00 0.00000000e+00 0.00000000e+00 0.00000000e+00
7.77259841e-13 2.60136800e-12 -4.33630078e-12 1.77173732e-11 4.50916884e-11 -6.24673441e-11
1.48136615e-12 3.46045283e-12 -5.71334427e-12 3.51169103e-11 8.06487262e-11 -1.20742029e-10
2.44368320e-12 4.06147595e-12 -6.73762597e-12 5.66009872e-11 1.25155351e-10 -2.04370800e-10
3.45437219e-12 4.28266383e-12 -7.03069053e-12 8.13802141e-11 1.71753661e-10 -2.94518481e-10
4.13569390e-12 3.73346038e-12 -6.26805556e-12 9.71601643e-11 1.99260608e-10 -3.54664610e-10
4.14588472e-12 2.68060495e-12 -4.40822102e-12 9.76833694e-11 1.95639686e-10 -3.61665573e-10
3.84197290e-12 1.69173050e-12 -2.76122709e-12 9.13527372e-11 1.78469970e-10 -3.38869447e-10
3.44282549e-12 -1.97661642e-12 3.25268186e-12 8.28306754e-11 1.45598355e-10 -3.17001507e-10
2.14308321e-12 -9.16870271e-12 7.24438821e-12 4.34975188e-11 1.15169276e-10 -2.40208505e-10
1.29135490e-12 -1.30768344e-11 9.27649162e-12 1.86972549e-11 9.31730928e-11 -1.85763794e-10
6.68139289e-13 -7.91788064e-12 2.48492195e-11 3.80503818e-11 -7.10546405e-11 -7.38085144e-11
-1.26108528e-13 -1.33980952e-11 1.74700504e-11 1.98331683e-11 -2.48264525e-12 -3.30480881e-11
0.00000000e+00 0.00000000e+00 0.00000000e+00 0.00000000e+00 0.00000000e+00 0.00000000e+00
0.00000000e+00 0.00000000e+00 0.00000000e+00 0.00000000e+00 0.00000000e+00 0.00000000e+00
0.00000000e+00 0.00000000e+00 0.00000000e+00 0.00000000e+00 0.00000000e+00 0.00000000e+00
5.31046910e-13 2.05773848e-12 -3.45050456e-12 9.55135030e-12 3.04317888e-11 -3.66207237e-11
1.06793378e-12 2.90623916e-12 -4.98967949e-12 1.87314974e-11 5.55285507e-11 -7.54397818e-11
1.83582209e-12 3.67325744e-12 -6.39530719e-12 3.19196854e-11 8.96858738e-11 -1.32672540e-10
2.71734334e-12 4.03970246e-12 -7.20763254e-12 4.79884808e-11 1.27148298e-10 -2.02986664e-10
3.43050596e-12 3.87861041e-12 -7.14110683e-12 5.99671987e-11 1.54859790e-10 -2.58179537e-10
3.61068399e-12 3.10361253e-12 -5.98394021e-12 6.27653249e-11 1.58457289e-10 -2.73984871e-10
3.36926651e-12 2.12709680e-12 -4.32057584e-12 5.84310410e-11 1.44514662e-10 -2.57249250e-10
3.17061778e-12 1.04443180e-12 -2.53804150e-12 5.52784649e-11 1.31983596e-10 -2.46380303e-10
2.31298280e-12 -5.00927009e-12 1.86961685e-12 3.21256042e-11 1.12245456e-10 -2.06866145e-10
1.43093296e-12 -8.60670900e-12 2.55918342e-13 6.71759849e-12 1.16782392e-10 -1.61851472e-10
8.60381353e-13 -5.44754149e-12 1.01682199e-11 1.62104531e-11 2.57334438e-12 -8.35646495e-11
3.36614211e-13 -7.22904952e-12 1.01513923e-11 1.50073714e-11 7.85107493e-12 -3.15510039e-11
0.00000000e+00 0.00000000e+00 0.00000000e+00 0.00000000e+00 0.00000000e+00 0.00000000e+00
0.00000000e+00 0.00000000e+00 0.00000000e+00 0.00000000e+00 0.00000000e+00 0.00000000e+00
0.00000000e+00 0.00000000e+00 0.00000000e+00 0.00000000e+00 0.00000000e+00 0.00000000e+00
2.95383898e-13 1.34286224e-12 -2.34637649e-12 4.12120248e-12 1.68189767e-11 -1.92111257e-11
6.33846899e-13 2.01173900e-12 -3.62867151e-12 8.07655169e-12 3.18429080e-11 -4.49296163e-11
1.14227928e-12 2.77540868e-12 -5.09965818e-12 1.46081514e-11 5.38981614e-11 -8.31827480e-11
1.77540921e-12 3.31902169e-12 -6.24355445e-12 2.18802568e-11 7.91153846e-11 -1.32962467e-10
2.37053896e-12 3.52890255e-12 -6.89268847e-12 2.83605909e-11 1.01169143e-10 -1.80640363e-10
2.64590833e-12 3.13911450e-12 -6.54721968e-12 3.13094078e-11 1.08941655e-10 -2.04103397e-10
2.53403426e-12 2.45414236e-12 -5.32099704e-12 2.98708863e-11 1.02005536e-10 -1.96979462e-10
2.37159316e-12 1.85078228e-12 -4.26189867e-12 2.77563107e-11 9.34100712e-11 -1.85785925e-10
2.02081531e-12 -8.53427485e-13 -9.22096274e-13 2.06739475e-11 7.69607483e-11 -1.68302073e-10
1.23399832e-12 -4.50343913e-12 -2.62564937e-12 1.77086870e-13 9.02830821e-11 -1.29747319e-10
8.38682208e-13 -3.99048548e-12 1.13369189e-12 1.18039139e-12 4.65993877e-11 -8.88624519e-11
4.96074722e-13 -2.78748197e-12 5.21583536e-12 9.61083481e-12 4.02135280e-12 -3.78747624e-11
1.78313877e-13 -4.46927957e-12 1.46748583e-12 6.52702633e-13 3.38923476e-11 -2.12533417e-11
0.00000000e+00 0.00000000e+00 0.00000000e+00 0.00000000e+00 0.00000000e+00 0.00000000e+00
0.00000000e+00 0.00000000e+00 0.00000000e+00 0.00000000e+00 0.00000000e+00 0.00000000e+00
-1.49357051e-12 9.82416639e-12 -1.61278227e-12 2.34920647e-11 4.40387177e-11 -2.38226445e-11
-1.53383256e-12 8.44591325e-12 -4.91348113e-13 2.00578447e-11 3.38874871e-11 -2.04149797e-11
-1.59952103e-12 7.28055980e-12 7.06990402e-13 1.61604190e-11 2.44147151e-11 -8.22115362e-12
-1.71031905e-12 6.58450672e-12 1.43316507e-12 1.31582158e-11 1.66038563e-11 -1.20525446e-12
-1.87503574e-12 6.53988438e-12 1.62458868e-12 1.13681759e-11 1.18629336e-11 2.75152741e-12
-2.05998611e-12 6.81010658e-12 1.39734351e-12 1.00879848e-11 9.78194947e-12 6.07378019e-12
-2.21830370e-12 7.04703502e-12 9.48656767e-13 8.90323333e-12 9.40230880e-12 6.02098962e-12
-2.28479280e-12 6.85309932e-12 4.36921140e-13 7.31956497e-12 8.42809252e-12 4.76679103e-12
-2.22200156e-12 6.15494501e-12 -2.21884645e-13 5.04010468e-12 6.57322141e-12 2.62910116e-12
-2.01412662e-12 4.91419607e-12 -9.52037927e-13 2.19476994e-12 3.88780796e-12 1.03338024e-12
-1.68221590e-12 3.29891979e-12 -1.57268996e-12 -3.52236068e-13 8.12413649e-13 -6.21232483e-13
-1.28315069e-12 1.67434352e-12 -2.05824017e-12 -1.53316853e-12 -1.76375403e-12 -1.22741739e-12
-8.90370525e-13 3.98110607e-13 -2.24992248e-12 -6.95178138e-13 -2.49030231e-12 -1.53818091e-12
-5.64672694e-13 -3.62459867e-13 -2.12973479e-12 1.17205940e-12 -1.69486731e-12 -2.14981984e-12
-3.26760080e-13 -6.33584347e-13 -1.70372265e-12 2.45031070e-12 -1.02002386e-12 -2.21997303e-12
-2.47795347e-12 1.83561093e-11 -5.03002401e-12 4.56009386e-11 8.58045203e-11 -5.52505158e-11
-2.51067493e-12 1.63959826e-11 -3.37049412e-12 4.01146532e-11 7.18434084e-11 -4.42366403e-11
-2.54416105e-12 1.43232715e-11 -1.66612947e-12 3.39174975e-11 5.66784089e-11 -3.09038204e-11
-2.59962618e-12 1.19230771e-11 5.27431779e-13 2.72704544e-11 3.88160877e-11 -1.85171337e-11
-2.74459576e-12 1.01524108e-11 2.38115050e-12 2.13788720e-11 2.30012921e-11 -5.63292695e-12
-2.98154016e-12 9.68227833e-12 3.34206400e-12 1.79459844e-11 1.29301115e-11 3.75769317e-12
-3.31290778e-12 9.85528233e-12 3.35055191e-12 1.69990894e-11 7.75029343e-12 1.03222966e-11
-3.61838475e-12 1.04025952e-11 2.72651972e-12 1.33822083e-11 7.63794992e-12 9.60197147e-12
-3.81367380e-12 1.03755154e-11 1.90638576e-12 1.24556054e-11 7.30769477e-12 5.68696021e-12
-3.81695085e-12 9.52771362e-12 7.86306846e-13 8.15114003e-12 6.60760844e-12 3.20732205e-12
-3.58000060e-12 7.63431236e-12 -3.95883540e-13 3.17809325e-12 4.66315647e-12 1.91433548e-12
-3.09726282e-12 5.07578181e-12 -1.79115405e-12 -1.19865036e-12 1.47244060e-12 -1.30944496e-12
-2.44582517e-12 2.43623523e-12 -2.95997893e-12 -2.96451029e-12 -2.55570465e-12 -5.00902955e-13
-1.75528980e-12 3.11774280e-13 -3.60477860e-12 -4.33235095e-13 -2.90347981e-12 -1.06749582e-12
-1.15014132e-12 -1.00875864e-12 -3.52620742e-12 3.47839180e-12 -1.44293288e-12 -2.66430327e-12
-3.07937973e-12 2.38329194e-11 -7.94455766e-12 5.87470153e-11 1.11161596e-10 -7.26236411e-11
-3.10258553e-12 2.16579989e-11 -6.09347970e-12 5.36464534e-11 9.65743042e-11 -6.32456362e-11
-3.10166820e-12 1.87718451e-11 -3.59317244e-12 4.62558255e-11 7.71644473e-11 -4.94676274e-11
-3.12935134e-12 1.56088620e-11 -7.74633149e-13 3.78250616e-11 5.52397911e-11 -3.33586164e-11
-3.24758640e-12 1.29202075e-11 2.05009354e-12 3.00298987e-11 3.42073332e-11 -1.80819533e-11
-3.46513546e-12 1.14440402e-11 3.97878424e-12 2.40513728e-11 1.74868039e-11 -2.40015769e-12
-3.80626943e-12 1.11059551e-11 4.84177666e-12 2.07803988e-11 7.00287778e-12 6.02909573e-12
-4.18738472e-12 1.16404986e-11 5.02849481e-12 1.79462928e-11 2.91059466e-12 1.04810469e-11
-4.55736968e-12 1.18710261e-11 3.95375989e-12 1.57325521e-11 4.69035131e-12 8.23582513e-12
-4.72626107e-12 1.11845934e-11 2.61681869e-12 1.14508936e-11 4.87105062e-12 3.72361178e-12
-4.64708232e-12 9.45132653e-12 1.18757357e-12 5.68793232e-12 3.98485086e-12 1.13123520e-12
-4.26133941e-12 6.69631041e-12 -4.90002998e-13 -1.05383489e-13 3.36907158e-12 -1.36053387e-12
-3.60141368e-12 3.61657643e-12 -2.32449969e-12 -3.39625423e-12 -9.20019482e-13 -1.56447127e-12
-2.78722914e-12 8.12604505e-13 -3.63159164e-12 -1.44173635e-12 -2.47376116e-12 -4.13536392e-13
-1.96697315e-12 -1.20030674e-12 -4.16210448e-12 3.56360310e-12 -1.04462683e-12 -1.10982718e-12
-3.44184611e-12 2.72714196e-11 -9.78283719e-12 6.82743519e-11 1.27867503e-10 -8.72095552e-11
-3.65638438e-12 2.40980159e-11 -5.64031143e-12 6.19576742e-11 1.04143446e-10 -7.41004100e-11
-3.49463876e-12 2.23028247e-11 -5.40172686e-12 5.67463186e-11 9.44878209e-11 -6.61741065e-11
-3.51753802e-12 1.87978047e-11 -2.19042176e-12 4.74256324e-11 7.05944517e-11 -4.90400978e-11
-3.59953371e-12 1.52607141e-11 1.32392583e-12 3.79471888e-11 4.50635647e-11 -3.10763522e-11
-3.82263971e-12 1.29707304e-11 4.32784493e-12 2.97079838e-11 2.30677454e-11 -1.23145104e-11
-4.16864357e-12 1.19608399e-11 5.70480415e-12 2.43045588e-11 6.75120132e-12 2.71343907e-12
-4.60541653e-12 1.20841049e-11 6.35441302e-12 2.20766609e-11 1.86776291e-13 7.82268961e-12
-5.05052810e-12 1.24997924e-11 5.72642897e-12 1.87838384e-11 1.23108093e-13 7.71224453e-12
-5.35745590e-12 1.20015304e-11 4.48022783e-12 1.42689722e-11 1.81600101e-12 4.13760652e-12
-5.39589216e-12 1.03904485e-11 2.94012833e-12 7.83933732e-12 3.29725816e-12 1.40746880e-12
-5.11050357e-12 7.53294504e-12 8.72115304e-13 9.31633059e-13 2.10007046e-12 -1.49893274e-12
-4.50633299e-12 4.10998394e-12 -1.29995084e-12 -3.58230374e-12 1.78164008e-13 -1.98578968e-12
-3.66049547e-12 9.14139093e-13 -3.15918165e-12 -2.36063835e-12 -2.27362688e-12 9.97571930e-13
-2.72144866e-12 -1.53614869e-12 -4.21687015e-12 3.40991026e-12 -5.52415145e-13 -4.51312590e-13
-3.57312203e-12 3.00177706e-11 -1.21085863e-11 7.69843887e-11 1.45613648e-10 -1.04666415e-10
-3.85013611e-12 2.84661255e-11 -9.68454161e-12 7.34165883e-11 1.29140944e-10 -9.34146511e-11
-3.65068314e-12 2.60435746e-11 -5.24570659e-12 6.56534219e-11 1.03645680e-10 -2.06442923e-11
-3.78233111e-12 2.14088405e-11 -3.71752758e-12 5.63254125e-11 8.51008784e-11 -6.47853222e-11
-3.89564515e-12 1.76334721e-11 5.48177464e-13 4.50545542e-11 5.55356995e-11 -4.20729591e-11
-4.06534483e-12 1.47471341e-11 4.73676964e-12 3.32887856e-11 2.74279632e-11 -1.59701351e-11
-4.45756907e-12 1.24687827e-11 6.53976878e-12 3.31824360e-11 1.23826353e-11 -4.53483772e-12
-4.90773665e-12 1.25109238e-11 7.58947055e-12 2.41353698e-11 -3.25579137e-12 7.26624983e-12
-5.43070710e-12 1.28160610e-11 7.55584430e-12 2.14350146e-11 -4.38370691e-12 7.55237610e-12
-5.83847830e-12 1.23470583e-11 6.07391681e-12 1.65341174e-11 -8.04397383e-13 2.73903741e-12
-5.97493765e-12 1.07165156e-11 4.37908601e-12 9.14665616e-12 5.11901422e-13 2.28541504e-12
-5.78335784e-12 7.88237749e-12 2.47375443e-12 2.00412157e-12 1.56950033e-12 -6.59676481e-13
-5.24440133e-12 4.17118626e-12 -5.23041819e-14 -3.59648918e-12 3.90502128e-13 -3.05214807e-12
-4.41628875e-12 7.13167526e-13 -2.30607854e-12 -2.73772076e-12 -1.86079873e-12 1.48382471e-12
-3.41680339e-12 -2.07852402e-12 -3.87653140e-12 3.32679572e-12 5.26631508e-13 1.02212055e-12
-3.90890760e-12 3.18569422e-11 -1.22834747e-11 8.23069829e-11 1.52201385e-10 -1.10897744e-10
-4.02290917e-12 3.05112127e-11 -1.08927549e-11 8.09180322e-11 1.42629189e-10 -1.08664195e-10
-4.01309293e-12 2.73219115e-11 -8.04329831e-12 7.44181692e-11 1.22629941e-10 -9.81189442e-11
-4.01679492e-12 2.33561536e-11 -4.48695408e-12 6.43125483e-11 9.61554958e-11 -7.98001535e-11
-4.13693737e-12 1.93646535e-11 -3.24075309e-13 5.29190181e-11 6.60932717e-11 -5.64521480e-11
-4.32262329e-12 1.56469375e-11 4.16131976e-12 4.25753277e-11 3.78507939e-11 -3.57297478e-11
-4.73956831e-12 1.30047719e-11 7.07944921e-12 3.14289834e-11 1.61396562e-11 -1.30248251e-11
-5.18205571e-12 1.25801867e-11 8.71675761e-12 2.86026005e-11 -2.02574335e-12 -1.78169409e-12
-5.72163817e-12 1.28804906e-11 9.17451147e-12 2.37918807e-11 -9.42345752e-12 6.68896690e-12
-6.20995879e-12 1.25620414e-11 7.82625837e-12 1.83207611e-11 -5.77203719e-12 4.51785375e-12
-6.45550187e-12 1.08392746e-11 6.00266540e-12 1.03728568e-11 -1.65676299e-12 1.09683097e-12
-6.34997357e-12 7.87913586e-12 3.85001615e-12 2.24243269e-12 4.85615667e-13 -1.80524320e-12
-5.87440183e-12 4.03369674e-12 1.04802201e-12 -4.00547923e-12 2.29538184e-13 -1.43573768e-12
-5.07719664e-12 2.20142332e-13 -1.32081241e-12 -3.22927674e-12 -1.67179132e-12 1.37837735e-12
-4.05665948e-12 -2.83887806e-12 -3.37924500e-12 3.22631677e-12 1.16383766e-12 6.32744816e-13
-4.18270537e-12 3.47545794e-11 -1.42100472e-11 8.82866113e-11 1.65458909e-10 -1.16350164e-10
-4.38123093e-12 3.23434567e-11 -1.09127975e-11 8.68640111e-11 1.49273681e-10 -1.16105930e-10
-4.13353202e-12 2.88595705e-11 -8.84056238e-12 8.23801580e-11 1.33856846e-10 -1.15073414e-10
-4.22565936e-12 2.54997525e-11 -5.71781168e-12 7.23601040e-11 1.09241860e-10 -9.48516325e-11
-4.27544228e-12 2.04619468e-11 -3.95009413e-13 6.00752345e-11 7.42183884e-11 -7.12831730e-11
-4.48674190e-12 1.68287895e-11 3.75826466e-12 4.84964201e-11 4.43017302e-11 -4.65929384e-11
-4.84532801e-12 1.39088908e-11 7.97657229e-12 3.82032216e-11 1.57792761e-11 -2.31434904e-11
-5.36622429e-12 1.29033752e-11 1.02123900e-11 3.12245036e-11 -2.82717637e-12 -5.20242314e-12
-5.97329482e-12 1.29143093e-11 1.08154858e-11 2.64442825e-11 -1.20832524e-11 3.21472282e-12
-6.53788589e-12 1.24957603e-11 9.64136291e-12 2.04419843e-11 -1.02869212e-11 4.20369549e-12
-6.85901041e-12 1.07787523e-11 7.59423089e-12 1.18793486e-11 -4.09536910e-12 -3.45508623e-13
-6.83149534e-12 7.56405777e-12 5.27233419e-12 2.44617553e-12 -1.51549790e-12 -3.49166073e-12
-6.42473917e-12 3.55770492e-12 2.46506502e-12 -4.05868621e-12 8.79981111e-13 -3.61871792e-12
-5.66976826e-12 -4.52145873e-13 -2.99896279e-13 -3.63317912e-12 -1.48471582e-12 1.71511247e-12
-4.64842018e-12 -3.80598931e-12 -2.59237495e-12 3.33793002e-12 1.93603259e-12 1.42479764e-12
-4.28398515e-12 3.58440016e-11 -1.47146741e-11 9.33947151e-11 1.72758764e-10 -1.27469576e-10
-4.29661475e-12 3.38651843e-11 -1.27571165e-11 9.44371955e-11 1.63919629e-10 -1.35014118e-10
-4.11579895e-12 2.93006714e-11 -8.86183219e-12 8.94853699e-11 1.41783509e-10 -1.34548768e-10
-4.24708311e-12 2.73121165e-11 -7.08257229e-12 8.11876878e-11 1.23968747e-10 -1.13738914e-10
-4.36313906e-12 2.20736238e-11 -1.41596352e-12 6.78148608e-11 8.67607617e-11 -8.77985058e-11
-4.59858255e-12 1.78096090e-11 3.63942015e-12 5.49767887e-11 5.24055660e-11 -6.04851108e-11
-4.99940118e-12 1.44612999e-11 8.29095416e-12 4.30889053e-11 2.02563522e-11 -3.30388486e-11
-5.52570173e-12 1.29396878e-11 1.15333265e-11 3.50023677e-11 -2.60389295e-13 -1.48670426e-11
-6.13823900e-12 1.28752253e-11 1.24906066e-11 2.97551440e-11 -1.55002067e-11 2.28176855e-11
-6.77281818e-12 1.25388783e-11 1.13507205e-11 2.08453380e-11 -1.36042089e-11 5.43620946e-12
-7.20945541e-12 1.04874973e-11 9.00519253e-12 1.29590814e-11 -6.44875799e-12 -5.72856794e-13
-7.26131043e-12 7.25058514e-12 6.85594371e-12 3.54306727e-12 -2.54369765e-12 -4.13438936e-12
-6.90639242e-12 3.05940251e-12 3.84982063e-12 -4.02537721e-12 -1.78016895e-12 -5.59891314e-12
-6.19536647e-12 -1.33726411e-12 8.30998615e-13 -4.24941670e-12 -4.83559039e-13 -5.82639904e-13
-5.18169840e-12 -4.90738427e-12 -1.65636771e-12 3.27555762e-12 2.10897488e-12 2.55085799e-12
-4.29750831e-12 3.63044959e-11 -1.49233521e-11 9.76143602e-11 1.78122527e-10 -1.38829859e-10
-4.46530198e-12 3.57310061e-11 -1.39058054e-11 1.00626881e-10 1.74636800e-10 -1.46006302e-10
-4.48527630e-12 3.30067760e-11 -1.12555913e-11 9.73320618e-11 1.59195708e-10 -1.43283061e-10
-4.38394849e-12 3.00129716e-11 -1.30547248e-11 8.26033940e-11 1.29320952e-10 -1.08215592e-10
-4.49878693e-12 2.37213853e-11 -2.36561656e-12 7.52940478e-11 9.84245215e-11 -1.03506372e-10
-4.58342178e-12 1.79755465e-11 4.01594979e-12 6.14068565e-11 5.88139041e-11 -7.77944911e-11
-5.12970132e-12 1.48514326e-11 8.89813595e-12 4.73808047e-11 2.18586289e-11 -3.95380887e-11
-5.64419896e-12 1.29286920e-11 1.21744645e-11 3.79410338e-11 -7.02690619e-13 -2.07678253e-11
-6.31877296e-12 1.26767857e-11 1.39056983e-11 2.97400128e-11 -1.58082880e-11 -2.54582863e-12
-7.02944814e-12 1.21040194e-11 1.30307069e-11 2.45209496e-11 -1.86694931e-11 4.88693115e-13
-7.50167584e-12 1.03279177e-11 1.07779318e-11 1.32049512e-11 -1.10741234e-11 2.73310574e-12
-7.61683357e-12 6.90979935e-12 8.20081195e-12 4.08962375e-12 -3.21063384e-12 -5.31138364e-12
-7.33819692e-12 2.35649812e-12 5.00251981e-12 -4.13043571e-12 -1.10182083e-12 -2.10868683e-12
-6.66365131e-12 -2.37456506e-12 1.98385019e-12 -4.45098316e-12 -2.21984418e-13 1.10248439e-13
-5.66559177e-12 -6.09427285e-12 -6.67697786e-13 3.49144552e-12 2.11656193e-12 2.34980746e-13
-4.50467049e-12 3.83793396e-11 -1.59844399e-11 1.04226261e-10 1.88934212e-10 -1.49323626e-10
-4.53849285e-12 3.75367960e-11 -1.49640133e-11 1.08909197e-10 1.88485309e-10 -1.63321102e-10
-4.41486441e-12 3.51048001e-11 -1.32634541e-11 1.08339680e-10 1.79412682e-10 -1.69649802e-10
-4.53195659e-12 3.05634167e-11 -8.36689579e-12 9.87580657e-11 1.50547604e-10 -1.54803408e-10
-4.44283952e-12 2.48412421e-11 -2.35761845e-12 8.59443076e-11 1.12694589e-10 -1.24595828e-10
-4.70124346e-12 1.99538336e-11 3.01587630e-12 7.15230981e-11 7.54489474e-11 -1.01001098e-10
-5.11879451e-12 1.55155831e-11 8.94015264e-12 5.68991958e-11 3.63427841e-11 -6.87967520e-11
-5.74141630e-12 1.28652566e-11 1.33239565e-11 4.46170995e-11 4.77916864e-12 -3.94079212e-11
-6.52593793e-12 1.20013971e-11 1.54459931e-11 3.53437180e-11 -1.41079386e-11 -1.81327794e-11
-7.32585535e-12 1.14408344e-11 1.51525167e-11 2.90249689e-11 -2.01094472e-11 -9.36326997e-12
-7.88032881e-12 9.68771982e-12 1.31929250e-11 1.71319431e-11 -1.49190582e-11 -3.45980751e-12
-8.09677323e-12 6.00108270e-12 1.02180944e-11 5.38836192e-12 -4.85243901e-12 -5.10159037e-12
-7.89105257e-12 1.26887682e-12 6.96699682e-12 -4.13153828e-12 -2.03161663e-12 -3.91394948e-12
-7.27050885e-12 -3.81953151e-12 3.89358739e-12 -4.98850986e-12 1.65744119e-13 1.39674280e-12
-6.30864985e-12 -7.91857228e-12 8.59448088e-13 3.93261642e-12 3.29635032e-12 1.93734086e-12
-4.89479017e-12 4.50490304e-11 -2.06690337e-11 1.27617324e-10 2.34293221e-10 -1.99185010e-10
-4.86036989e-12 4.57874063e-11 -2.09977189e-11 1.41425463e-10 2.49397125e-10 -2.43092197e-10
-4.61257198e-12 4.37586071e-11 -1.92409735e-11 1.47400049e-10 2.51809576e-10 -2.72557129e-10
-4.02470143e-12 3.91088558e-11 -1.54975862e-11 1.46350673e-10 2.43323297e-10 -3.02308647e-10
-3.69419060e-12 3.29148499e-11 -9.71459259e-12 1.34882675e-10 2.14322244e-10 -3.03439345e-10
-3.73709731e-12 2.59240280e-11 -1.67130230e-12 1.16444123e-10 1.69470098e-10 -2.83179169e-10
-4.20509528e-12 1.90688020e-11 7.33097697e-12 9.60100161e-11 1.12823849e-10 -2.39404642e-10
-5.03622960e-12 1.35158113e-11 1.55988481e-11 7.14359744e-11 5.70981745e-11 -1.89249924e-10
-6.25311791e-12 1.05142760e-11 1.91247674e-11 5.43036501e-11 1.96369116e-11 -1.36798604e-10
-7.64123042e-12 8.83796710e-12 2.21956635e-11 3.88789453e-11 -3.52095485e-12 -9.36808142e-11
-8.82393320e-12 6.72131518e-12 2.19424571e-11 2.57779139e-11 -1.42740777e-11 -5.59225765e-11
-9.51796152e-12 2.47586829e-12 1.96764697e-11 1.28573146e-11 -1.13545353e-11 -3.70079425e-11
-9.76507250e-12 -3.59197885e-12 1.50260636e-11 -1.54309540e-12 2.88952158e-12 -1.41188606e-11
-9.46923192e-12 -1.04860997e-11 9.98208527e-12 -5.99450466e-12 1.22350241e-11 -6.53220484e-12
-8.64000670e-12 -1.62674410e-11 5.99262022e-12 2.69630702e-12 2.14157459e-11 -7.76452470e-13
